"","","Sbj_fixation_timepoints","Sbj_fix_durations","Sbj_stimuli_timepoints","Sbj_durations","Sbj_choice_timepoints","Sbj_choice_durations","Sbj_record_timepoints"
"1",1,1484905,1438,1486343,2814,1489157,2404,1491561
"2",1,1492078,1563,1493641,1783,1495424,3435,1498859
"3",1,1499352,1272,1500624,3117,1503741,2101,1505842
"4",1,1506356,1935,1508291,2833,1511124,2385,1513509
"5",1,1514036,1272,1515308,3350,1518658,1868,1520526
"6",1,1521041,2717,1523758,1500,1525258,3718,1528976
"7",1,1529493,1298,1530791,1667,1532458,3551,1536009
"8",1,1536518,1690,1538208,4067,1542275,1151,1543426
"9",1,1543935,1673,1545608,3867,1549475,1351,1550826
"10",1,1551350,2225,1553575,1683,1555258,3535,1558793
"11",1,1559289,2719,1562008,1834,1563842,3384,1567226
"12",1,1567722,2386,1570108,4601,1574709,1016,1575725
"13",1,1576216,1126,1577342,1833,1579175,3385,1582560
"14",1,1583076,1266,1584342,2234,1586576,2984,1589560
"15",1,1590079,1280,1591359,1533,1592892,3685,1596577
"16",1,1597080,1996,1599076,1900,1600976,3318,1604294
"17",1,1604800,2442,1607242,2334,1609576,2884,1612460
"18",1,1612961,1265,1614226,2683,1616909,2535,1619444
"19",1,1619961,1265,1621226,2117,1623343,3101,1626444
"20",1,1626931,1295,1628226,1767,1629993,3451,1633444
"21",1,1633934,1309,1635243,1700,1636943,3518,1640461
"22",1,1640977,1316,1642293,3267,1645560,1951,1647511
"23",1,1648027,4383,1652410,3350,1655760,1868,1657628
"24",1,1658148,1662,1659810,2850,1662660,2368,1665028
"25",1,1665544,1283,1666827,2167,1668994,3051,1672045
"26",1,1672545,1282,1673827,1933,1675760,3285,1679045
"27",1,1679570,1740,1681310,6817,1688127,1017,1689144
"28",1,1689649,1311,1690960,3301,1694261,1917,1696178
"29",1,1696687,2224,1698911,3283,1702194,1935,1704129
"30",1,1704641,1136,1705777,2001,1707778,3217,1710995
"31",1,1711510,1467,1712977,2917,1715894,2301,1718195
"32",1,1718731,1313,1720044,2000,1722044,3218,1725262
"33",1,1725774,2104,1727878,4333,1732211,1017,1733228
"34",1,1733748,1297,1735045,2933,1737978,2284,1740262
"35",1,1740765,2046,1742811,2200,1745011,3018,1748029
"36",1,1748538,2157,1750695,3067,1753762,2151,1755913
"37",1,1756403,3408,1759811,2034,1761845,3184,1765029
"38",1,1765551,1911,1767462,4033,1771495,1184,1772679
"39",1,1773188,1557,1774745,3067,1777812,2151,1779963
"40",1,1780454,2241,1782695,2784,1785479,2434,1787913
"41",1,1788431,1198,1789629,3617,1793246,1601,1794847
"42",1,1795358,2671,1798029,1483,1799512,3735,1803247
"43",1,1803779,1133,1804912,2400,1807312,2818,1810130
"44",1,1810635,1927,1812562,4017,1816579,1201,1817780
"45",1,1818297,1332,1819629,2134,1821763,3084,1824847
"46",1,1825360,1336,1826696,2333,1829029,2885,1831914
"47",1,1832417,1312,1833729,1784,1835513,3434,1838947
"48",1,1839457,4572,1844029,5217,1849246,1017,1850263
"49",1,1850763,1317,1852080,1666,1853746,3552,1857298
"50",1,1857813,1317,1859130,2133,1861263,3085,1864348
"51",1,1864830,1283,1866113,3334,1869447,1884,1871331
"52",1,1871835,1295,1873130,2234,1875364,2984,1878348
"53",1,1878850,1697,1880547,1967,1882514,3251,1885765
"54",1,1886277,2403,1888680,1467,1890147,3751,1893898
"55",1,1894413,2034,1896447,2050,1898497,3168,1901665
"56",1,1902183,1164,1903347,2500,1905847,2718,1908565
"57",1,1909067,2163,1911230,2417,1913647,2801,1916448
"58",1,1916954,1777,1918731,1950,1920681,3268,1923949
"59",1,1924457,1124,1925581,2217,1927798,3001,1930799
"60",1,1931311,2470,1933781,4367,1938148,1017,1939165
"61",1,1939668,1346,1941014,1584,1942598,3634,1946232
"62",1,1946739,1325,1948064,3434,1951498,1784,1953282
"63",1,1953802,3479,1957281,1667,1958948,3551,1962499
"64",1,1963016,1282,1964298,6417,1970715,1017,1971732
"65",1,1972244,1288,1973532,4366,1977898,1017,1978915
"66",1,1979434,1298,1980732,1783,1982515,3435,1985950
"67",1,1986475,1257,1987732,1883,1989615,3335,1992950
"68",1,1993483,1282,1994765,1700,1996465,3518,1999983
"69",1,2000482,1317,2001799,2450,2004249,2768,2007017
"70",1,2007523,3259,2010782,1667,2012449,3551,2016000
"71",1,2016490,3559,2020049,3267,2023316,1951,2025267
"72",1,2025786,2463,2028249,3184,2031433,2034,2033467
"73",1,2033978,1288,2035266,2367,2037633,2851,2040484
"74",1,2040998,1785,2042783,2433,2045216,2785,2048001
"75",1,2048508,1125,2049633,1933,2051566,3285,2054851
"76",1,2055352,1764,2057116,2217,2059333,3001,2062334
"77",1,2062857,2009,2064866,5601,2070467,1016,2071483
"78",1,2071997,1303,2073300,1717,2075017,3501,2078518
"79",1,2079021,1129,2080150,1467,2081617,3751,2085368
"80",1,2085861,1322,2087183,1734,2088917,3484,2092401
"81",1,2092909,1274,2094183,1567,2095750,3651,2099401
"82",1,2099894,1289,2101183,1384,2102567,3834,2106401
"83",1,2106924,1426,2108350,1484,2109834,3734,2113568
"84",1,2114083,1284,2115367,1984,2117351,3234,2120585
"85",1,2121076,1758,2122834,1233,2124067,3985,2128052
"86",1,2128550,1851,2130401,2517,2132918,2701,2135619
"87",1,2136131,2670,2138801,3250,2142051,1968,2144019
"88",1,2144508,3260,2147768,2300,2150068,2918,2152986
"89",1,2153479,1622,2155101,1967,2157068,3251,2160319
"90",1,2160835,2366,2163201,1867,2165068,3351,2168419
"91",1,2168915,1320,2170235,4400,2174635,1017,2175652
"92",1,2176161,2257,2178418,1150,2179568,4068,2183636
"93",1,2184122,1963,2186085,1750,2187835,3468,2191303
"94",1,2191814,3154,2194968,3234,2198202,1984,2200186
"95",1,2200708,1294,2202002,4267,2206269,1016,2207285
"96",1,2207776,2526,2210302,13034,2223336,1016,2224352
"97",1,2224856,1396,2226252,1417,2227669,3801,2231470
"98",1,2231962,1924,2233886,1917,2235803,3301,2239104
"99",1,2239624,4012,2243636,2633,2246269,2585,2248854
"100",1,2249370,1132,2250502,3767,2254269,1452,2255721
"101",1,2256231,1572,2257803,3133,2260936,2085,2263021
"102",1,2263524,1295,2264819,2867,2267686,2351,2270037
"103",1,2270560,2976,2273536,3217,2276753,2001,2278754
"104",1,2279267,1136,2280403,2034,2282437,3184,2285621
"105",1,2286138,1382,2287520,4350,2291870,1017,2292887
"106",1,2293399,1704,2295103,3550,2298653,1668,2300321
"107",1,2300810,1627,2302437,1700,2304137,3518,2307655
"108",1,2308177,4310,2312487,2083,2314570,3135,2317705
"109",1,2318219,1285,2319504,1950,2321454,3268,2324722
"110",1,2325232,2772,2328004,1767,2329771,3451,2333222
"111",1,2333726,5028,2338754,1550,2340304,3668,2343972
"112",1,2344470,7068,2351538,2100,2353638,3118,2356756
"113",1,2357268,1136,2358404,1434,2359838,3784,2363622
"114",1,2364112,2809,2366921,1533,2368454,3685,2372139
"115",1,2372654,4884,2377538,3350,2380888,1868,2382756
"116",1,2383270,1135,2384405,3733,2388138,1485,2389623
"117",1,2390139,2032,2392171,2284,2394455,2934,2397389
"118",1,2397891,2581,2400472,3250,2403722,1967,2405689
"119",1,2406203,1819,2408022,3083,2411105,2135,2413240
"120",1,2413757,3048,2416805,3417,2420222,1801,2422023
"121",1,2422527,2062,2424589,1450,2426039,3768,2429807
"122",1,2430323,2916,2433239,1967,2435206,3251,2438457
"123",1,2438931,1891,2440822,1751,2442573,3467,2446040
"124",1,2446563,1276,2447839,4017,2451856,1201,2453057
"125",1,2453566,1123,2454689,2117,2456806,3101,2459907
"126",1,2460417,1272,2461689,1567,2463256,3651,2466907
"127",1,2467420,1286,2468706,2183,2470889,3035,2473924
"128",1,2474437,1136,2475573,1767,2477340,3451,2480791
"129",1,2481291,1282,2482573,2700,2485273,2518,2487791
"130",1,2488278,1728,2490006,1434,2491440,3784,2495224
"131",1,2495728,2728,2498456,1134,2499590,4084,2503674
"132",1,2504186,2737,2506923,1067,2507990,4151,2512141
"133",1,2512659,1498,2514157,3383,2517540,1835,2519375
"134",1,2519880,1344,2521224,2016,2523240,3201,2526441
"135",1,2526964,1293,2528257,2867,2531124,2351,2533475
"136",1,2533990,1284,2535274,2883,2538157,2335,2540492
"137",1,2540996,1278,2542274,1383,2543657,3835,2547492
"138",1,2547996,2095,2550091,2500,2552591,2718,2555309
"139",1,2555828,1129,2556957,1934,2558891,3284,2562175
"140",1,2562698,1309,2564007,2268,2566275,2950,2569225
"141",1,2569737,3054,2572791,1600,2574391,3618,2578009
"142",1,2578541,2017,2580558,1383,2581941,3835,2585776
"143",1,2586276,1782,2588058,4700,2592758,1017,2593775
"144",1,2594267,1858,2596125,1533,2597658,3685,2601343
"145",1,2601835,1223,2603058,1517,2604575,3701,2608276
"146",1,2608762,1813,2610575,1834,2612409,3384,2615793
"147",1,2616289,2636,2618925,2317,2621242,2901,2624143
"148",1,2624645,1330,2625975,3100,2629075,2118,2631193
"149",1,2631708,4834,2636542,5734,2642276,1016,2643292
"150",1,2643814,2078,2645892,1684,2647576,3534,2651110
"151",1,2651601,1325,2652926,4183,2657109,1034,2658143
"152",1,2658651,2308,2660959,1450,2662409,3768,2666177
"153",1,2666694,1282,2667976,1533,2669509,3685,2673194
"154",1,2673703,3373,2677076,2334,2679410,2884,2682294
"155",1,2682803,2040,2684843,1267,2686110,3951,2690061
"156",1,2690576,1317,2691893,2283,2694176,2935,2697111
"157",1,2697620,5940,2703560,1800,2705360,3418,2708778
"158",1,2709271,2206,2711477,3450,2714927,1767,2716694
"159",1,2717211,1299,2718510,2300,2720810,2918,2723728
"160",1,2724247,3930,2728177,2517,2730694,2701,2733395
"161",1,2733897,1613,2735510,2650,2738160,2568,2740728
"162",1,2741244,1300,2742544,1333,2743877,3885,2747762
"163",1,2748277,1133,2749410,1834,2751244,3384,2754628
"164",1,2755140,1421,2756561,4250,2760811,1017,2761828
"165",1,2762342,2552,2764894,1667,2766561,3551,2770112
"166",1,2770600,1328,2771928,3116,2775044,2101,2777145
"167",1,2777637,1757,2779394,2767,2782161,2451,2784612
"168",1,2785129,1282,2786411,1384,2787795,3834,2791629
"169",1,2792136,5675,2797811,1967,2799778,3251,2803029
"170",1,2803535,2110,2805645,1883,2807528,3334,2810862
"171",1,2811368,2243,2813611,2551,2816162,2667,2818829
"172",1,2819340,1122,2820462,1816,2822278,3402,2825680
"173",1,2826182,3130,2829312,3817,2833129,1401,2834530
"174",1,2835032,1863,2836895,1250,2838145,3968,2842113
"175",1,2842652,1893,2844545,1817,2846362,3401,2849763
"176",1,2850257,1155,2851412,2234,2853646,2984,2856630
"177",1,2857148,1298,2858446,1583,2860029,3634,2863663
"178",1,2864179,1417,2865596,1333,2866929,3884,2870813
"179",1,2871338,3724,2875062,1617,2876679,3601,2880280
"180",1,2880782,3047,2883829,3134,2886963,2084,2889047
"181",1,2889565,3098,2892663,1617,2894280,3601,2897881
"182",1,2898409,1304,2899713,1400,2901113,3818,2904931
"183",1,2905458,1722,2907180,2616,2909796,2602,2912398
"184",1,2912880,1966,2914846,1251,2916097,3967,2920064
"185",1,2920568,2012,2922580,2100,2924680,3118,2927798
"186",1,2928302,1311,2929613,1717,2931330,3501,2934831
"187",1,2935350,1330,2936680,1200,2937880,4018,2941898
"188",1,2942410,1453,2943863,2984,2946847,2234,2949081
"189",1,2949572,1125,2950697,1967,2952664,3251,2955915
"190",1,2956432,1582,2958014,4033,2962047,1185,2963232
"191",1,2963748,1616,2965364,1767,2967131,3451,2970582
"192",1,2971082,3649,2974731,2717,2977448,2501,2979949
"193",1,2980479,1302,2981781,1817,2983598,3401,2986999
"194",1,2987514,1300,2988814,7434,2996248,1017,2997265
"195",1,2997783,5865,3003648,5500,3009148,1017,3010165
"196",1,3010692,1823,3012515,4133,3016648,1085,3017733
"197",1,3018259,2356,3020615,1783,3022398,3435,3025833
"198",1,3026351,1130,3027481,2468,3029949,2750,3032699
"199",1,3033216,3466,3036682,2183,3038865,3035,3041900
"200",1,3042409,2256,3044665,2317,3046982,2901,3049883
"201",2,5559657,1350,5561007,1548,5562555,3670,5566225
"202",2,5566752,1303,5568055,1683,5569738,3535,5573273
"203",2,5573807,1381,5575188,1967,5577155,3251,5580406
"204",2,5580897,1125,5582022,1133,5583155,4084,5587239
"205",2,5587756,2382,5590138,2201,5592339,3017,5595356
"206",2,5595868,1137,5597005,2017,5599022,3201,5602223
"207",2,5602722,1133,5603855,2501,5606356,2717,5609073
"208",2,5609589,1133,5610722,3167,5613889,2051,5615940
"209",2,5616451,1121,5617572,2484,5620056,2734,5622790
"210",2,5623314,1125,5624439,1767,5626206,3451,5629657
"211",2,5630160,1129,5631289,2200,5633489,3018,5636507
"212",2,5637005,1384,5638389,1284,5639673,3934,5643607
"213",2,5644114,1125,5645239,1051,5646290,4167,5650457
"214",2,5650978,1295,5652273,2283,5654556,2935,5657491
"215",2,5658019,1287,5659306,1350,5660656,3868,5664524
"216",2,5665014,1176,5666190,2200,5668390,3018,5671408
"217",2,5671928,1128,5673056,884,5673940,4334,5678274
"218",2,5678797,1276,5680073,1267,5681340,3951,5685291
"219",2,5685786,1321,5687107,1867,5688974,3351,5692325
"220",2,5692827,1130,5693957,1000,5694957,4218,5699175
"221",2,5699691,1232,5700923,3684,5704607,1534,5706141
"222",2,5706651,1306,5707957,2317,5710274,2901,5713175
"223",2,5713696,1128,5714824,2883,5717707,2335,5720042
"224",2,5720559,1132,5721691,1733,5723424,3485,5726909
"225",2,5727431,1126,5728557,2067,5730624,3151,5733775
"226",2,5734289,1135,5735424,1234,5736658,3984,5740642
"227",2,5741155,1403,5742558,2916,5745474,2301,5747775
"228",2,5748264,1277,5749541,1817,5751358,3401,5754759
"229",2,5755263,1128,5756391,1717,5758108,3501,5761609
"230",2,5762104,1137,5763241,1217,5764458,4001,5768459
"231",2,5768975,1133,5770108,3384,5773492,1834,5775326
"232",2,5775840,1135,5776975,1533,5778508,3685,5782193
"233",2,5782718,1124,5783842,7817,5791659,1016,5792675
"234",2,5793182,1443,5794625,6667,5801292,1017,5802309
"235",2,5802830,1345,5804175,1700,5805875,3518,5809393
"236",2,5809895,1130,5811025,2134,5813159,3084,5816243
"237",2,5816760,1132,5817892,3584,5821476,1634,5823110
"238",2,5823612,1130,5824742,2984,5827726,2234,5829960
"239",2,5830472,1137,5831609,1867,5833476,3351,5836827
"240",2,5837337,1122,5838459,2634,5841093,2584,5843677
"241",2,5844189,1137,5845326,2400,5847726,2818,5850544
"242",2,5851051,1125,5852176,2034,5854210,3184,5857394
"243",2,5857916,1127,5859043,3700,5862743,1518,5864261
"244",2,5864765,1261,5866026,2501,5868527,2717,5871244
"245",2,5871767,1126,5872893,1367,5874260,3851,5878111
"246",2,5878636,1124,5879760,2217,5881977,3001,5884978
"247",2,5885495,1132,5886627,2116,5888743,3102,5891845
"248",2,5892335,2158,5894493,2984,5897477,2234,5899711
"249",2,5900236,1124,5901360,1417,5902777,3801,5906578
"250",2,5907107,1137,5908244,1383,5909627,3835,5913462
"251",2,5913968,1126,5915094,1583,5916677,3635,5920312
"252",2,5920838,1323,5922161,2983,5925144,2235,5927379
"253",2,5927900,2344,5930244,1883,5932127,3335,5935462
"254",2,5935962,1132,5937094,1517,5938611,3701,5942312
"255",2,5942820,1341,5944161,2667,5946828,2551,5949379
"256",2,5949878,1133,5951011,3200,5954211,2018,5956229
"257",2,5956772,1306,5958078,1567,5959645,3651,5963296
"258",2,5963799,1129,5964928,3017,5967945,2201,5970146
"259",2,5970663,1298,5971961,2034,5973995,3184,5977179
"260",2,5977704,1291,5978995,3250,5982245,1968,5984213
"261",2,5984706,1372,5986078,2250,5988328,2968,5991296
"262",2,5991788,1124,5992912,2533,5995445,2685,5998130
"263",2,5998638,1124,5999762,2583,6002345,2635,6004980
"264",2,6005469,1126,6006595,2651,6009246,2567,6011813
"265",2,6012315,1130,6013445,2001,6015446,3217,6018663
"266",2,6019185,1127,6020312,2050,6022362,3168,6025530
"267",2,6026043,1136,6027179,1617,6028796,3601,6032397
"268",2,6032915,1131,6034046,2350,6036396,2868,6039264
"269",2,6039748,1281,6041029,1867,6042896,3351,6046247
"270",2,6046746,1133,6047879,3417,6051296,1801,6053097
"271",2,6053587,1209,6054796,5900,6060696,1017,6061713
"272",2,6062239,1324,6063563,1433,6064996,3785,6068781
"273",2,6069290,1123,6070413,2567,6072980,2651,6075631
"274",2,6076147,1133,6077280,2117,6079397,3101,6082498
"275",2,6083012,1185,6084197,1950,6086147,3267,6089414
"276",2,6089932,1131,6091063,3251,6094314,1967,6096281
"277",2,6096789,1124,6097913,1617,6099530,3601,6103131
"278",2,6103634,1130,6104764,2950,6107714,2267,6109981
"279",2,6110476,1254,6111730,2017,6113747,3201,6116948
"280",2,6117460,1137,6118597,2384,6120981,2834,6123815
"281",2,6124326,1138,6125464,1500,6126964,3718,6130682
"282",2,6131205,1292,6132497,2584,6135081,2634,6137715
"283",2,6138234,1130,6139364,2850,6142214,2368,6144582
"284",2,6145077,1337,6146414,1750,6148164,3468,6151632
"285",2,6152149,1315,6153464,1584,6155048,3634,6158682
"286",2,6159185,1129,6160314,1851,6162165,3367,6165532
"287",2,6166046,1135,6167181,1100,6168281,4118,6172399
"288",2,6172917,1231,6174148,3450,6177598,1768,6179366
"289",2,6179874,1341,6181215,1083,6182298,4135,6186433
"290",2,6186940,1125,6188065,1367,6189432,3851,6193283
"291",2,6193794,1121,6194915,1567,6196482,3651,6200133
"292",2,6200655,1360,6202015,1300,6203315,3918,6207233
"293",2,6207756,1126,6208882,1967,6210849,3251,6214100
"294",2,6214603,1279,6215882,1234,6217116,3984,6221100
"295",2,6221605,1127,6222732,884,6223616,4334,6227950
"296",2,6228474,1125,6229599,3783,6233382,1435,6234817
"297",2,6235336,1330,6236666,1650,6238316,3568,6241884
"298",2,6242384,1132,6243516,1300,6244816,3918,6248734
"299",2,6249232,1134,6250366,683,6251049,4535,6255584
"300",2,6256090,1126,6257216,1200,6258416,4018,6262434
"301",2,6262946,1137,6264083,1350,6265433,3868,6269301
"302",2,6269805,1128,6270933,2000,6272933,3218,6276151
"303",2,6276667,1133,6277800,2350,6280150,2868,6283018
"304",2,6283503,1130,6284633,1317,6285950,3901,6289851
"305",2,6290356,1127,6291483,1167,6292650,4051,6296701
"306",2,6297200,1133,6298333,1401,6299734,3817,6303551
"307",2,6304064,1136,6305200,1300,6306500,3918,6310418
"308",2,6310944,1273,6312217,5467,6317684,1017,6318701
"309",2,6319213,1337,6320550,1634,6322184,3584,6325768
"310",2,6326262,1122,6327384,1317,6328701,3901,6332602
"311",2,6333101,1133,6334234,2200,6336434,3018,6339452
"312",2,6339975,1126,6341101,1567,6342668,3651,6346319
"313",2,6346834,1134,6347968,2816,6350784,2401,6353185
"314",2,6353693,5108,6358801,1950,6360751,3268,6364019
"315",2,6364519,1132,6365651,1150,6366801,4068,6370869
"316",2,6371388,1130,6372518,2950,6375468,2268,6377736
"317",2,6378248,1137,6379385,1500,6380885,3718,6384603
"318",2,6385118,1133,6386251,1751,6388002,3467,6391469
"319",2,6391957,1128,6393085,1717,6394802,3501,6398303
"320",2,6398832,1136,6399968,2051,6402019,3167,6405186
"321",2,6405676,1126,6406802,1517,6408319,3701,6412020
"322",2,6412527,1125,6413652,1283,6414935,3935,6418870
"323",2,6419389,1130,6420519,2067,6422586,3151,6425737
"324",2,6426260,1125,6427385,1084,6428469,4135,6432604
"325",2,6433099,1137,6434236,1250,6435486,3968,6439454
"326",2,6439975,1277,6441252,1717,6442969,3501,6446470
"327",2,6446981,1122,6448103,1133,6449236,4084,6453320
"328",2,6453834,1269,6455103,1066,6456169,4152,6460321
"329",2,6460810,1309,6462119,1784,6463903,3434,6467337
"330",2,6467837,1316,6469153,1950,6471103,3268,6474371
"331",2,6474901,1269,6476170,1050,6477220,4168,6481388
"332",2,6481896,1307,6483203,884,6484087,4334,6488421
"333",2,6488937,1333,6490270,1750,6492020,3468,6495488
"334",2,6496001,1319,6497320,1150,6498470,4068,6502538
"335",2,6503047,1273,6504320,984,6505304,4234,6509538
"336",2,6510044,1276,6511320,1084,6512404,4134,6516538
"337",2,6517046,1274,6518320,3201,6521521,2017,6523538
"338",2,6524065,1855,6525920,2151,6528071,3067,6531138
"339",2,6531652,1135,6532787,2634,6535421,2584,6538005
"340",2,6538514,1190,6539704,1384,6541088,3834,6544922
"341",2,6545412,1125,6546537,851,6547388,4367,6551755
"342",2,6552279,1125,6553404,1750,6555154,3468,6558622
"343",2,6559128,1126,6560254,2767,6563021,2451,6565472
"344",2,6565993,1128,6567121,2284,6569405,2934,6572339
"345",2,6572840,1131,6573971,1534,6575505,3684,6579189
"346",2,6579691,8114,6587805,1200,6589005,4018,6593023
"347",2,6593535,1137,6594672,1683,6596355,3534,6599889
"348",2,6600377,1128,6601505,1550,6603055,3668,6606723
"349",2,6607227,1128,6608355,1800,6610155,3418,6613573
"350",2,6614095,1327,6615422,1133,6616555,4085,6620640
"351",2,6621142,2663,6623805,1267,6625072,3951,6629023
"352",2,6629552,1137,6630689,1850,6632539,3368,6635907
"353",2,6636411,1128,6637539,1117,6638656,4101,6642757
"354",2,6643261,1128,6644389,1400,6645789,3818,6649607
"355",2,6650114,1125,6651239,1600,6652839,3618,6656457
"356",2,6656970,3019,6659989,2234,6662223,2984,6665207
"357",2,6665736,1137,6666873,1650,6668523,3568,6672091
"358",2,6672608,1132,6673740,1416,6675156,3802,6678958
"359",2,6679477,1129,6680606,1967,6682573,3251,6685824
"360",2,6686357,2800,6689157,1850,6691007,3367,6694374
"361",2,6694892,1131,6696023,1300,6697323,3918,6701241
"362",2,6701773,1134,6702907,2250,6705157,2968,6708125
"363",2,6708679,1328,6710007,1667,6711674,3551,6715225
"364",2,6715730,1310,6717040,2851,6719891,2367,6722258
"365",2,6722771,2903,6725674,1700,6727374,3518,6730892
"366",2,6731404,1337,6732741,1883,6734624,3335,6737959
"367",2,6738477,1297,6739774,1534,6741308,3684,6744992
"368",2,6745498,1243,6746741,1650,6748391,3568,6751959
"369",2,6752479,1129,6753608,1016,6754624,4201,6758825
"370",2,6759343,1131,6760474,1301,6761775,3917,6765692
"371",2,6766192,1299,6767491,1150,6768641,4068,6772709
"372",2,6773225,1283,6774508,1167,6775675,4051,6779726
"373",2,6780231,1127,6781358,1483,6782841,3735,6786576
"374",2,6787098,1310,6788408,1300,6789708,3918,6793626
"375",2,6794131,1411,6795542,1200,6796742,4018,6800760
"376",2,6801265,1343,6802608,1234,6803842,3984,6807826
"377",2,6808362,1313,6809675,1100,6810775,4118,6814893
"378",2,6815406,1286,6816692,1283,6817975,3935,6821910
"379",2,6822435,7524,6829959,1017,6830976,4201,6835177
"380",2,6835685,1124,6836809,1800,6838609,3418,6842027
"381",2,6842539,1287,6843826,1067,6844893,4151,6849044
"382",2,6849540,5469,6855009,1700,6856709,3518,6860227
"383",2,6860719,1124,6861843,2467,6864310,2751,6867061
"384",2,6867558,1301,6868859,2101,6870960,3117,6874077
"385",2,6874583,2877,6877460,1266,6878726,3952,6882678
"386",2,6883193,1133,6884326,1351,6885677,3867,6889544
"387",2,6890055,1321,6891376,1134,6892510,4084,6896594
"388",2,6897120,1123,6898243,2767,6901010,2451,6903461
"389",2,6903967,1343,6905310,8100,6913410,1017,6914427
"390",2,6914934,1310,6916244,1717,6917961,3501,6921462
"391",2,6921982,1312,6923294,1083,6924377,4135,6928512
"392",2,6929007,1270,6930277,1884,6932161,3334,6935495
"393",2,6936027,1267,6937294,1050,6938344,4168,6942512
"394",2,6943017,1127,6944144,2017,6946161,3201,6949362
"395",2,6949861,1233,6951094,1450,6952544,3768,6956312
"396",2,6956814,1130,6957944,2667,6960611,2551,6963162
"397",2,6963651,1127,6964778,2167,6966945,3051,6969996
"398",2,6970529,1132,6971661,2050,6973711,3168,6976879
"399",2,6977391,1137,6978528,11000,6989528,1017,6990545
"400",2,6991057,1588,6992645,1050,6993695,4168,6997863
"401",3,9094386,1127,9095513,2917,9098430,2301,9100731
"402",3,9101216,1130,9102346,2167,9104513,3051,9107564
"403",3,9108062,1134,9109196,4167,9113363,1051,9114414
"404",3,9114947,1133,9116080,1733,9117813,3485,9121298
"405",3,9121802,1128,9122930,2800,9125730,2418,9128148
"406",3,9128633,1130,9129763,1217,9130980,4001,9134981
"407",3,9135485,1128,9136613,1434,9138047,3784,9141831
"408",3,9142334,1129,9143463,2401,9145864,2817,9148681
"409",3,9149198,1132,9150330,1167,9151497,4051,9155548
"410",3,9156059,1121,9157180,2167,9159347,3051,9162398
"411",3,9162903,1127,9164030,4884,9168914,1017,9169931
"412",3,9170443,1121,9171564,1183,9172747,4035,9176782
"413",3,9177298,1133,9178431,1400,9179831,3818,9183649
"414",3,9184166,1131,9185297,1084,9186381,4134,9190515
"415",3,9191014,1134,9192148,2316,9194464,2902,9197366
"416",3,9197890,1124,9199014,967,9199981,4251,9204232
"417",3,9204731,1134,9205865,1916,9207781,3301,9211082
"418",3,9211588,1127,9212715,750,9213465,4468,9217933
"419",3,9218438,1127,9219565,1933,9221498,3285,9224783
"420",3,9225296,1135,9226431,2601,9229032,2617,9231649
"421",3,9232153,1129,9233282,1450,9234732,3768,9238500
"422",3,9239007,1125,9240132,1300,9241432,3918,9245350
"423",3,9245853,1129,9246982,1300,9248282,3918,9252200
"424",3,9252699,1133,9253832,917,9254749,4301,9259050
"425",3,9259574,1125,9260699,983,9261682,4235,9265917
"426",3,9266435,1130,9267565,1234,9268799,3984,9272783
"427",3,9273277,1122,9274399,1133,9275532,4085,9279617
"428",3,9280104,2045,9282149,1500,9283649,3718,9287367
"429",3,9287881,1135,9289016,1767,9290783,3451,9294234
"430",3,9294741,1125,9295866,800,9296666,4418,9301084
"431",3,9301607,1859,9303466,1567,9305033,3651,9308684
"432",3,9309192,1124,9310316,1250,9311566,3968,9315534
"433",3,9316039,1127,9317166,2917,9320083,2301,9322384
"434",3,9322892,1124,9324016,1984,9326000,3234,9329234
"435",3,9329734,1133,9330867,1116,9331983,4101,9336084
"436",3,9336577,1906,9338483,1301,9339784,3917,9343701
"437",3,9344221,1129,9345350,1200,9346550,4018,9350568
"438",3,9351079,1121,9352200,867,9353067,4351,9357418
"439",3,9357941,1126,9359067,1100,9360167,4118,9364285
"440",3,9364808,1126,9365934,750,9366684,4468,9371152
"441",3,9371667,1134,9372801,1266,9374067,3951,9378018
"442",3,9378506,1128,9379634,1400,9381034,3818,9384852
"443",3,9385368,1849,9387217,2667,9389884,2551,9392435
"444",3,9392955,1129,9394084,784,9394868,4434,9399302
"445",3,9399826,1125,9400951,1617,9402568,3601,9406169
"446",3,9406696,2605,9409301,1034,9410335,4184,9414519
"447",3,9415021,1130,9416151,1617,9417768,3601,9421369
"448",3,9421885,1716,9423601,1884,9425485,3334,9428819
"449",3,9429330,1122,9430452,1283,9431735,3935,9435670
"450",3,9436195,1123,9437318,3101,9440419,2117,9442536
"451",3,9443060,2092,9445152,1150,9446302,4068,9450370
"452",3,9450878,1124,9452002,1600,9453602,3618,9457220
"453",3,9457708,1127,9458835,984,9459819,4234,9464053
"454",3,9464567,1135,9465702,1034,9466736,4184,9470920
"455",3,9471425,1127,9472552,2517,9475069,2701,9477770
"456",3,9478287,1132,9479419,1234,9480653,3984,9484637
"457",3,9485142,1127,9486269,984,9487253,4234,9491487
"458",3,9491982,1137,9493119,1634,9494753,3584,9498337
"459",3,9498860,1126,9499986,1484,9501470,3734,9505204
"460",3,9505729,1124,9506853,4900,9511753,1017,9512770
"461",3,9513285,1135,9514420,1166,9515586,4052,9519638
"462",3,9520141,1795,9521936,1101,9523037,4117,9527154
"463",3,9527651,1135,9528786,867,9529653,4352,9534005
"464",3,9534527,1126,9535653,1184,9536837,4034,9540871
"465",3,9541386,1134,9542520,2884,9545404,2334,9547738
"466",3,9548255,1132,9549387,750,9550137,4468,9554605
"467",3,9555096,1124,9556220,1550,9557770,3668,9561438
"468",3,9561945,1126,9563071,1416,9564487,3801,9568288
"469",3,9568800,1137,9569937,1300,9571237,3918,9575155
"470",3,9575644,1127,9576771,2067,9578838,3151,9581989
"471",3,9582513,1124,9583637,1201,9584838,4017,9588855
"472",3,9589373,1131,9590504,1784,9592288,3434,9595722
"473",3,9596228,1126,9597354,1284,9598638,3934,9602572
"474",3,9603064,1124,9604188,1383,9605571,3835,9609406
"475",3,9609911,1127,9611038,1317,9612355,3901,9616256
"476",3,9616760,1295,9618055,1133,9619188,4085,9623273
"477",3,9623770,1135,9624905,900,9625805,4318,9630123
"478",3,9630635,1137,9631772,1050,9632822,4168,9636990
"479",3,9637482,1123,9638605,1350,9639955,3868,9643823
"480",3,9644310,1578,9645888,1084,9646972,4134,9651106
"481",3,9651613,1192,9652805,867,9653672,4351,9658023
"482",3,9658535,1137,9659672,1484,9661156,3734,9664890
"483",3,9665424,1131,9666555,1484,9668039,3734,9671773
"484",3,9672291,1131,9673422,1684,9675106,3534,9678640
"485",3,9679164,1125,9680289,834,9681123,4384,9685507
"486",3,9686037,1136,9687173,1100,9688273,4117,9692390
"487",3,9692911,1128,9694039,1217,9695256,4001,9699257
"488",3,9699768,1138,9700906,1334,9702240,3884,9706124
"489",3,9706629,1127,9707756,1400,9709156,3818,9712974
"490",3,9713495,1128,9714623,1117,9715740,4101,9719841
"491",3,9720344,1129,9721473,1400,9722873,3818,9726691
"492",3,9727220,1137,9728357,1583,9729940,3634,9733574
"493",3,9734087,1786,9735873,901,9736774,4317,9741091
"494",3,9741605,1135,9742740,2450,9745190,2768,9747958
"495",3,9748478,2729,9751207,1867,9753074,3351,9756425
"496",3,9756937,1137,9758074,1167,9759241,4051,9763292
"497",3,9763810,1131,9764941,1766,9766707,3451,9770158
"498",3,9770648,1859,9772507,851,9773358,4367,9777725
"499",3,9778227,1130,9779357,901,9780258,4317,9784575
"500",3,9785085,1123,9786208,1350,9787558,3867,9791425
"501",3,9791926,1132,9793058,866,9793924,4352,9798276
"502",3,9798795,1129,9799924,801,9800725,4417,9805142
"503",3,9805635,1123,9806758,1250,9808008,3968,9811976
"504",3,9812492,1133,9813625,850,9814475,4368,9818843
"505",3,9819360,1131,9820491,901,9821392,4317,9825709
"506",3,9826229,1129,9827358,817,9828175,4401,9832576
"507",3,9833084,1124,9834208,767,9834975,4451,9839426
"508",3,9839925,1133,9841058,1184,9842242,4034,9846276
"509",3,9846804,2155,9848959,1350,9850309,3867,9854176
"510",3,9854682,1127,9855809,1217,9857026,4001,9861027
"511",3,9861542,1133,9862675,1351,9864026,3867,9867893
"512",3,9868408,1134,9869542,1050,9870592,4168,9874760
"513",3,9875259,1133,9876392,1500,9877892,3718,9881610
"514",3,9882099,1127,9883226,900,9884126,4318,9888444
"515",3,9888957,1136,9890093,1166,9891259,4051,9895310
"516",3,9895823,1386,9897209,1234,9898443,3984,9902427
"517",3,9902944,1365,9904309,1851,9906160,3367,9909527
"518",3,9910048,2512,9912560,1183,9913743,4035,9917778
"519",3,9918282,1328,9919610,1750,9921360,3468,9924828
"520",3,9925343,1133,9926476,767,9927243,4451,9931694
"521",3,9932201,1126,9933327,817,9934144,4401,9938545
"522",3,9939056,1137,9940193,1584,9941777,3634,9945411
"523",3,9945927,1133,9947060,750,9947810,4468,9952278
"524",3,9952782,2145,9954927,817,9955744,4401,9960145
"525",3,9960658,1136,9961794,1867,9963661,3351,9967012
"526",3,9967527,1134,9968661,1166,9969827,4052,9973879
"527",3,9974400,1127,9975527,884,9976411,4334,9980745
"528",3,9981255,2572,9983827,901,9984728,4317,9989045
"529",3,9989563,2098,9991661,1250,9992911,3968,9996879
"530",3,9997389,1122,9998511,1434,9999945,3784,10003729
"531",3,10004255,1123,10005378,700,10006078,4518,10010596
"532",3,10011116,1129,10012245,1483,10013728,3735,10017463
"533",3,10017998,1130,10019128,1067,10020195,4151,10024346
"534",3,10024859,1136,10025995,1150,10027145,4068,10031213
"535",3,10031738,1124,10032862,1867,10034729,3351,10038080
"536",3,10038587,1125,10039712,1750,10041462,3468,10044930
"537",3,10045434,1128,10046562,667,10047229,4551,10051780
"538",3,10052285,1844,10054129,800,10054929,4417,10059346
"539",3,10059855,1124,10060979,667,10061646,4551,10066197
"540",3,10066715,2047,10068762,850,10069612,4368,10073980
"541",3,10074480,1216,10075696,733,10076429,4485,10080914
"542",3,10081439,1807,10083246,1250,10084496,3968,10088464
"543",3,10088950,1129,10090079,700,10090779,4518,10095297
"544",3,10095814,1132,10096946,1017,10097963,4201,10102164
"545",3,10102667,1129,10103796,1450,10105246,3768,10109014
"546",3,10109524,1122,10110646,934,10111580,4284,10115864
"547",3,10116365,1131,10117496,1001,10118497,4217,10122714
"548",3,10123230,1133,10124363,1250,10125613,3968,10129581
"549",3,10130084,1363,10131447,2150,10133597,3067,10136664
"550",3,10137155,1125,10138280,1017,10139297,4201,10143498
"551",3,10144022,1408,10145430,1600,10147030,3618,10150648
"552",3,10151140,1124,10152264,1266,10153530,3951,10157481
"553",3,10157993,1137,10159130,1717,10160847,3501,10164348
"554",3,10164856,1124,10165980,2217,10168197,3001,10171198
"555",3,10171708,1356,10173064,1667,10174731,3551,10178282
"556",3,10178781,1833,10180614,984,10181598,4234,10185832
"557",3,10186353,1128,10187481,1117,10188598,4101,10192699
"558",3,10193219,1929,10195148,1217,10196365,4000,10200365
"559",3,10200884,1130,10202014,3334,10205348,1884,10207232
"560",3,10207761,1137,10208898,683,10209581,4535,10214116
"561",3,10214627,1138,10215765,833,10216598,4385,10220983
"562",3,10221501,1130,10222631,1267,10223898,3951,10227849
"563",3,10228353,1862,10230215,1617,10231832,3601,10235433
"564",3,10235948,1134,10237082,1133,10238215,4085,10242300
"565",3,10242803,1129,10243932,1450,10245382,3768,10249150
"566",3,10249645,1137,10250782,800,10251582,4418,10256000
"567",3,10256505,1127,10257632,1184,10258816,4034,10262850
"568",3,10263354,1778,10265132,1417,10266549,3801,10270350
"569",3,10270866,1133,10271999,1433,10273432,3785,10277217
"570",3,10277726,1123,10278849,1684,10280533,3534,10284067
"571",3,10284564,1135,10285699,967,10286666,4251,10290917
"572",3,10291438,1128,10292566,934,10293500,4284,10297784
"573",3,10298309,1374,10299683,733,10300416,4485,10304901
"574",3,10305408,1125,10306533,1000,10307533,4218,10311751
"575",3,10312268,1132,10313400,1283,10314683,3935,10318618
"576",3,10319121,1129,10320250,1133,10321383,4085,10325468
"577",3,10325964,1619,10327583,1784,10329367,3434,10332801
"578",3,10333315,1452,10334767,866,10335633,4352,10339985
"579",3,10340500,1133,10341633,967,10342600,4251,10346851
"580",3,10347351,1132,10348483,1034,10349517,4185,10353702
"581",3,10354208,1126,10355334,1000,10356334,4218,10360552
"582",3,10361056,1128,10362184,1400,10363584,3818,10367402
"583",3,10367918,1133,10369051,816,10369867,4402,10374269
"584",3,10374772,1129,10375901,1333,10377234,3885,10381119
"585",3,10381634,1917,10383551,1850,10385401,3368,10388769
"586",3,10389258,1126,10390384,817,10391201,4401,10395602
"587",3,10396095,1123,10397218,1700,10398918,3518,10402436
"588",3,10402962,1306,10404268,1450,10405718,3768,10409486
"589",3,10409992,1126,10411118,1367,10412485,3851,10416336
"590",3,10416838,1130,10417968,900,10418868,4318,10423186
"591",3,10423697,1138,10424835,1900,10426735,3318,10430053
"592",3,10430568,1134,10431702,2717,10434419,2501,10436920
"593",3,10437422,1130,10438552,1217,10439769,4001,10443770
"594",3,10444280,1122,10445402,1267,10446669,3951,10450620
"595",3,10451136,1133,10452269,1367,10453636,3851,10457487
"596",3,10457991,1261,10459252,1717,10460969,3501,10464470
"597",3,10464991,1761,10466752,4651,10471403,1016,10472419
"598",3,10472928,1574,10474502,984,10475486,4234,10479720
"599",3,10480260,1126,10481386,667,10482053,4551,10486604
"600",3,10487117,1136,10488253,866,10489119,4352,10493471
"601",4,13733091,1599,13734690,1667,13736357,3551,13739908
"602",4,13740415,1125,13741540,2134,13743674,3084,13746758
"603",4,13747250,1124,13748374,1567,13749941,3651,13753592
"604",4,13754105,1135,13755240,1717,13756957,3501,13760458
"605",4,13760959,1365,13762324,1317,13763641,3901,13767542
"606",4,13768059,1282,13769341,1533,13770874,3685,13774559
"607",4,13775073,1134,13776207,1384,13777591,3834,13781425
"608",4,13781932,1376,13783308,1433,13784741,3784,13788525
"609",4,13789034,1124,13790158,1500,13791658,3718,13795376
"610",4,13795880,1128,13797008,1300,13798308,3918,13802226
"611",4,13802726,1132,13803858,1333,13805191,3885,13809076
"612",4,13809586,1122,13810708,3117,13813825,2101,13815926
"613",4,13816445,1130,13817575,1950,13819525,3268,13822793
"614",4,13823316,1126,13824442,1100,13825542,4118,13829660
"615",4,13830185,1123,13831308,3034,13834342,2184,13836526
"616",4,13837038,1137,13838175,1934,13840109,3284,13843393
"617",4,13843913,1129,13845042,2284,13847326,2934,13850260
"618",4,13850773,1352,13852125,1851,13853976,3367,13857343
"619",4,13857840,1302,13859142,2384,13861526,2834,13864360
"620",4,13864855,1354,13866209,2600,13868809,2618,13871427
"621",4,13871934,1125,13873059,1834,13874893,3384,13878277
"622",4,13878805,1137,13879942,1667,13881609,3552,13885161
"623",4,13885686,1123,13886809,1684,13888493,3534,13892027
"624",4,13892551,1125,13893676,2450,13896126,2768,13898894
"625",4,13899407,1136,13900543,1583,13902126,3635,13905761
"626",4,13906277,1133,13907410,1767,13909177,3451,13912628
"627",4,13913119,1124,13914243,1550,13915793,3668,13919461
"628",4,13919961,1132,13921093,1167,13922260,4051,13926311
"629",4,13926803,1124,13927927,1450,13929377,3768,13933145
"630",4,13933691,2386,13936077,1400,13937477,3818,13941295
"631",4,13941797,1130,13942927,1417,13944344,3801,13948145
"632",4,13948662,1548,13950210,1317,13951527,3901,13955428
"633",4,13955948,1329,13957277,1950,13959227,3268,13962495
"634",4,13963007,1170,13964177,1467,13965644,3751,13969395
"635",4,13969922,1122,13971044,1817,13972861,3401,13976262
"636",4,13976753,1341,13978094,1217,13979311,4001,13983312
"637",4,13983808,1136,13984944,1450,13986394,3768,13990162
"638",4,13990693,1201,13991894,1534,13993428,3684,13997112
"639",4,13997631,2397,14000028,1267,14001295,3951,14005246
"640",4,14005768,1360,14007128,1984,14009112,3234,14012346
"641",4,14012847,1264,14014111,1401,14015512,3817,14019329
"642",4,14019835,1127,14020962,1417,14022379,3801,14026180
"643",4,14026657,1888,14028545,2100,14030645,3118,14033763
"644",4,14034278,1300,14035578,1551,14037129,3667,14040796
"645",4,14041321,1624,14042945,2134,14045079,3084,14048163
"646",4,14048679,1133,14049812,1834,14051646,3384,14055030
"647",4,14055552,1127,14056679,1917,14058596,3301,14061897
"648",4,14062402,1127,14063529,1417,14064946,3801,14068747
"649",4,14069259,1137,14070396,1367,14071763,3851,14075614
"650",4,14076119,1127,14077246,1317,14078563,3901,14082464
"651",4,14082956,1123,14084079,1517,14085596,3701,14089297
"652",4,14089801,1328,14091129,1301,14092430,3917,14096347
"653",4,14096865,1131,14097996,1534,14099530,3684,14103214
"654",4,14103729,1134,14104863,1984,14106847,3234,14110081
"655",4,14110588,1125,14111713,1417,14113130,3801,14116931
"656",4,14117430,1133,14118563,1284,14119847,3934,14123781
"657",4,14124294,1136,14125430,1600,14127030,3618,14130648
"658",4,14131158,1122,14132280,1567,14133847,3651,14137498
"659",4,14138001,1129,14139130,1500,14140630,3718,14144348
"660",4,14144847,1133,14145980,2367,14148347,2851,14151198
"661",4,14151736,1361,14153097,2167,14155264,3051,14158315
"662",4,14158822,1975,14160797,1951,14162748,3267,14166015
"663",4,14166522,1409,14167931,2217,14170148,3001,14173149
"664",4,14173669,1129,14174798,4366,14179164,1017,14180181
"665",4,14180705,1659,14182364,3601,14185965,1617,14187582
"666",4,14188088,1126,14189214,3234,14192448,1984,14194432
"667",4,14194941,1124,14196065,1733,14197798,3484,14201282
"668",4,14201799,1132,14202931,1401,14204332,3817,14208149
"669",4,14208671,2827,14211498,1517,14213015,3701,14216716
"670",4,14217209,3806,14221015,1283,14222298,3935,14226233
"671",4,14226753,3712,14230465,1300,14231765,3918,14235683
"672",4,14236194,1138,14237332,1533,14238865,3685,14242550
"673",4,14243086,1429,14244515,967,14245482,4251,14249733
"674",4,14250242,2190,14252432,2750,14255182,2468,14257650
"675",4,14258170,3912,14262082,1884,14263966,3334,14267300
"676",4,14267828,1138,14268966,2933,14271899,2285,14274184
"677",4,14274698,1135,14275833,1866,14277699,3352,14281051
"678",4,14281562,1454,14283016,1517,14284533,3701,14288234
"679",4,14288747,3919,14292666,1984,14294650,3234,14297884
"680",4,14298386,2664,14301050,1333,14302383,3885,14306268
"681",4,14306761,4689,14311450,1984,14313434,3234,14316668
"682",4,14317169,7348,14324517,933,14325450,4285,14329735
"683",4,14330246,1987,14332233,2817,14335050,2402,14337452
"684",4,14337959,2591,14340550,1201,14341751,4017,14345768
"685",4,14346270,1714,14347984,1283,14349267,3935,14353202
"686",4,14353718,7433,14361151,1683,14362834,3535,14366369
"687",4,14366877,13974,14380851,1834,14382685,3384,14386069
"688",4,14386597,2004,14388601,2467,14391068,2751,14393819
"689",4,14394341,1127,14395468,2600,14398068,2618,14400686
"690",4,14401210,2175,14403385,1933,14405318,3285,14408603
"691",4,14409113,1122,14410235,1617,14411852,3601,14415453
"692",4,14415959,2276,14418235,3000,14421235,2218,14423453
"693",4,14423965,17620,14441585,1801,14443386,3417,14446803
"694",4,14447329,1123,14448452,1300,14449752,3918,14453670
"695",4,14454180,1122,14455302,1367,14456669,3851,14460520
"696",4,14461026,1126,14462152,1234,14463386,3984,14467370
"697",4,14467873,1129,14469002,1901,14470903,3317,14474220
"698",4,14474727,1126,14475853,1466,14477319,3752,14481071
"699",4,14481573,1130,14482703,1967,14484670,3251,14487921
"700",4,14488438,1615,14490053,1600,14491653,3618,14495271
"701",4,14495764,1172,14496936,1984,14498920,3234,14502154
"702",4,14502634,2153,14504787,1583,14506370,3635,14510005
"703",4,14510529,2374,14512903,1684,14514587,3534,14518121
"704",4,14518635,1135,14519770,1633,14521403,3585,14524988
"705",4,14525504,1133,14526637,1833,14528470,3385,14531855
"706",4,14532360,1127,14533487,1700,14535187,3518,14538705
"707",4,14539210,1127,14540337,1684,14542021,3534,14545555
"708",4,14546079,2025,14548104,1633,14549737,3585,14553322
"709",4,14553810,2461,14556271,2733,14559004,2485,14561489
"710",4,14561999,1122,14563121,1950,14565071,3268,14568339
"711",4,14568852,1136,14569988,1933,14571921,3284,14575205
"712",4,14575699,1122,14576821,2234,14579055,2984,14582039
"713",4,14582555,1133,14583688,2633,14586321,2585,14588906
"714",4,14589430,1125,14590555,1450,14592005,3767,14595772
"715",4,14596259,1312,14597571,5701,14603272,1016,14604288
"716",4,14604789,1549,14606338,2534,14608872,2684,14611556
"717",4,14612051,1721,14613772,3067,14616839,2151,14618990
"718",4,14619519,2119,14621638,5451,14627089,1016,14628105
"719",4,14628600,3655,14632255,4851,14637106,1016,14638122
"720",4,14638625,1380,14640005,3267,14643272,1951,14645223
"721",4,14645732,4357,14650089,2200,14652289,3018,14655307
"722",4,14655810,1312,14657122,2467,14659589,2751,14662340
"723",4,14662847,1125,14663972,2017,14665989,3201,14669190
"724",4,14669703,1136,14670839,2700,14673539,2518,14676057
"725",4,14676589,14634,14691223,2117,14693340,3101,14696441
"726",4,14696940,1133,14698073,1500,14699573,3718,14703291
"727",4,14703805,1135,14704940,1533,14706473,3685,14710158
"728",4,14710657,1316,14711973,2850,14714823,2368,14717191
"729",4,14717695,1295,14718990,1417,14720407,3801,14724208
"730",4,14724734,1123,14725857,1850,14727707,3368,14731075
"731",4,14731587,2587,14734174,1983,14736157,3235,14739392
"732",4,14739901,2139,14742040,1717,14743757,3501,14747258
"733",4,14747764,3010,14750774,3083,14753857,2135,14755992
"734",4,14756497,2094,14758591,1500,14760091,3718,14763809
"735",4,14764323,2085,14766408,2533,14768941,2684,14771625
"736",4,14772128,3646,14775774,2351,14778125,2867,14780992
"737",4,14781483,1508,14782991,3517,14786508,1701,14788209
"738",4,14788706,2052,14790758,2317,14793075,2901,14795976
"739",4,14796498,3327,14799825,2350,14802175,2868,14805043
"740",4,14805562,1346,14806908,1850,14808758,3368,14812126
"741",4,14812641,1401,14814042,4233,14818275,1017,14819292
"742",4,14819796,1496,14821292,1983,14823275,3235,14826510
"743",4,14827029,1196,14828225,1584,14829809,3634,14833443
"744",4,14833952,1323,14835275,2784,14838059,2434,14840493
"745",4,14841006,1120,14842126,3016,14845142,2202,14847344
"746",4,14847858,1134,14848992,2517,14851509,2701,14854210
"747",4,14854735,1124,14855859,1917,14857776,3301,14861077
"748",4,14861570,1389,14862959,2634,14865593,2584,14868177
"749",4,14868701,4175,14872876,2200,14875076,3018,14878094
"750",4,14878619,1357,14879976,1567,14881543,3651,14885194
"751",4,14885706,2154,14887860,4933,14892793,1017,14893810
"752",4,14894290,3220,14897510,2417,14899927,2801,14902728
"753",4,14903227,1133,14904360,2333,14906693,2885,14909578
"754",4,14910084,1126,14911210,2234,14913444,2984,14916428
"755",4,14916937,2540,14919477,2717,14922194,2501,14924695
"756",4,14925187,1123,14926310,2150,14928460,3068,14931528
"757",4,14932033,1344,14933377,4450,14937827,1017,14938844
"758",4,14939352,1742,14941094,4117,14945211,1101,14946312
"759",4,14946828,1133,14947961,2733,14950694,2485,14953179
"760",4,14953686,1125,14954811,1900,14956711,3318,14960029
"761",4,14960507,1137,14961644,1850,14963494,3368,14966862
"762",4,14967378,1133,14968511,2667,14971178,2551,14973729
"763",4,14974254,1124,14975378,2217,14977595,3001,14980596
"764",4,14981105,3456,14984561,2167,14986728,3051,14989779
"765",4,14990291,1904,14992195,1700,14993895,3518,14997413
"766",4,14997927,2768,15000695,2117,15002812,3101,15005913
"767",4,15006424,2938,15009362,3567,15012929,1651,15014580
"768",4,15015069,1959,15017028,2134,15019162,3084,15022246
"769",4,15022754,1875,15024629,1716,15026345,3502,15029847
"770",4,15030363,1432,15031795,1284,15033079,3934,15037013
"771",4,15037527,5652,15043179,1550,15044729,3668,15048397
"772",4,15048905,2657,15051562,2001,15053563,3217,15056780
"773",4,15057299,4680,15061979,1817,15063796,3401,15067197
"774",4,15067702,2911,15070613,1467,15072080,3751,15075831
"775",4,15076346,2300,15078646,3234,15081880,1984,15083864
"776",4,15084375,3171,15087546,1284,15088830,3934,15092764
"777",4,15093287,4709,15097996,3167,15101163,2052,15103215
"778",4,15103721,3459,15107180,1750,15108930,3468,15112398
"779",4,15112914,1133,15114047,1500,15115547,3718,15119265
"780",4,15119785,1129,15120914,1233,15122147,3984,15126131
"781",4,15126640,3357,15129997,1717,15131714,3501,15135215
"782",4,15135737,3627,15139364,1350,15140714,3868,15144582
"783",4,15145105,2976,15148081,17,15148098,5201,15153299
"784",4,15153788,1126,15154914,17,15154931,5201,15160132
"785",4,15160652,1346,15161998,16,15162014,5201,15167215
"786",4,15167749,3032,15170781,17,15170798,5201,15175999
"787",4,15176502,4496,15180998,1350,15182348,3868,15186216
"788",4,15186746,1202,15187948,1550,15189498,3668,15193166
"789",4,15193665,2100,15195765,1617,15197382,3601,15200983
"790",4,15201503,10095,15211598,1301,15212899,3917,15216816
"791",4,15217310,6622,15223932,1334,15225266,3884,15229150
"792",4,15229674,8375,15238049,2400,15240449,2818,15243267
"793",4,15243748,11984,15255732,1517,15257249,3702,15260951
"794",4,15261474,6375,15267849,1500,15269349,3718,15273067
"795",4,15273581,34286,15307867,2850,15310717,2368,15313085
"796",4,15313578,4372,15317950,1734,15319684,3484,15323168
"797",4,15323664,5603,15329267,1900,15331167,3318,15334485
"798",4,15334996,1871,15336867,1834,15338701,3384,15342085
"799",4,15342602,1132,15343734,1367,15345101,3851,15348952
"800",4,15349451,1133,15350584,1584,15352168,3634,15355802
"801",5,1191292,3066,1194358,2831,1197189,2387,1199576
"802",5,1200094,1445,1201539,1383,1202922,3835,1206757
"803",5,1207270,1719,1208989,2050,1211039,3168,1214207
"804",5,1214706,1133,1215839,1050,1216889,4168,1221057
"805",5,1221572,2051,1223623,1200,1224823,4017,1228840
"806",5,1229354,1135,1230489,3234,1233723,1984,1235707
"807",5,1236208,1131,1237339,1134,1238473,4084,1242557
"808",5,1243084,1122,1244206,1734,1245940,3484,1249424
"809",5,1249942,1131,1251073,1333,1252406,3885,1256291
"810",5,1256788,1135,1257923,1383,1259306,3835,1263141
"811",5,1263663,1127,1264790,1450,1266240,3768,1270008
"812",5,1270518,1122,1271640,4983,1276623,1017,1277640
"813",5,1278153,1154,1279307,1050,1280357,4168,1284525
"814",5,1285047,1126,1286173,6534,1292707,1017,1293724
"815",5,1294232,1742,1295974,916,1296890,4301,1301191
"816",5,1301693,1897,1303590,1817,1305407,3401,1308808
"817",5,1309329,1762,1311091,3700,1314791,1517,1316308
"818",5,1316815,1359,1318174,1467,1319641,3751,1323392
"819",5,1323909,1132,1325041,3033,1328074,2185,1330259
"820",5,1330770,1137,1331907,1451,1333358,3767,1337125
"821",5,1337632,1126,1338758,2816,1341574,2401,1343975
"822",5,1344484,1640,1346124,2017,1348141,3201,1351342
"823",5,1351846,1128,1352974,2417,1355391,2801,1358192
"824",5,1358706,1135,1359841,1300,1361141,3918,1365059
"825",5,1365580,1128,1366708,2817,1369525,2401,1371926
"826",5,1372446,1129,1373575,1500,1375075,3718,1378793
"827",5,1379306,1135,1380441,1084,1381525,4134,1385659
"828",5,1386171,1304,1387475,2167,1389642,3051,1392693
"829",5,1393210,1132,1394342,1283,1395625,3935,1399560
"830",5,1400065,1127,1401192,1683,1402875,3535,1406410
"831",5,1406923,1136,1408059,1366,1409425,3852,1413277
"832",5,1413778,1297,1415075,1717,1416792,3501,1420293
"833",5,1420793,1299,1422092,1584,1423676,3634,1427310
"834",5,1427828,1131,1428959,5183,1434142,1017,1435159
"835",5,1435655,1804,1437459,1050,1438509,4168,1442677
"836",5,1443176,1133,1444309,1834,1446143,3384,1449527
"837",5,1450040,1136,1451176,1550,1452726,3668,1456394
"838",5,1456896,1630,1458526,3167,1461693,2051,1463744
"839",5,1464231,1128,1465359,1250,1466609,3968,1470577
"840",5,1471073,1136,1472209,1084,1473293,4134,1477427
"841",5,1477957,1136,1479093,4783,1483876,1017,1484893
"842",5,1485415,1911,1487326,1867,1489193,3351,1492544
"843",5,1493036,1224,1494260,2150,1496410,3068,1499478
"844",5,1500008,1135,1501143,1117,1502260,4101,1506361
"845",5,1506881,1129,1508010,1217,1509227,4001,1513228
"846",5,1513737,1906,1515643,6517,1522160,1017,1523177
"847",5,1523670,1940,1525610,1567,1527177,3651,1530828
"848",5,1531344,1133,1532477,1134,1533611,4084,1537695
"849",5,1538187,3590,1541777,1000,1542777,4218,1546995
"850",5,1547483,1128,1548611,2400,1551011,2817,1553828
"851",5,1554345,1449,1555794,1034,1556828,4184,1561012
"852",5,1561539,1122,1562661,1683,1564344,3535,1567879
"853",5,1568404,1123,1569527,901,1570428,4317,1574745
"854",5,1575261,1750,1577011,1183,1578194,4035,1582229
"855",5,1582758,2203,1584961,1034,1585995,4184,1590179
"856",5,1590687,1624,1592311,1184,1593495,4034,1597529
"857",5,1598039,1122,1599161,1784,1600945,3434,1604379
"858",5,1604883,1362,1606245,867,1607112,4351,1611463
"859",5,1611960,1135,1613095,1883,1614978,3335,1618313
"860",5,1618821,1724,1620545,4650,1625195,1017,1626212
"861",5,1626735,1160,1627895,1200,1629095,4018,1633113
"862",5,1633617,1128,1634745,1134,1635879,4084,1639963
"863",5,1640468,1127,1641595,1250,1642845,3968,1646813
"864",5,1647322,1723,1649045,6334,1655379,1017,1656396
"865",5,1656901,1378,1658279,1883,1660162,3335,1663497
"866",5,1664033,1662,1665695,1351,1667046,3867,1670913
"867",5,1671435,1461,1672896,1517,1674413,3701,1678114
"868",5,1678631,1298,1679929,4000,1683929,1218,1685147
"869",5,1685647,1399,1687046,867,1687913,4351,1692264
"870",5,1692784,1295,1694079,1417,1695496,3801,1699297
"871",5,1699814,1116,1700930,883,1701813,4334,1706147
"872",5,1706666,1330,1707996,767,1708763,4451,1713214
"873",5,1713734,1129,1714863,2017,1716880,3201,1720081
"874",5,1720590,1556,1722146,1951,1724097,3267,1727364
"875",5,1727892,1138,1729030,1367,1730397,3851,1734248
"876",5,1734751,1129,1735880,1183,1737063,4035,1741098
"877",5,1741605,1608,1743213,767,1743980,4451,1748431
"878",5,1748936,1627,1750563,1034,1751597,4184,1755781
"879",5,1756292,1155,1757447,1050,1758497,4168,1762665
"880",5,1763169,1595,1764764,1916,1766680,3302,1769982
"881",5,1770497,1133,1771630,4967,1776597,1017,1777614
"882",5,1778131,1783,1779914,5600,1785514,1017,1786531
"883",5,1787042,1755,1788797,1217,1790014,4001,1794015
"884",5,1794526,1121,1795647,901,1796548,4317,1800865
"885",5,1801390,1124,1802514,1617,1804131,3601,1807732
"886",5,1808261,1137,1809398,1216,1810614,4002,1814616
"887",5,1815138,1760,1816898,2017,1818915,3201,1822116
"888",5,1822626,1355,1823981,1434,1825415,3784,1829199
"889",5,1829714,1134,1830848,967,1831815,4251,1836066
"890",5,1836590,1125,1837715,1217,1838932,4001,1842933
"891",5,1843450,1598,1845048,1567,1846615,3651,1850266
"892",5,1850777,1638,1852415,1634,1854049,3584,1857633
"893",5,1858143,1872,1860015,967,1860982,4251,1865233
"894",5,1865743,1572,1867315,2684,1869999,2534,1872533
"895",5,1873044,1705,1874749,1266,1876015,3952,1879967
"896",5,1880468,1547,1882015,1201,1883216,4017,1887233
"897",5,1887752,1597,1889349,1833,1891182,3385,1894567
"898",5,1895081,1285,1896366,800,1897166,4417,1901583
"899",5,1902093,1273,1903366,1050,1904416,4168,1908584
"900",5,1909099,1550,1910649,1184,1911833,4034,1915867
"901",5,1916388,1128,1917516,783,1918299,4435,1922734
"902",5,1923238,2261,1925499,1201,1926700,4017,1930717
"903",5,1931226,1573,1932799,1267,1934066,3951,1938017
"904",5,1938511,1122,1939633,1283,1940916,3935,1944851
"905",5,1945359,1407,1946766,1301,1948067,3917,1951984
"906",5,1952492,1691,1954183,1184,1955367,4034,1959401
"907",5,1959901,1299,1961200,1167,1962367,4051,1966418
"908",5,1966933,1134,1968067,1333,1969400,3885,1973285
"909",5,1973792,1641,1975433,1417,1976850,3801,1980651
"910",5,1981156,1128,1982284,783,1983067,4434,1987501
"911",5,1988024,1126,1989150,884,1990034,4334,1994368
"912",5,1994874,1126,1996000,1217,1997217,4001,2001218
"913",5,2001747,1587,2003334,817,2004151,4401,2008552
"914",5,2009047,1137,2010184,833,2011017,4385,2015402
"915",5,2015911,1123,2017034,3784,2020818,1434,2022252
"916",5,2022759,2892,2025651,3967,2029618,1251,2030869
"917",5,2031371,1580,2032951,1217,2034168,4001,2038169
"918",5,2038698,1270,2039968,867,2040835,4351,2045186
"919",5,2045686,1598,2047284,10651,2057935,1017,2058952
"920",5,2059442,1659,2061101,1101,2062202,4117,2066319
"921",5,2066835,1133,2067968,950,2068918,4268,2073186
"922",5,2073702,1549,2075251,1084,2076335,4134,2080469
"923",5,2081015,1587,2082602,983,2083585,4235,2087820
"924",5,2088342,1626,2089968,3934,2093902,1284,2095186
"925",5,2095686,1466,2097152,917,2098069,4301,2102370
"926",5,2102891,1128,2104019,783,2104802,4435,2109237
"927",5,2109752,1383,2111135,834,2111969,4384,2116353
"928",5,2116860,2292,2119152,1334,2120486,3884,2124370
"929",5,2124879,1207,2126086,1366,2127452,3852,2131304
"930",5,2131818,1168,2132986,1150,2134136,4068,2138204
"931",5,2138709,1694,2140403,1200,2141603,4017,2145620
"932",5,2146142,1127,2147269,1000,2148269,4218,2152487
"933",5,2152982,1337,2154319,1717,2156036,3501,2159537
"934",5,2160061,1459,2161520,1250,2162770,3967,2166737
"935",5,2167257,2146,2169403,1100,2170503,4118,2174621
"936",5,2175132,1654,2176786,751,2177537,4467,2182004
"937",5,2182523,3464,2185987,933,2186920,4284,2191204
"938",5,2191727,1976,2193703,817,2194520,4401,2198921
"939",5,2199438,2865,2202303,1901,2204204,3317,2207521
"940",5,2208045,1142,2209187,683,2209870,4535,2214405
"941",5,2214910,1727,2216637,1117,2217754,4101,2221855
"942",5,2222349,1621,2223970,951,2224921,4267,2229188
"943",5,2229693,1161,2230854,1067,2231921,4151,2236072
"944",5,2236587,1634,2238221,750,2238971,4468,2243439
"945",5,2243980,1258,2245238,716,2245954,4501,2250455
"946",5,2250968,1603,2252571,1017,2253588,4201,2257789
"947",5,2258309,1145,2259454,850,2260304,4368,2264672
"948",5,2265184,1354,2266538,683,2267221,4535,2271756
"949",5,2272281,1257,2273538,1717,2275255,3501,2278756
"950",5,2279264,1124,2280388,1433,2281821,3785,2285606
"951",5,2286112,1126,2287238,967,2288205,4251,2292456
"952",5,2292976,1479,2294455,667,2295122,4551,2299673
"953",5,2300173,1132,2301305,967,2302272,4251,2306523
"954",5,2307040,1165,2308205,750,2308955,4468,2313423
"955",5,2313933,1355,2315288,1017,2316305,4201,2320506
"956",5,2321031,1124,2322155,3100,2325255,2118,2327373
"957",5,2327896,2459,2330355,1984,2332339,3234,2335573
"958",5,2336099,1140,2337239,2417,2339656,2801,2342457
"959",5,2342973,1833,2344806,1116,2345922,4101,2350023
"960",5,2350536,2020,2352556,1383,2353939,3835,2357774
"961",5,2358281,1475,2359756,1450,2361206,3768,2364974
"962",5,2365482,1524,2367006,1417,2368423,3801,2372224
"963",5,2372745,1661,2374406,1367,2375773,3851,2379624
"964",5,2380155,1134,2381289,717,2382006,4501,2386507
"965",5,2387028,1128,2388156,917,2389073,4301,2393374
"966",5,2393874,1132,2395006,1167,2396173,4051,2400224
"967",5,2400720,1320,2402040,800,2402840,4418,2407258
"968",5,2407787,1136,2408923,867,2409790,4351,2414141
"969",5,2414664,1126,2415790,1233,2417023,3985,2421008
"970",5,2421518,2239,2423757,983,2424740,4235,2428975
"971",5,2429494,1996,2431490,750,2432240,4468,2436708
"972",5,2437227,1630,2438857,1033,2439890,4185,2444075
"973",5,2444596,1111,2445707,967,2446674,4251,2450925
"974",5,2451447,1127,2452574,750,2453324,4468,2457792
"975",5,2458318,1123,2459441,1750,2461191,3468,2464659
"976",5,2465185,2356,2467541,1567,2469108,3651,2472759
"977",5,2473282,1842,2475124,700,2475824,4518,2480342
"978",5,2480841,1300,2482141,650,2482791,4568,2487359
"979",5,2487888,1820,2489708,767,2490475,4451,2494926
"980",5,2495451,1123,2496574,867,2497441,4351,2501792
"981",5,2502332,1626,2503958,834,2504792,4384,2509176
"982",5,2509689,1569,2511258,917,2512175,4301,2516476
"983",5,2516984,1708,2518692,766,2519458,4451,2523909
"984",5,2524425,1933,2526358,734,2527092,4484,2531576
"985",5,2532095,1547,2533642,783,2534425,4435,2538860
"986",5,2539365,1410,2540775,1084,2541859,4134,2545993
"987",5,2546502,1373,2547875,701,2548576,4517,2553093
"988",5,2553607,1135,2554742,900,2555642,4318,2559960
"989",5,2560479,1130,2561609,1050,2562659,4168,2566827
"990",5,2567328,1131,2568459,817,2569276,4401,2573677
"991",5,2574209,1984,2576193,700,2576893,4517,2581410
"992",5,2581921,1338,2583259,1634,2584893,3584,2588477
"993",5,2588982,1127,2590109,617,2590726,4601,2595327
"994",5,2595840,2319,2598159,1217,2599376,4001,2603377
"995",5,2603908,1885,2605793,1033,2606826,4185,2611011
"996",5,2611511,1115,2612626,967,2613593,4251,2617844
"997",5,2618352,4874,2623226,1801,2625027,3417,2628444
"998",5,2628948,1945,2630893,1234,2632127,3984,2636111
"999",5,2636620,1123,2637743,1500,2639243,3718,2642961
"1000",5,2643463,1130,2644593,3067,2647660,2151,2649811
"1001",6,4894543,2402,4896945,1550,4898495,3668,4902163
"1002",6,4902660,1135,4903795,2217,4906012,3001,4909013
"1003",6,4909528,1267,4910795,1534,4912329,3684,4916013
"1004",6,4916517,1128,4917645,3100,4920745,2118,4922863
"1005",6,4923376,1136,4924512,2934,4927446,2284,4929730
"1006",6,4930257,1122,4931379,4583,4935962,1017,4936979
"1007",6,4937482,2480,4939962,1800,4941762,3418,4945180
"1008",6,4945695,1134,4946829,4684,4951513,1016,4952529
"1009",6,4953049,1397,4954446,2317,4956763,2901,4959664
"1010",6,4960182,1130,4961312,4151,4965463,1067,4966530
"1011",6,4967048,1931,4968979,1851,4970830,3367,4974197
"1012",6,4974720,2759,4977479,2717,4980196,2501,4982697
"1013",6,4983203,1126,4984329,1418,4985747,3800,4989547
"1014",6,4990079,1134,4991213,2467,4993680,2751,4996431
"1015",6,4996946,1134,4998080,2817,5000897,2401,5003298
"1016",6,5003822,1125,5004947,3233,5008180,1984,5010164
"1017",6,5010682,1248,5011930,3284,5015214,1934,5017148
"1018",6,5017641,1272,5018913,3101,5022014,2117,5024131
"1019",6,5024646,1451,5026097,3650,5029747,1568,5031315
"1020",6,5031837,1910,5033747,6700,5040447,1017,5041464
"1021",6,5041958,2056,5044014,1717,5045731,3501,5049232
"1022",6,5049749,1315,5051064,2584,5053648,2634,5056282
"1023",6,5056777,2237,5059014,3084,5062098,2134,5064232
"1024",6,5064739,1292,5066031,1467,5067498,3751,5071249
"1025",6,5071764,1134,5072898,1717,5074615,3501,5078116
"1026",6,5078629,1135,5079764,1234,5080998,3985,5084983
"1027",6,5085471,2993,5088464,1651,5090115,3567,5093682
"1028",6,5094177,1138,5095315,1966,5097281,3252,5100533
"1029",6,5101042,1123,5102165,1833,5103998,3385,5107383
"1030",6,5107881,1134,5109015,1283,5110298,3935,5114233
"1031",6,5114752,4946,5119698,3701,5123399,1517,5124916
"1032",6,5125417,1131,5126548,2767,5129315,2451,5131766
"1033",6,5132274,1125,5133399,1733,5135132,3485,5138617
"1034",6,5139129,1836,5140965,2084,5143049,3134,5146183
"1035",6,5146697,1135,5147832,1517,5149349,3701,5153050
"1036",6,5153539,1993,5155532,3267,5158799,1951,5160750
"1037",6,5161257,1292,5162549,4250,5166799,1017,5167816
"1038",6,5168350,1266,5169616,4633,5174249,1017,5175266
"1039",6,5175778,2338,5178116,1400,5179516,3818,5183334
"1040",6,5183850,2016,5185866,1600,5187466,3618,5191084
"1041",6,5191588,1128,5192716,2600,5195316,2618,5197934
"1042",6,5198458,2558,5201016,917,5201933,4301,5206234
"1043",6,5206723,1260,5207983,2300,5210283,2918,5213201
"1044",6,5213693,3957,5217650,1517,5219167,3701,5222868
"1045",6,5223390,2027,5225417,3967,5229384,1251,5230635
"1046",6,5231166,1301,5232467,1017,5233484,4201,5237685
"1047",6,5238202,1131,5239333,1418,5240751,3801,5244552
"1048",6,5245054,1130,5246184,1417,5247601,3801,5251402
"1049",6,5251927,1123,5253050,1867,5254917,3352,5258269
"1050",6,5258782,1269,5260051,4266,5264317,1017,5265334
"1051",6,5265854,1130,5266984,3150,5270134,2068,5272202
"1052",6,5272715,1136,5273851,1717,5275568,3501,5279069
"1053",6,5279580,3188,5282768,1333,5284101,3885,5287986
"1054",6,5288502,2316,5290818,1200,5292018,4018,5296036
"1055",6,5296530,1705,5298235,1366,5299601,3851,5303452
"1056",6,5303965,1136,5305101,2834,5307935,2384,5310319
"1057",6,5310830,1122,5311952,1466,5313418,3751,5317169
"1058",6,5317675,1327,5319002,966,5319968,4251,5324219
"1059",6,5324737,1131,5325868,1500,5327368,3718,5331086
"1060",6,5331602,2966,5334568,4284,5338852,1017,5339869
"1061",6,5340379,1123,5341502,1150,5342652,4068,5346720
"1062",6,5347221,1131,5348352,1200,5349552,4018,5353570
"1063",6,5354070,1132,5355202,1200,5356402,4018,5360420
"1064",6,5360933,4053,5364986,1583,5366569,3635,5370204
"1065",6,5370730,1122,5371852,934,5372786,4284,5377070
"1066",6,5377568,1301,5378869,1234,5380103,3984,5384087
"1067",6,5384610,1376,5385986,2867,5388853,2351,5391204
"1068",6,5391713,1123,5392836,2584,5395420,2634,5398054
"1069",6,5398558,3262,5401820,1716,5403536,3501,5407037
"1070",6,5407539,1131,5408670,1217,5409887,4000,5413887
"1071",6,5414394,1126,5415520,3517,5419037,1701,5420738
"1072",6,5421237,2616,5423853,1484,5425337,3734,5429071
"1073",6,5429575,1295,5430870,2884,5433754,2334,5436088
"1074",6,5436611,1359,5437970,2000,5439970,3218,5443188
"1075",6,5443699,1288,5444987,2117,5447104,3101,5450205
"1076",6,5450702,1135,5451837,2300,5454137,2918,5457055
"1077",6,5457564,1123,5458687,1817,5460504,3401,5463905
"1078",6,5464407,1130,5465537,2850,5468387,2368,5470755
"1079",6,5471270,1351,5472621,1300,5473921,3918,5477839
"1080",6,5478338,1133,5479471,2600,5482071,2618,5484689
"1081",6,5485195,1242,5486437,1384,5487821,3834,5491655
"1082",6,5492156,1265,5493421,1467,5494888,3751,5498639
"1083",6,5499157,1131,5500288,1467,5501755,3751,5505506
"1084",6,5506015,2090,5508105,4816,5512921,1017,5513938
"1085",6,5514431,1124,5515555,1567,5517122,3650,5520772
"1086",6,5521285,1136,5522421,1217,5523638,4001,5527639
"1087",6,5528173,1132,5529305,1900,5531205,3318,5534523
"1088",6,5535040,1131,5536171,1167,5537338,4051,5541389
"1089",6,5541909,1129,5543038,1134,5544172,4084,5548256
"1090",6,5548767,1121,5549888,1317,5551205,3901,5555106
"1091",6,5555613,1126,5556739,1417,5558156,3801,5561957
"1092",6,5562472,1133,5563605,1567,5565172,3651,5568823
"1093",6,5569364,1125,5570489,1167,5571656,4051,5575707
"1094",6,5576214,4542,5580756,1983,5582739,3235,5585974
"1095",6,5586493,1129,5587622,4917,5592539,1017,5593556
"1096",6,5594068,2371,5596439,1217,5597656,4001,5601657
"1097",6,5602172,1267,5603439,2034,5605473,3184,5608657
"1098",6,5609170,1136,5610306,3300,5613606,1918,5615524
"1099",6,5616031,1125,5617156,1617,5618773,3601,5622374
"1100",6,5622891,1132,5624023,1000,5625023,4218,5629241
"1101",6,5629757,1783,5631540,2867,5634407,2351,5636758
"1102",6,5637254,1302,5638556,2967,5641523,2251,5643774
"1103",6,5644309,1264,5645573,2684,5648257,2534,5650791
"1104",6,5651289,1134,5652423,1434,5653857,3784,5657641
"1105",6,5658150,1124,5659274,1433,5660707,3784,5664491
"1106",6,5664985,1122,5666107,1383,5667490,3835,5671325
"1107",6,5671845,1929,5673774,1783,5675557,3435,5678992
"1108",6,5679507,1133,5680640,2184,5682824,3034,5685858
"1109",6,5686352,1155,5687507,1184,5688691,4034,5692725
"1110",6,5693234,1440,5694674,1267,5695941,3951,5699892
"1111",6,5700394,1364,5701758,2200,5703958,3017,5706975
"1112",6,5707490,1134,5708624,2501,5711125,2717,5713842
"1113",6,5714358,1266,5715624,2101,5717725,3117,5720842
"1114",6,5721370,3038,5724408,1867,5726275,3351,5729626
"1115",6,5730145,1130,5731275,2100,5733375,3118,5736493
"1116",6,5736994,1131,5738125,1250,5739375,3968,5743343
"1117",6,5743848,1344,5745192,1550,5746742,3668,5750410
"1118",6,5750913,1129,5752042,1717,5753759,3501,5757260
"1119",6,5757763,1129,5758892,1800,5760692,3418,5764110
"1120",6,5764617,1775,5766392,1467,5767859,3751,5771610
"1121",6,5772130,1129,5773259,1100,5774359,4118,5778477
"1122",6,5778985,1740,5780725,2801,5783526,2417,5785943
"1123",6,5786459,1133,5787592,1800,5789392,3418,5792810
"1124",6,5793306,1136,5794442,2401,5796843,2817,5799660
"1125",6,5800182,2160,5802342,1417,5803759,3801,5807560
"1126",6,5808066,1393,5809459,1734,5811193,3484,5814677
"1127",6,5815168,1125,5816293,1467,5817760,3751,5821511
"1128",6,5822015,1128,5823143,1233,5824376,3985,5828361
"1129",6,5828882,2678,5831560,2000,5833560,3217,5836777
"1130",6,5837300,2410,5839710,1233,5840943,3985,5844928
"1131",6,5845441,1136,5846577,1500,5848077,3717,5851794
"1132",6,5852300,1110,5853410,1983,5855393,3235,5858628
"1133",6,5859102,1225,5860327,1667,5861994,3550,5865544
"1134",6,5866069,1124,5867193,2967,5870160,2251,5872411
"1135",6,5872923,1187,5874110,2184,5876294,3034,5879328
"1136",6,5879845,1132,5880977,1934,5882911,3284,5886195
"1137",6,5886710,1134,5887844,1450,5889294,3768,5893062
"1138",6,5893567,1277,5894844,1183,5896027,4035,5900062
"1139",6,5900554,1123,5901677,1001,5902678,4217,5906895
"1140",6,5907400,1128,5908528,1400,5909928,3817,5913745
"1141",6,5914272,1122,5915394,1767,5917161,3451,5920612
"1142",6,5921125,1136,5922261,1334,5923595,3884,5927479
"1143",6,5927977,1134,5929111,2300,5931411,2918,5934329
"1144",6,5934847,1131,5935978,1667,5937645,3551,5941196
"1145",6,5941711,1467,5943178,1667,5944845,3551,5948396
"1146",6,5948907,1255,5950162,1500,5951662,3717,5955379
"1147",6,5955869,1126,5956995,1817,5958812,3401,5962213
"1148",6,5962723,1122,5963845,2500,5966345,2718,5969063
"1149",6,5969574,1504,5971078,1367,5972445,3851,5976296
"1150",6,5976827,1135,5977962,1233,5979195,3985,5983180
"1151",6,5983699,3963,5987662,1617,5989279,3601,5992880
"1152",6,5993370,1125,5994495,2217,5996712,3001,5999713
"1153",6,6000235,1127,6001362,1451,6002813,3767,6006580
"1154",6,6007103,1126,6008229,2250,6010479,2968,6013447
"1155",6,6013966,1130,6015096,983,6016079,4235,6020314
"1156",6,6020816,4547,6025363,3350,6028713,1868,6030581
"1157",6,6031099,4664,6035763,3200,6038963,2018,6040981
"1158",6,6041504,2509,6044013,1150,6045163,4068,6049231
"1159",6,6049730,1133,6050863,2884,6053747,2334,6056081
"1160",6,6056589,2257,6058846,1651,6060497,3567,6064064
"1161",6,6064565,1132,6065697,2083,6067780,3135,6070915
"1162",6,6071419,1428,6072847,1250,6074097,3968,6078065
"1163",6,6078558,1122,6079680,2334,6082014,2884,6084898
"1164",6,6085417,1130,6086547,1300,6087847,3918,6091765
"1165",6,6092283,2198,6094481,5166,6099647,1017,6100664
"1166",6,6101178,3119,6104297,2267,6106564,2951,6109515
"1167",6,6110032,1132,6111164,2784,6113948,2434,6116382
"1168",6,6116894,1137,6118031,2050,6120081,3168,6123249
"1169",6,6123772,1209,6124981,1517,6126498,3701,6130199
"1170",6,6130709,2655,6133364,2301,6135665,2917,6138582
"1171",6,6139084,1130,6140214,1951,6142165,3267,6145432
"1172",6,6145934,1131,6147065,1600,6148665,3617,6152282
"1173",6,6152772,1126,6153898,1100,6154998,4118,6159116
"1174",6,6159630,3002,6162632,1216,6163848,4001,6167849
"1175",6,6168384,1131,6169515,3900,6173415,1318,6174733
"1176",6,6175255,2210,6177465,3700,6181165,1518,6182683
"1177",6,6183180,1152,6184332,2367,6186699,2851,6189550
"1178",6,6190067,6982,6197049,2433,6199482,2785,6202267
"1179",6,6202803,2046,6204849,2350,6207199,2868,6210067
"1180",6,6210590,3876,6214466,1267,6215733,3951,6219684
"1181",6,6220214,1268,6221482,2434,6223916,2784,6226700
"1182",6,6227214,1885,6229099,1384,6230483,3834,6234317
"1183",6,6234821,1128,6235949,1334,6237283,3884,6241167
"1184",6,6241685,1398,6243083,1533,6244616,3685,6248301
"1185",6,6248819,4447,6253266,2167,6255433,3051,6258484
"1186",6,6258975,2508,6261483,2884,6264367,2334,6266701
"1187",6,6267232,3951,6271183,1700,6272883,3518,6276401
"1188",6,6276918,1132,6278050,2517,6280567,2701,6283268
"1189",6,6283777,1406,6285183,3267,6288450,1951,6290401
"1190",6,6290931,6803,6297734,2050,6299784,3168,6302952
"1191",6,6303458,7326,6310784,2400,6313184,2818,6316002
"1192",6,6316522,1462,6317984,2200,6320184,3018,6323202
"1193",6,6323710,1124,6324834,2400,6327234,2818,6330052
"1194",6,6330555,1129,6331684,1484,6333168,3734,6336902
"1195",6,6337433,3835,6341268,1133,6342401,4085,6346486
"1196",6,6347007,4511,6351518,1567,6353085,3651,6356736
"1197",6,6357247,3638,6360885,5350,6366235,1017,6367252
"1198",6,6367754,1131,6368885,2317,6371202,2901,6374103
"1199",6,6374628,1124,6375752,833,6376585,4384,6380969
"1200",6,6381456,3646,6385102,1267,6386369,3951,6390320
"1201",7,12952247,1126,12953373,7798,12961171,1016,12962187
"1202",7,12962720,1301,12964021,7433,12971454,1017,12972471
"1203",7,12972963,1124,12974087,2467,12976554,2751,12979305
"1204",7,12979827,1127,12980954,3734,12984688,1484,12986172
"1205",7,12986690,1131,12987821,3633,12991454,1585,12993039
"1206",7,12993542,1129,12994671,2400,12997071,2818,12999889
"1207",7,13000383,1121,13001504,1917,13003421,3301,13006722
"1208",7,13007204,1134,13008338,1434,13009772,3784,13013556
"1209",7,13014068,1137,13015205,1850,13017055,3368,13020423
"1210",7,13020934,1137,13022071,1134,13023205,4084,13027289
"1211",7,13027808,6847,13034655,2817,13037472,2401,13039873
"1212",7,13040403,1135,13041538,1567,13043105,3651,13046756
"1213",7,13047258,1130,13048388,8351,13056739,1016,13057755
"1214",7,13058271,1134,13059405,1667,13061072,3551,13064623
"1215",7,13065119,1136,13066255,1684,13067939,3534,13071473
"1216",7,13072004,1135,13073139,2750,13075889,2468,13078357
"1217",7,13078859,1347,13080206,1133,13081339,4085,13085424
"1218",7,13085937,1202,13087139,1350,13088489,3868,13092357
"1219",7,13092880,1126,13094006,2667,13096673,2551,13099224
"1220",7,13099742,1131,13100873,2733,13103606,2485,13106091
"1221",7,13106632,1124,13107756,1450,13109206,3768,13112974
"1222",7,13113499,1124,13114623,1400,13116023,3818,13119841
"1223",7,13120345,1128,13121473,1317,13122790,3901,13126691
"1224",7,13127213,1127,13128340,1517,13129857,3701,13133558
"1225",7,13134064,1126,13135190,1433,13136623,3785,13140408
"1226",7,13140914,1126,13142040,1333,13143373,3885,13147258
"1227",7,13147785,1122,13148907,1183,13150090,4035,13154125
"1228",7,13154622,1135,13155757,1383,13157140,3835,13160975
"1229",7,13161481,1126,13162607,2400,13165007,2818,13167825
"1230",7,13168335,1122,13169457,1534,13170991,3684,13174675
"1231",7,13175163,1127,13176290,1167,13177457,4051,13181508
"1232",7,13182013,1128,13183141,1050,13184191,4168,13188359
"1233",7,13188861,1130,13189991,2583,13192574,2635,13195209
"1234",7,13195725,1132,13196857,867,13197724,4352,13202076
"1235",7,13202582,1126,13203708,1133,13204841,4085,13208926
"1236",7,13209444,4514,13213958,1600,13215558,3618,13219176
"1237",7,13219697,1128,13220825,900,13221725,4318,13226043
"1238",7,13226569,1122,13227691,2367,13230058,2851,13232909
"1239",7,13233423,1135,13234558,1134,13235692,4084,13239776
"1240",7,13240293,1132,13241425,883,13242308,4335,13246643
"1241",7,13247164,8228,13255392,1600,13256992,3618,13260610
"1242",7,13261126,1133,13262259,1200,13263459,4017,13267476
"1243",7,13267986,1123,13269109,1733,13270842,3485,13274327
"1244",7,13274828,1314,13276142,867,13277009,4351,13281360
"1245",7,13281884,1125,13283009,2850,13285859,2368,13288227
"1246",7,13288718,1124,13289842,2601,13292443,2617,13295060
"1247",7,13295563,1479,13297042,2634,13299676,2584,13302260
"1248",7,13302785,1124,13303909,1067,13304976,4151,13309127
"1249",7,13309625,1134,13310759,1484,13312243,3734,13315977
"1250",7,13316476,1133,13317609,1251,13318860,3967,13322827
"1251",7,13323348,1128,13324476,2517,13326993,2701,13329694
"1252",7,13330206,1304,13331510,1400,13332910,3818,13336728
"1253",7,13337245,1131,13338376,1817,13340193,3401,13343594
"1254",7,13344114,1129,13345243,1467,13346710,3751,13350461
"1255",7,13350967,1127,13352094,1300,13353394,3918,13357312
"1256",7,13357824,1336,13359160,934,13360094,4284,13364378
"1257",7,13364874,1136,13366010,1217,13367227,4001,13371228
"1258",7,13371762,1132,13372894,1283,13374177,3935,13378112
"1259",7,13378629,1131,13379760,1284,13381044,3935,13384979
"1260",7,13385475,1135,13386610,1984,13388594,3234,13391828
"1261",7,13392324,1137,13393461,1433,13394894,3785,13398679
"1262",7,13399193,1134,13400327,1384,13401711,3834,13405545
"1263",7,13406067,1327,13407394,1200,13408594,4018,13412612
"1264",7,13413137,1307,13414444,1767,13416211,3451,13419662
"1265",7,13420193,1135,13421328,1167,13422495,4051,13426546
"1266",7,13427059,1136,13428195,966,13429161,4251,13433412
"1267",7,13433915,1130,13435045,883,13435928,4335,13440263
"1268",7,13440780,1131,13441911,851,13442762,4367,13447129
"1269",7,13447627,1135,13448762,1950,13450712,3267,13453979
"1270",7,13454497,1381,13455878,2500,13458378,2718,13461096
"1271",7,13461621,1124,13462745,1484,13464229,3734,13467963
"1272",7,13468494,1134,13469628,1451,13471079,3768,13474847
"1273",7,13475352,1127,13476479,950,13477429,4268,13481697
"1274",7,13482182,1130,13483312,2184,13485496,3034,13488530
"1275",7,13489042,1137,13490179,1367,13491546,3851,13495397
"1276",7,13495903,1676,13497579,1050,13498629,4168,13502797
"1277",7,13503322,1124,13504446,1533,13505979,3685,13509664
"1278",7,13510178,1268,13511446,1500,13512946,3718,13516664
"1279",7,13517168,2011,13519179,2251,13521430,2967,13524397
"1280",7,13524904,1292,13526196,1184,13527380,4034,13531414
"1281",7,13531938,2141,13534079,1067,13535146,4152,13539298
"1282",7,13539808,1238,13541046,1701,13542747,3517,13546264
"1283",7,13546801,1129,13547930,1350,13549280,3868,13553148
"1284",7,13553652,1128,13554780,1434,13556214,3784,13559998
"1285",7,13560529,1134,13561663,1984,13563647,3234,13566881
"1286",7,13567384,1129,13568513,1401,13569914,3817,13573731
"1287",7,13574234,1130,13575364,1400,13576764,3818,13580582
"1288",7,13581095,1869,13582964,1383,13584347,3835,13588182
"1289",7,13588695,1135,13589830,1184,13591014,4034,13595048
"1290",7,13595574,1123,13596697,884,13597581,4334,13601915
"1291",7,13602426,1138,13603564,1450,13605014,3768,13608782
"1292",7,13609274,1123,13610397,1584,13611981,3634,13615615
"1293",7,13616119,1129,13617248,2266,13619514,2952,13622466
"1294",7,13623006,1125,13624131,900,13625031,4318,13629349
"1295",7,13629871,1127,13630998,1617,13632615,3601,13636216
"1296",7,13636725,1123,13637848,1150,13638998,4068,13643066
"1297",7,13643584,1131,13644715,1133,13645848,4085,13649933
"1298",7,13650433,1332,13651765,2283,13654048,2935,13656983
"1299",7,13657495,1137,13658632,1366,13659998,3851,13663849
"1300",7,13664371,1127,13665498,1167,13666665,4051,13670716
"1301",7,13671226,1122,13672348,734,13673082,4484,13677566
"1302",7,13678080,1402,13679482,3517,13682999,1701,13684700
"1303",7,13685219,1130,13686349,1600,13687949,3618,13691567
"1304",7,13692093,1122,13693215,1267,13694482,3951,13698433
"1305",7,13698931,1135,13700066,1316,13701382,3902,13705284
"1306",7,13705791,1125,13706916,4267,13711183,1016,13712199
"1307",7,13712711,1571,13714282,1901,13716183,3317,13719500
"1308",7,13720006,1427,13721433,1266,13722699,3952,13726651
"1309",7,13727150,1133,13728283,1333,13729616,3885,13733501
"1310",7,13734012,1137,13735149,1984,13737133,3234,13740367
"1311",7,13740902,1131,13742033,2317,13744350,2901,13747251
"1312",7,13747771,2095,13749866,1217,13751083,4001,13755084
"1313",7,13755589,1127,13756716,1367,13758083,3851,13761934
"1314",7,13762426,1291,13763717,1333,13765050,3885,13768935
"1315",7,13769446,1137,13770583,1134,13771717,4084,13775801
"1316",7,13776314,1419,13777733,1784,13779517,3434,13782951
"1317",7,13783467,1133,13784600,1900,13786500,3318,13789818
"1318",7,13790337,1130,13791467,1917,13793384,3301,13796685
"1319",7,13797218,2966,13800184,1700,13801884,3518,13805402
"1320",7,13805885,1632,13807517,1284,13808801,3934,13812735
"1321",7,13813262,1122,13814384,1350,13815734,3868,13819602
"1322",7,13820114,1137,13821251,1617,13822868,3601,13826469
"1323",7,13826983,1435,13828418,3200,13831618,2017,13833635
"1324",7,13834152,1416,13835568,1716,13837284,3502,13840786
"1325",7,13841315,1136,13842451,1917,13844368,3301,13847669
"1326",7,13848188,1463,13849651,2517,13852168,2701,13854869
"1327",7,13855381,1137,13856518,1467,13857985,3751,13861736
"1328",7,13862244,1291,13863535,950,13864485,4268,13868753
"1329",7,13869265,1137,13870402,1683,13872085,3535,13875620
"1330",7,13876128,1124,13877252,1567,13878819,3651,13882470
"1331",7,13882970,1132,13884102,1383,13885485,3835,13889320
"1332",7,13889835,1300,13891135,1917,13893052,3301,13896353
"1333",7,13896856,1129,13897985,1684,13899669,3534,13903203
"1334",7,13903721,1131,13904852,1417,13906269,3801,13910070
"1335",7,13910571,1131,13911702,1001,13912703,4217,13916920
"1336",7,13917436,2950,13920386,1150,13921536,4068,13925604
"1337",7,13926109,1127,13927236,2150,13929386,3068,13932454
"1338",7,13932941,1212,13934153,866,13935019,4352,13939371
"1339",7,13939883,1136,13941019,1451,13942470,3767,13946237
"1340",7,13946762,1241,13948003,1833,13949836,3385,13953221
"1341",7,13953742,1128,13954870,1216,13956086,4002,13960088
"1342",7,13960601,1352,13961953,934,13962887,4284,13967171
"1343",7,13967694,2076,13969770,1600,13971370,3618,13974988
"1344",7,13975489,1498,13976987,1417,13978404,3801,13982205
"1345",7,13982727,1126,13983853,1267,13985120,3951,13989071
"1346",7,13989582,1138,13990720,1501,13992221,3717,13995938
"1347",7,13996457,1130,13997587,1433,13999020,3785,14002805
"1348",7,14003317,2537,14005854,1333,14007187,3885,14011072
"1349",7,14011581,2523,14014104,1367,14015471,3851,14019322
"1350",7,14019829,1125,14020954,1084,14022038,4134,14026172
"1351",7,14026663,2824,14029487,934,14030421,4284,14034705
"1352",7,14035218,1136,14036354,3750,14040104,1468,14041572
"1353",7,14042100,1271,14043371,850,14044221,4368,14048589
"1354",7,14049106,1132,14050238,1233,14051471,3985,14055456
"1355",7,14055959,1129,14057088,1467,14058555,3751,14062306
"1356",7,14062826,1395,14064221,1067,14065288,4151,14069439
"1357",7,14069932,1123,14071055,1967,14073022,3251,14076273
"1358",7,14076776,1329,14078105,1083,14079188,4135,14083323
"1359",7,14083842,1130,14084972,1150,14086122,4068,14090190
"1360",7,14090704,4151,14094855,2350,14097205,2868,14100073
"1361",7,14100595,1127,14101722,1100,14102822,4118,14106940
"1362",7,14107433,1122,14108555,1267,14109822,3951,14113773
"1363",7,14114287,1135,14115422,1417,14116839,3801,14120640
"1364",7,14121141,1131,14122272,1717,14123989,3501,14127490
"1365",7,14127995,2044,14130039,2200,14132239,3018,14135257
"1366",7,14135773,3550,14139323,2050,14141373,3168,14144541
"1367",7,14145060,1129,14146189,2667,14148856,2551,14151407
"1368",7,14151941,1415,14153356,1600,14154956,3618,14158574
"1369",7,14159102,1138,14160240,1366,14161606,3852,14165458
"1370",7,14165972,1201,14167173,1500,14168673,3718,14172391
"1371",7,14172935,1121,14174056,1084,14175140,4134,14179274
"1372",7,14179788,1135,14180923,1284,14182207,3934,14186141
"1373",7,14186627,1130,14187757,1067,14188824,4151,14192975
"1374",7,14193493,1130,14194623,1467,14196090,3751,14199841
"1375",7,14200346,1194,14201540,900,14202440,4318,14206758
"1376",7,14207278,1129,14208407,1434,14209841,3784,14213625
"1377",7,14214141,1133,14215274,1967,14217241,3251,14220492
"1378",7,14220979,1412,14222391,1500,14223891,3718,14227609
"1379",7,14228131,1460,14229591,2383,14231974,2835,14234809
"1380",7,14235338,3369,14238707,1051,14239758,4168,14243926
"1381",7,14244446,1128,14245574,2250,14247824,2968,14250792
"1382",7,14251285,1123,14252408,1117,14253525,4101,14257626
"1383",7,14258137,1121,14259258,1233,14260491,3985,14264476
"1384",7,14265002,1123,14266125,2100,14268225,3117,14271342
"1385",7,14271845,1130,14272975,1400,14274375,3818,14278193
"1386",7,14278696,1129,14279825,1200,14281025,4018,14285043
"1387",7,14285542,1133,14286675,1150,14287825,4068,14291893
"1388",7,14292403,1122,14293525,1534,14295059,3684,14298743
"1389",7,14299252,1123,14300375,1284,14301659,3934,14305593
"1390",7,14306097,1128,14307225,1484,14308709,3734,14312443
"1391",7,14312957,1135,14314092,1084,14315176,4134,14319310
"1392",7,14319817,1125,14320942,1900,14322842,3318,14326160
"1393",7,14326667,1125,14327792,1200,14328992,4018,14333010
"1394",7,14333515,1127,14334642,1284,14335926,3934,14339860
"1395",7,14340353,1123,14341476,1350,14342826,3868,14346694
"1396",7,14347196,1130,14348326,1234,14349560,3984,14353544
"1397",7,14354062,1131,14355193,1067,14356260,4151,14360411
"1398",7,14360927,1133,14362060,1250,14363310,3967,14367277
"1399",7,14367781,1129,14368910,1033,14369943,4185,14374128
"1400",7,14374656,1137,14375793,1150,14376943,4068,14381011
"1401",8,17109842,2161,17112003,1501,17113504,3718,17117222
"1402",8,17117740,1697,17119437,2067,17121504,3151,17124655
"1403",8,17125144,1126,17126270,3267,17129537,1951,17131488
"1404",8,17132002,1135,17133137,2717,17135854,2501,17138355
"1405",8,17138864,1123,17139987,2034,17142021,3184,17145205
"1406",8,17145723,1631,17147354,2517,17149871,2701,17152572
"1407",8,17153079,1792,17154871,1867,17156738,3351,17160089
"1408",8,17160606,1132,17161738,1100,17162838,4117,17166955
"1409",8,17167446,1825,17169271,1600,17170871,3618,17174489
"1410",8,17174984,1704,17176688,3167,17179855,2051,17181906
"1411",8,17182415,1940,17184355,1033,17185388,4184,17189572
"1412",8,17190075,1646,17191721,1334,17193055,3884,17196939
"1413",8,17197461,1644,17199105,3683,17202788,1535,17204323
"1414",8,17204830,1125,17205955,5533,17211488,1017,17212505
"1415",8,17213030,1125,17214155,2934,17217089,2284,17219373
"1416",8,17219902,1570,17221472,1467,17222939,3751,17226690
"1417",8,17227182,2390,17229572,4633,17234205,1017,17235222
"1418",8,17235742,1263,17237005,2017,17239022,3201,17242223
"1419",8,17242740,1132,17243872,2817,17246689,2401,17249090
"1420",8,17249610,1129,17250739,1533,17252272,3685,17255957
"1421",8,17256477,1662,17258139,1467,17259606,3751,17263357
"1422",8,17263884,1739,17265623,1350,17266973,3868,17270841
"1423",8,17271354,1652,17273006,1667,17274673,3551,17278224
"1424",8,17278727,1646,17280373,1767,17282140,3451,17285591
"1425",8,17286101,2339,17288440,2416,17290856,2802,17293658
"1426",8,17294182,1908,17296090,1933,17298023,3285,17301308
"1427",8,17301823,1133,17302956,2684,17305640,2534,17308174
"1428",8,17308700,1690,17310390,2267,17312657,2951,17315608
"1429",8,17316095,1695,17317790,7600,17325390,1017,17326407
"1430",8,17326903,2304,17329207,2583,17331790,2635,17334425
"1431",8,17334914,4193,17339107,3300,17342407,1918,17344325
"1432",8,17344856,4351,17349207,1800,17351007,3418,17354425
"1433",8,17354939,4268,17359207,1400,17360607,3818,17364425
"1434",8,17364949,1125,17366074,1150,17367224,4068,17371292
"1435",8,17371809,1915,17373724,1984,17375708,3234,17378942
"1436",8,17379452,2872,17382324,1467,17383791,3751,17387542
"1437",8,17388057,1901,17389958,3733,17393691,1485,17395176
"1438",8,17395663,1795,17397458,1767,17399225,3451,17402676
"1439",8,17403170,2005,17405175,1350,17406525,3868,17410393
"1440",8,17410914,1761,17412675,2283,17414958,2935,17417893
"1441",8,17418418,1874,17420292,1683,17421975,3535,17425510
"1442",8,17426029,1713,17427742,1350,17429092,3868,17432960
"1443",8,17433465,1194,17434659,1366,17436025,3852,17439877
"1444",8,17440370,1122,17441492,1167,17442659,4051,17446710
"1445",8,17447227,1232,17448459,1217,17449676,4001,17453677
"1446",8,17454192,1600,17455792,1567,17457359,3651,17461010
"1447",8,17461522,1137,17462659,2450,17465109,2768,17467877
"1448",8,17468386,1790,17470176,1450,17471626,3768,17475394
"1449",8,17475913,2680,17478593,1800,17480393,3418,17483811
"1450",8,17484323,1136,17485459,1651,17487110,3567,17490677
"1451",8,17491184,1659,17492843,2050,17494893,3168,17498061
"1452",8,17498569,1124,17499693,1933,17501626,3285,17504911
"1453",8,17505398,1895,17507293,1867,17509160,3351,17512511
"1454",8,17513035,1392,17514427,1383,17515810,3835,17519645
"1455",8,17520179,1131,17521310,1717,17523027,3501,17526528
"1456",8,17527048,1745,17528793,1534,17530327,3684,17534011
"1457",8,17534524,1136,17535660,1884,17537544,3334,17540878
"1458",8,17541408,1486,17542894,4817,17547711,1016,17548727
"1459",8,17549252,1892,17551144,1383,17552527,3835,17556362
"1460",8,17556891,1669,17558560,2251,17560811,2967,17563778
"1461",8,17564306,1288,17565594,2717,17568311,2501,17570812
"1462",8,17571330,1564,17572894,2067,17574961,3151,17578112
"1463",8,17578611,1133,17579744,1434,17581178,3784,17584962
"1464",8,17585482,1129,17586611,2283,17588894,2935,17591829
"1465",8,17592355,1123,17593478,1800,17595278,3418,17598696
"1466",8,17599209,1135,17600344,2167,17602511,3052,17605563
"1467",8,17606079,1132,17607211,1951,17609162,3267,17612429
"1468",8,17612942,1136,17614078,2184,17616262,3034,17619296
"1469",8,17619811,1167,17620978,1534,17622512,3684,17626196
"1470",8,17626717,1178,17627895,1650,17629545,3568,17633113
"1471",8,17633640,1122,17634762,1917,17636679,3301,17639980
"1472",8,17640472,1123,17641595,1367,17642962,3851,17646813
"1473",8,17647301,1128,17648429,1183,17649612,4035,17653647
"1474",8,17654159,1136,17655295,1584,17656879,3634,17660513
"1475",8,17661018,1128,17662146,1533,17663679,3684,17667363
"1476",8,17667880,1732,17669612,2634,17672246,2584,17674830
"1477",8,17675319,1127,17676446,1200,17677646,4018,17681664
"1478",8,17682183,1129,17683312,3034,17686346,2185,17688531
"1479",8,17689033,1130,17690163,2733,17692896,2485,17695381
"1480",8,17695876,1637,17697513,1267,17698780,3951,17702731
"1481",8,17703242,1137,17704379,1617,17705996,3601,17709597
"1482",8,17710099,1681,17711780,1750,17713530,3468,17716998
"1483",8,17717523,1123,17718646,2534,17721180,2684,17723864
"1484",8,17724393,1137,17725530,1600,17727130,3618,17730748
"1485",8,17731260,1137,17732397,1633,17734030,3585,17737615
"1486",8,17738130,1150,17739280,1484,17740764,3734,17744498
"1487",8,17745007,1123,17746130,1284,17747414,3934,17751348
"1488",8,17751878,1219,17753097,1083,17754180,4135,17758315
"1489",8,17758829,1135,17759964,1300,17761264,3918,17765182
"1490",8,17765691,8906,17774597,1484,17776081,3734,17779815
"1491",8,17780327,1654,17781981,1183,17783164,4035,17787199
"1492",8,17787705,1626,17789331,1033,17790364,4185,17794549
"1493",8,17795070,1128,17796198,2750,17798948,2468,17801416
"1494",8,17801928,1136,17803064,1984,17805048,3234,17808282
"1495",8,17808798,1133,17809931,1100,17811031,4118,17815149
"1496",8,17815640,1125,17816765,1450,17818215,3768,17821983
"1497",8,17822515,1133,17823648,1517,17825165,3701,17828866
"1498",8,17829381,2034,17831415,1217,17832632,4001,17836633
"1499",8,17837147,1651,17838798,1384,17840182,3834,17844016
"1500",8,17844543,1122,17845665,4500,17850165,1017,17851182
"1501",8,17851686,72947,17924633,1184,17925817,4034,17929851
"1502",8,17930376,1124,17931500,2100,17933600,3118,17936718
"1503",8,17937227,1123,17938350,1533,17939883,3685,17943568
"1504",8,17944068,1765,17945833,1984,17947817,3234,17951051
"1505",8,17951548,1136,17952684,933,17953617,4285,17957902
"1506",8,17958421,1779,17960200,1517,17961717,3701,17965418
"1507",8,17965909,1125,17967034,2367,17969401,2851,17972252
"1508",8,17972761,1123,17973884,2050,17975934,3168,17979102
"1509",8,17979591,1593,17981184,1617,17982801,3601,17986402
"1510",8,17986924,1127,17988051,1850,17989901,3368,17993269
"1511",8,17993777,1124,17994901,2400,17997301,2818,18000119
"1512",8,18000621,1863,18002484,1884,18004368,3334,18007702
"1513",8,18008209,1125,18009334,1101,18010435,4117,18014552
"1514",8,18015070,1131,18016201,3784,18019985,1434,18021419
"1515",8,18021934,2067,18024001,2384,18026385,2834,18029219
"1516",8,18029734,1201,18030935,1050,18031985,4168,18036153
"1517",8,18036653,1132,18037785,1583,18039368,3635,18043003
"1518",8,18043528,1124,18044652,2750,18047402,2468,18049870
"1519",8,18050363,1122,18051485,1367,18052852,3851,18056703
"1520",8,18057208,1127,18058335,2617,18060952,2601,18063553
"1521",8,18064086,1883,18065969,1983,18067952,3235,18071187
"1522",8,18071705,1614,18073319,2100,18075419,3118,18078537
"1523",8,18079056,1496,18080552,1101,18081653,4117,18085770
"1524",8,18086281,1121,18087402,2334,18089736,2884,18092620
"1525",8,18093100,1136,18094236,1350,18095586,3868,18099454
"1526",8,18099956,1296,18101252,1451,18102703,3767,18106470
"1527",8,18106980,1523,18108503,1333,18109836,3885,18113721
"1528",8,18114218,1135,18115353,1467,18116820,3751,18120571
"1529",8,18121082,1654,18122736,2317,18125053,2901,18127954
"1530",8,18128464,1322,18129786,1001,18130787,4217,18135004
"1531",8,18135524,1729,18137253,1300,18138553,3918,18142471
"1532",8,18142979,1424,18144403,2484,18146887,2734,18149621
"1533",8,18150117,1136,18151253,1217,18152470,4001,18156471
"1534",8,18156950,1337,18158287,1183,18159470,4035,18163505
"1535",8,18164027,1610,18165637,1234,18166871,3984,18170855
"1536",8,18171390,1847,18173237,1050,18174287,4168,18178455
"1537",8,18178989,1132,18180121,1133,18181254,4084,18185338
"1538",8,18185862,1209,18187071,950,18188021,4268,18192289
"1539",8,18192815,1656,18194471,1800,18196271,3418,18199689
"1540",8,18200167,1871,18202038,1266,18203304,3951,18207255
"1541",8,18207737,2001,18209738,1217,18210955,4000,18214955
"1542",8,18215437,3034,18218471,1534,18220005,3684,18223689
"1543",8,18224203,1135,18225338,1450,18226788,3768,18230556
"1544",8,18231059,1246,18232305,1317,18233622,3901,18237523
"1545",8,18238012,1126,18239138,1667,18240805,3551,18244356
"1546",8,18244869,1136,18246005,2317,18248322,2901,18251223
"1547",8,18251742,1130,18252872,1117,18253989,4101,18258090
"1548",8,18258592,1263,18259855,2084,18261939,3134,18265073
"1549",8,18265580,1125,18266705,1367,18268072,3851,18271923
"1550",8,18272423,1866,18274289,1200,18275489,4018,18279507
"1551",8,18280031,1708,18281739,1617,18283356,3601,18286957
"1552",8,18287473,1133,18288606,816,18289422,4402,18293824
"1553",8,18294337,1135,18295472,1084,18296556,4134,18300690
"1554",8,18301199,1307,18302506,1233,18303739,3985,18307724
"1555",8,18308238,1785,18310023,1450,18311473,3768,18315241
"1556",8,18315748,1591,18317339,1051,18318390,4167,18322557
"1557",8,18323053,1136,18324189,1734,18325923,3484,18329407
"1558",8,18329923,2183,18332106,1517,18333623,3701,18337324
"1559",8,18337831,1625,18339456,1184,18340640,4034,18344674
"1560",8,18345177,1130,18346307,1300,18347607,3918,18351525
"1561",8,18352038,1535,18353573,951,18354524,4267,18358791
"1562",8,18359280,1577,18360857,1950,18362807,3268,18366075
"1563",8,18366590,1533,18368123,2768,18370891,2450,18373341
"1564",8,18373836,1138,18374974,1633,18376607,3585,18380192
"1565",8,18380721,1653,18382374,2083,18384457,3135,18387592
"1566",8,18388102,1605,18389707,1134,18390841,4084,18394925
"1567",8,18395432,1575,18397007,1034,18398041,4184,18402225
"1568",8,18402750,1124,18403874,1134,18405008,4084,18409092
"1569",8,18409613,1128,18410741,1133,18411874,4085,18415959
"1570",8,18416475,1133,18417608,1017,18418625,4201,18422826
"1571",8,18423334,1807,18425141,2984,18428125,2234,18430359
"1572",8,18430862,1679,18432541,1684,18434225,3534,18437759
"1573",8,18438282,1559,18439841,1101,18440942,4117,18445059
"1574",8,18445558,1133,18446691,1217,18447908,4001,18451909
"1575",8,18452452,1806,18454258,1000,18455258,4218,18459476
"1576",8,18459998,1610,18461608,1117,18462725,4101,18466826
"1577",8,18467351,1124,18468475,2084,18470559,3134,18473693
"1578",8,18474183,1559,18475742,1433,18477175,3785,18480960
"1579",8,18481483,1692,18483175,1134,18484309,4084,18488393
"1580",8,18488882,1127,18490009,1000,18491009,4218,18495227
"1581",8,18495727,1682,18497409,1083,18498492,4135,18502627
"1582",8,18503132,1560,18504692,1151,18505843,4067,18509910
"1583",8,18510423,1136,18511559,934,18512493,4284,18516777
"1584",8,18517288,1121,18518409,900,18519309,4318,18523627
"1585",8,18524148,1128,18525276,717,18525993,4501,18530494
"1586",8,18531013,1130,18532143,1083,18533226,4135,18537361
"1587",8,18537886,1124,18539010,1000,18540010,4218,18544228
"1588",8,18544733,4193,18548926,1134,18550060,4084,18554144
"1589",8,18554663,1163,18555826,1384,18557210,3835,18561045
"1590",8,18561562,1131,18562693,2817,18565510,2401,18567911
"1591",8,18568416,1144,18569560,1017,18570577,4201,18574778
"1592",8,18575297,1163,18576460,934,18577394,4284,18581678
"1593",8,18582208,1786,18583994,1500,18585494,3718,18589212
"1594",8,18589714,1430,18591144,1300,18592444,3918,18596362
"1595",8,18596873,1871,18598744,1083,18599827,4135,18603962
"1596",8,18604459,2068,18606527,1634,18608161,3584,18611745
"1597",8,18612250,1627,18613877,1317,18615194,3901,18619095
"1598",8,18619606,1455,18621061,950,18622011,4268,18626279
"1599",8,18626787,1757,18628544,1384,18629928,3834,18633762
"1600",8,18634262,1349,18635611,1134,18636745,4084,18640829
"1601",9,1177103,1319,1178422,2681,1181103,2537,1183640
"1602",9,1184138,1131,1185269,1784,1187053,3434,1190487
"1603",9,1190992,1128,1192120,1700,1193820,3517,1197337
"1604",9,1197828,1125,1198953,1300,1200253,3918,1204171
"1605",9,1204683,1137,1205820,1233,1207053,3985,1211038
"1606",9,1211540,1130,1212670,1617,1214287,3601,1217888
"1607",9,1218383,1137,1219520,1500,1221020,3718,1224738
"1608",9,1225243,1127,1226370,1100,1227470,4118,1231588
"1609",9,1232105,1132,1233237,1567,1234804,3651,1238455
"1610",9,1238971,1133,1240104,1466,1241570,3752,1245322
"1611",9,1245834,1136,1246970,1501,1248471,3717,1252188
"1612",9,1252707,1130,1253837,1484,1255321,3734,1259055
"1613",9,1259578,1126,1260704,1517,1262221,3701,1265922
"1614",9,1266462,1125,1267587,2767,1270354,2451,1272805
"1615",9,1273321,1133,1274454,1267,1275721,3951,1279672
"1616",9,1280186,1135,1281321,1200,1282521,4018,1286539
"1617",9,1287047,1124,1288171,1500,1289671,3718,1293389
"1618",9,1293900,1138,1295038,1483,1296521,3735,1300256
"1619",9,1300761,1127,1301888,1450,1303338,3768,1307106
"1620",9,1307612,1126,1308738,2117,1310855,3101,1313956
"1621",9,1314466,1122,1315588,1500,1317088,3718,1320806
"1622",9,1321320,1135,1322455,2200,1324655,3018,1327673
"1623",9,1328192,1130,1329322,1383,1330705,3835,1334540
"1624",9,1335051,1137,1336188,1934,1338122,3284,1341406
"1625",9,1341903,1135,1343038,1084,1344122,4134,1348256
"1626",9,1348762,1127,1349889,1466,1351355,3752,1355107
"1627",9,1355596,1126,1356722,1650,1358372,3568,1361940
"1628",9,1362461,1128,1363589,1367,1364956,3851,1368807
"1629",9,1369312,1127,1370439,1050,1371489,4168,1375657
"1630",9,1376150,1356,1377506,1117,1378623,4101,1382724
"1631",9,1383248,1991,1385239,1617,1386856,3601,1390457
"1632",9,1390981,1125,1392106,2700,1394806,2518,1397324
"1633",9,1397854,1285,1399139,1267,1400406,3951,1404357
"1634",9,1404862,1128,1405990,1416,1407406,3801,1411207
"1635",9,1411696,1127,1412823,1250,1414073,3968,1418041
"1636",9,1418549,1124,1419673,1100,1420773,4118,1424891
"1637",9,1425405,1135,1426540,1683,1428223,3535,1431758
"1638",9,1432272,1135,1433407,1500,1434907,3718,1438625
"1639",9,1439133,1124,1440257,1517,1441774,3701,1445475
"1640",9,1445976,1131,1447107,1383,1448490,3835,1452325
"1641",9,1452847,1127,1453974,1550,1455524,3667,1459191
"1642",9,1459701,1123,1460824,1216,1462040,4002,1466042
"1643",9,1466545,1129,1467674,1100,1468774,4118,1472892
"1644",9,1473409,1131,1474540,1701,1476241,3517,1479758
"1645",9,1480273,1134,1481407,1600,1483007,3618,1486625
"1646",9,1487128,1129,1488257,2267,1490524,2951,1493475
"1647",9,1494008,1133,1495141,1350,1496491,3868,1500359
"1648",9,1500865,1126,1501991,2217,1504208,3001,1507209
"1649",9,1507710,1131,1508841,1367,1510208,3851,1514059
"1650",9,1514568,1123,1515691,1484,1517175,3734,1520909
"1651",9,1521406,1135,1522541,1367,1523908,3851,1527759
"1652",9,1528271,1137,1529408,1117,1530525,4101,1534626
"1653",9,1535125,1133,1536258,1117,1537375,4101,1541476
"1654",9,1541988,1137,1543125,1800,1544925,3418,1548343
"1655",9,1548846,1379,1550225,917,1551142,4301,1555443
"1656",9,1555943,1132,1557075,1550,1558625,3668,1562293
"1657",9,1562807,1135,1563942,1500,1565442,3718,1569160
"1658",9,1569687,1122,1570809,1267,1572076,3951,1576027
"1659",9,1576532,2043,1578575,1484,1580059,3734,1583793
"1660",9,1584312,1130,1585442,1500,1586942,3718,1590660
"1661",9,1591159,1133,1592292,1367,1593659,3851,1597510
"1662",9,1598001,1125,1599126,883,1600009,4335,1604344
"1663",9,1604848,1128,1605976,1450,1607426,3768,1611194
"1664",9,1611687,1122,1612809,1084,1613893,4134,1618027
"1665",9,1618533,1126,1619659,1451,1621110,3767,1624877
"1666",9,1625404,1122,1626526,1334,1627860,3884,1631744
"1667",9,1632244,1132,1633376,1667,1635043,3551,1638594
"1668",9,1639103,1123,1640226,1467,1641693,3751,1645444
"1669",9,1645949,1128,1647077,1233,1648310,3984,1652294
"1670",9,1652785,1125,1653910,1250,1655160,3968,1659128
"1671",9,1659626,1134,1660760,1300,1662060,3918,1665978
"1672",9,1666488,1122,1667610,1167,1668777,4051,1672828
"1673",9,1673351,1126,1674477,2050,1676527,3168,1679695
"1674",9,1680206,1138,1681344,967,1682311,4251,1686562
"1675",9,1687075,1135,1688210,2234,1690444,2984,1693428
"1676",9,1693939,1122,1695061,1100,1696161,4117,1700278
"1677",9,1700781,1130,1701911,1433,1703344,3785,1707129
"1678",9,1707628,1133,1708761,917,1709678,4301,1713979
"1679",9,1714491,1137,1715628,1333,1716961,3884,1720845
"1680",9,1721362,1132,1722494,1067,1723561,4151,1727712
"1681",9,1728210,1134,1729344,1051,1730395,4168,1734563
"1682",9,1735073,1122,1736195,1500,1737695,3717,1741412
"1683",9,1741920,1125,1743045,783,1743828,4435,1748263
"1684",9,1748769,1126,1749895,1433,1751328,3785,1755113
"1685",9,1755623,1122,1756745,1033,1757778,4185,1761963
"1686",9,1762469,1126,1763595,1367,1764962,3851,1768813
"1687",9,1769302,1126,1770428,1051,1771479,4167,1775646
"1688",9,1776162,1133,1777295,1200,1778495,4018,1782513
"1689",9,1783021,1124,1784145,1000,1785145,4218,1789363
"1690",9,1789880,1132,1791012,850,1791862,4368,1796230
"1691",9,1796744,1135,1797879,850,1798729,4368,1803097
"1692",9,1803610,1136,1804746,1066,1805812,4152,1809964
"1693",9,1810472,1124,1811596,1250,1812846,3968,1816814
"1694",9,1817302,1127,1818429,950,1819379,4268,1823647
"1695",9,1824161,1135,1825296,1117,1826413,4101,1830514
"1696",9,1831017,1129,1832146,984,1833130,4234,1837364
"1697",9,1837876,1137,1839013,1117,1840130,4101,1844231
"1698",9,1844737,1126,1845863,1283,1847146,3935,1851081
"1699",9,1851580,1133,1852713,1200,1853913,4018,1857931
"1700",9,1858445,1135,1859580,1183,1860763,4035,1864798
"1701",9,1865304,1126,1866430,733,1867163,4485,1871648
"1702",9,1872162,1135,1873297,1383,1874680,3835,1878515
"1703",9,1879034,1129,1880163,1351,1881514,3867,1885381
"1704",9,1885898,1132,1887030,750,1887780,4468,1892248
"1705",9,1892762,1135,1893897,1167,1895064,4051,1899115
"1706",9,1899634,1130,1900764,1450,1902214,3768,1905982
"1707",9,1906496,1134,1907630,1367,1908997,3851,1912848
"1708",9,1913342,1122,1914464,1550,1916014,3668,1919682
"1709",9,1920208,1123,1921331,1033,1922364,4185,1926549
"1710",9,1927049,1132,1928181,917,1929098,4301,1933399
"1711",9,1933911,1137,1935048,1066,1936114,4152,1940266
"1712",9,1940777,1137,1941914,1534,1943448,3684,1947132
"1713",9,1947626,1122,1948748,1967,1950715,3251,1953966
"1714",9,1954488,1127,1955615,2150,1957765,3068,1960833
"1715",9,1961349,1132,1962481,1484,1963965,3734,1967699
"1716",9,1968217,1131,1969348,1517,1970865,3701,1974566
"1717",9,1975075,1123,1976198,1184,1977382,4034,1981416
"1718",9,1981934,1131,1983065,1134,1984199,4084,1988283
"1719",9,1988805,1127,1989932,1017,1990949,4201,1995150
"1720",9,1995668,1131,1996799,1166,1997965,4052,2002017
"1721",9,2002512,1137,2003649,1050,2004699,4168,2008867
"1722",9,2009384,1131,2010515,2567,2013082,2652,2015734
"1723",9,2016241,1124,2017365,1118,2018483,4100,2022583
"1724",9,2023089,1110,2024199,1000,2025199,4218,2029417
"1725",9,2029897,1135,2031032,1184,2032216,4034,2036250
"1726",9,2036767,1132,2037899,1250,2039149,3968,2043117
"1727",9,2043640,1126,2044766,1183,2045949,4035,2049984
"1728",9,2050495,1121,2051616,1234,2052850,3984,2056834
"1729",9,2057351,1132,2058483,1000,2059483,4218,2063701
"1730",9,2064213,1137,2065350,1416,2066766,3801,2070567
"1731",9,2071089,1127,2072216,1167,2073383,4051,2077434
"1732",9,2077944,1123,2079067,1033,2080100,4184,2084284
"1733",9,2084796,1137,2085933,984,2086917,4234,2091151
"1734",9,2091654,1129,2092783,1034,2093817,4184,2098001
"1735",9,2098518,1132,2099650,1517,2101167,3701,2104868
"1736",9,2105385,1132,2106517,1100,2107617,4118,2111735
"1737",9,2112238,1129,2113367,1184,2114551,4034,2118585
"1738",9,2119099,1135,2120234,2050,2122284,3168,2125452
"1739",9,2125954,1130,2127084,1067,2128151,4151,2132302
"1740",9,2132793,1124,2133917,1367,2135284,3851,2139135
"1741",9,2139638,1129,2140767,1134,2141901,4084,2145985
"1742",9,2146520,1131,2147651,1183,2148834,4035,2152869
"1743",9,2153374,1127,2154501,833,2155334,4385,2159719
"1744",9,2160223,1128,2161351,934,2162285,4284,2166569
"1745",9,2167082,1136,2168218,1033,2169251,4185,2173436
"1746",9,2173962,1123,2175085,1566,2176651,3652,2180303
"1747",9,2180817,1134,2181951,1767,2183718,3451,2187169
"1748",9,2187683,1135,2188818,1050,2189868,4168,2194036
"1749",9,2194549,1136,2195685,1000,2196685,4218,2200903
"1750",9,2201423,1129,2202552,1233,2203785,3985,2207770
"1751",9,2208287,1131,2209418,1467,2210885,3752,2214637
"1752",9,2215146,1123,2216269,1183,2217452,4035,2221487
"1753",9,2221963,1289,2223252,817,2224069,4401,2228470
"1754",9,2228975,1127,2230102,1167,2231269,4051,2235320
"1755",9,2235820,1132,2236952,1134,2238086,4084,2242170
"1756",9,2242681,1121,2243802,1167,2244969,4051,2249020
"1757",9,2249540,1129,2250669,1050,2251719,4168,2255887
"1758",9,2256395,1124,2257519,1334,2258853,3884,2262737
"1759",9,2263237,1132,2264369,1367,2265736,3851,2269587
"1760",9,2270101,1135,2271236,950,2272186,4268,2276454
"1761",9,2276972,1131,2278103,767,2278870,4451,2283321
"1762",9,2283860,1126,2284986,1501,2286487,3717,2290204
"1763",9,2290737,1133,2291870,1683,2293553,3535,2297088
"1764",9,2297613,1124,2298737,1583,2300320,3635,2303955
"1765",9,2304471,1132,2305603,1634,2307237,3584,2310821
"1766",9,2311336,1134,2312470,950,2313420,4268,2317688
"1767",9,2318198,1122,2319320,1084,2320404,4134,2324538
"1768",9,2325040,1130,2326170,1051,2327221,4167,2331388
"1769",9,2331890,1130,2333020,1434,2334454,3784,2338238
"1770",9,2338728,1126,2339854,1017,2340871,4201,2345072
"1771",9,2345582,1122,2346704,1834,2348538,3384,2351922
"1772",9,2352439,1132,2353571,1817,2355388,3401,2358789
"1773",9,2359311,1126,2360437,1417,2361854,3802,2365656
"1774",9,2366164,1124,2367288,1183,2368471,4035,2372506
"1775",9,2372999,1122,2374121,1150,2375271,4068,2379339
"1776",9,2379855,1133,2380988,800,2381788,4418,2386206
"1777",9,2386727,1128,2387855,900,2388755,4318,2393073
"1778",9,2393607,1131,2394738,1350,2396088,3868,2399956
"1779",9,2400466,1122,2401588,917,2402505,4301,2406806
"1780",9,2407312,1126,2408438,1100,2409538,4118,2413656
"1781",9,2414148,1124,2415272,950,2416222,4268,2420490
"1782",9,2421000,1122,2422122,667,2422789,4551,2427340
"1783",9,2427847,1125,2428972,1267,2430239,3951,2434190
"1784",9,2434692,1130,2435822,1500,2437322,3718,2441040
"1785",9,2441559,1130,2442689,883,2443572,4335,2447907
"1786",9,2448399,1123,2449522,1267,2450789,3951,2454740
"1787",9,2455241,1131,2456372,1134,2457506,4084,2461590
"1788",9,2462110,1129,2463239,1034,2464273,4184,2468457
"1789",9,2468972,1134,2470106,1217,2471323,4001,2475324
"1790",9,2475836,1137,2476973,1067,2478040,4151,2482191
"1791",9,2482696,1127,2483823,1267,2485090,3951,2489041
"1792",9,2489539,1134,2490673,1233,2491906,3985,2495891
"1793",9,2496408,1132,2497540,1950,2499490,3268,2502758
"1794",9,2503281,1125,2504406,1084,2505490,4134,2509624
"1795",9,2510151,1122,2511273,967,2512240,4251,2516491
"1796",9,2517013,1127,2518140,1250,2519390,3968,2523358
"1797",9,2523869,1138,2525007,917,2525924,4301,2530225
"1798",9,2530737,1136,2531873,1117,2532990,4102,2537092
"1799",9,2537606,1134,2538740,1517,2540257,3701,2543958
"1800",9,2544469,1138,2545607,950,2546557,4268,2550825
"1801",10,4218226,1124,4219350,2167,4221517,3051,4224568
"1802",10,4225082,1134,4226216,1201,4227417,4018,4231435
"1803",10,4231943,1124,4233067,1317,4234384,3901,4238285
"1804",10,4238804,1129,4239933,1534,4241467,3684,4245151
"1805",10,4245662,1122,4246784,1183,4247967,4034,4252001
"1806",10,4252503,1131,4253634,1117,4254751,4101,4258852
"1807",10,4259362,1122,4260484,2133,4262617,3085,4265702
"1808",10,4266215,1136,4267351,1050,4268401,4167,4272568
"1809",10,4273092,1125,4274217,1551,4275768,3667,4279435
"1810",10,4279944,1123,4281067,1867,4282934,3351,4286285
"1811",10,4286780,1137,4287917,1667,4289584,3552,4293136
"1812",10,4293642,1126,4294768,1766,4296534,3452,4299986
"1813",10,4300504,1130,4301634,1117,4302751,4101,4306852
"1814",10,4307351,1300,4308651,1650,4310301,3568,4313869
"1815",10,4314372,1129,4315501,1117,4316618,4101,4320719
"1816",10,4321239,1129,4322368,1300,4323668,3918,4327586
"1817",10,4328078,1123,4329201,1251,4330452,3967,4334419
"1818",10,4334920,1132,4336052,1350,4337402,3868,4341270
"1819",10,4341780,1122,4342902,2117,4345019,3101,4348120
"1820",10,4348603,1132,4349735,1134,4350869,4084,4354953
"1821",10,4355480,1122,4356602,1733,4358335,3485,4361820
"1822",10,4362335,1134,4363469,1933,4365402,3285,4368687
"1823",10,4369173,1129,4370302,2600,4372902,2618,4375520
"1824",10,4376016,2436,4378452,1267,4379719,3951,4383670
"1825",10,4384174,1128,4385302,1867,4387169,3351,4390520
"1826",10,4391022,1114,4392136,1250,4393386,3968,4397354
"1827",10,4397860,1576,4399436,983,4400419,4235,4404654
"1828",10,4405171,1282,4406453,1817,4408270,3401,4411671
"1829",10,4412183,1886,4414069,2417,4416486,2801,4419287
"1830",10,4419790,1130,4420920,1800,4422720,3417,4426137
"1831",10,4426640,1130,4427770,1433,4429203,3785,4432988
"1832",10,4433494,1126,4434620,1433,4436053,3785,4439838
"1833",10,4440338,1132,4441470,1267,4442737,3951,4446688
"1834",10,4447202,1135,4448337,1233,4449570,3985,4453555
"1835",10,4454063,1124,4455187,1283,4456470,3935,4460405
"1836",10,4460933,1137,4462070,2017,4464087,3201,4467288
"1837",10,4467793,1127,4468920,1200,4470120,4018,4474138
"1838",10,4474630,1124,4475754,1267,4477021,3951,4480972
"1839",10,4481485,1135,4482620,1051,4483671,4167,4487838
"1840",10,4488348,1123,4489471,1800,4491271,3418,4494689
"1841",10,4495205,2066,4497271,2383,4499654,2835,4502489
"1842",10,4503004,1134,4504138,1083,4505221,4134,4509355
"1843",10,4509862,1126,4510988,1117,4512105,4101,4516206
"1844",10,4516702,1119,4517821,2000,4519821,3218,4523039
"1845",10,4523544,1111,4524655,916,4525571,4301,4529872
"1846",10,4530355,1133,4531488,1817,4533305,3401,4536706
"1847",10,4537208,1130,4538338,1584,4539922,3634,4543556
"1848",10,4544046,1126,4545172,1750,4546922,3468,4550390
"1849",10,4550894,1128,4552022,1983,4554005,3235,4557240
"1850",10,4557730,1125,4558855,1400,4560255,3818,4564073
"1851",10,4564588,1134,4565722,1683,4567405,3535,4570940
"1852",10,4571445,1127,4572572,2300,4574872,2918,4577790
"1853",10,4578281,1591,4579872,1534,4581406,3684,4585090
"1854",10,4585604,1135,4586739,2017,4588756,3201,4591957
"1855",10,4592489,1133,4593622,1050,4594672,4168,4598840
"1856",10,4599330,1126,4600456,2417,4602873,2801,4605674
"1857",10,4606191,1131,4607322,1584,4608906,3634,4612540
"1858",10,4613062,1611,4614673,2250,4616923,2968,4619891
"1859",10,4620400,1123,4621523,1350,4622873,3868,4626741
"1860",10,4627242,1181,4628423,1350,4629773,3868,4633641
"1861",10,4634154,1119,4635273,1883,4637156,3335,4640491
"1862",10,4640984,1122,4642106,2501,4644607,2717,4647324
"1863",10,4647814,1126,4648940,1483,4650423,3735,4654158
"1864",10,4654668,1122,4655790,1934,4657724,3284,4661008
"1865",10,4661528,1129,4662657,1533,4664190,3685,4667875
"1866",10,4668364,1343,4669707,1100,4670807,4118,4674925
"1867",10,4675439,1135,4676574,1333,4677907,3885,4681792
"1868",10,4682293,1264,4683557,1350,4684907,3868,4688775
"1869",10,4689295,1129,4690424,1783,4692207,3435,4695642
"1870",10,4696164,1127,4697291,1883,4699174,3334,4702508
"1871",10,4703032,1125,4704157,1501,4705658,3717,4709375
"1872",10,4709886,1138,4711024,1084,4712108,4134,4716242
"1873",10,4716737,1137,4717874,1784,4719658,3434,4723092
"1874",10,4723598,1126,4724724,1767,4726491,3451,4729942
"1875",10,4730459,1132,4731591,1217,4732808,4001,4736809
"1876",10,4737326,1132,4738458,1033,4739491,4185,4743676
"1877",10,4744178,1347,4745525,1583,4747108,3634,4750742
"1878",10,4751237,1121,4752358,1567,4753925,3651,4757576
"1879",10,4758092,1133,4759225,1100,4760325,4118,4764443
"1880",10,4764944,1131,4766075,1100,4767175,4118,4771293
"1881",10,4771786,1122,4772908,1834,4774742,3384,4778126
"1882",10,4778640,1135,4779775,1300,4781075,3918,4784993
"1883",10,4785490,1319,4786809,1117,4787926,4101,4792027
"1884",10,4792552,1840,4794392,1134,4795526,4084,4799610
"1885",10,4800100,1326,4801426,1383,4802809,3834,4806643
"1886",10,4807136,1123,4808259,1183,4809442,4035,4813477
"1887",10,4813963,1129,4815092,1467,4816559,3751,4820310
"1888",10,4820803,1340,4822143,1283,4823426,3935,4827361
"1889",10,4827860,1133,4828993,1483,4830476,3735,4834211
"1890",10,4834736,1307,4836043,1283,4837326,3935,4841261
"1891",10,4841784,1125,4842909,1751,4844660,3467,4848127
"1892",10,4848637,1606,4850243,1350,4851593,3868,4855461
"1893",10,4855972,1971,4857943,984,4858927,4234,4863161
"1894",10,4863658,1302,4864960,2117,4867077,3101,4870178
"1895",10,4870692,1268,4871960,2034,4873994,3184,4877178
"1896",10,4877681,1296,4878977,1400,4880377,3818,4884195
"1897",10,4884707,1287,4885994,2466,4888460,2752,4891212
"1898",10,4891720,1124,4892844,1516,4894360,3702,4898062
"1899",10,4898563,1131,4899694,2150,4901844,3068,4904912
"1900",10,4905426,1135,4906561,4016,4910577,1202,4911779
"1901",10,4912296,1281,4913577,1934,4915511,3284,4918795
"1902",10,4919312,1132,4920444,1600,4922044,3618,4925662
"1903",10,4926179,1132,4927311,2350,4929661,2868,4932529
"1904",10,4933047,1131,4934178,1333,4935511,3884,4939395
"1905",10,4939905,1123,4941028,1117,4942145,4101,4946246
"1906",10,4946757,1687,4948444,1301,4949745,3917,4953662
"1907",10,4954178,1133,4955311,2334,4957645,2884,4960529
"1908",10,4961026,1435,4962461,1101,4963562,4117,4967679
"1909",10,4968205,1123,4969328,1334,4970662,3884,4974546
"1910",10,4975039,1123,4976162,1950,4978112,3268,4981380
"1911",10,4981893,2052,4983945,1734,4985679,3484,4989163
"1912",10,4989677,1118,4990795,1417,4992212,3801,4996013
"1913",10,4996518,1127,4997645,1367,4999012,3851,5002863
"1914",10,5003355,1124,5004479,1533,5006012,3685,5009697
"1915",10,5010198,1131,5011329,2200,5013529,3018,5016547
"1916",10,5017062,1300,5018362,1284,5019646,3934,5023580
"1917",10,5024103,1126,5025229,1117,5026346,4101,5030447
"1918",10,5030971,1125,5032096,1900,5033996,3318,5037314
"1919",10,5037809,1120,5038929,1300,5040229,3918,5044147
"1920",10,5044666,1130,5045796,1100,5046896,4118,5051014
"1921",10,5051541,1122,5052663,1083,5053746,4135,5057881
"1922",10,5058381,1132,5059513,1167,5060680,4051,5064731
"1923",10,5065242,1138,5066380,1183,5067563,4035,5071598
"1924",10,5072088,1125,5073213,2350,5075563,2868,5078431
"1925",10,5078933,1130,5080063,1667,5081730,3551,5085281
"1926",10,5085791,1256,5087047,1950,5088997,3268,5092265
"1927",10,5092781,1132,5093913,1867,5095780,3351,5099131
"1928",10,5099635,1295,5100930,1467,5102397,3751,5106148
"1929",10,5106652,1128,5107780,2767,5110547,2451,5112998
"1930",10,5113505,2092,5115597,1900,5117497,3318,5120815
"1931",10,5121311,1136,5122447,1634,5124081,3584,5127665
"1932",10,5128192,1155,5129347,1384,5130731,3834,5134565
"1933",10,5135056,1125,5136181,1850,5138031,3368,5141399
"1934",10,5141908,1306,5143214,2134,5145348,3084,5148432
"1935",10,5148939,1209,5150148,1166,5151314,4052,5155366
"1936",10,5155876,1122,5156998,1583,5158581,3635,5162216
"1937",10,5162733,1298,5164031,2184,5166215,3034,5169249
"1938",10,5169741,1890,5171631,1250,5172881,3968,5176849
"1939",10,5177368,1163,5178531,1667,5180198,3551,5183749
"1940",10,5184266,1132,5185398,1250,5186648,3968,5190616
"1941",10,5191128,1137,5192265,1433,5193698,3785,5197483
"1942",10,5197992,1123,5199115,2617,5201732,2601,5204333
"1943",10,5204844,1121,5205965,1650,5207615,3568,5211183
"1944",10,5211686,2246,5213932,1983,5215915,3235,5219150
"1945",10,5219669,1130,5220799,1567,5222366,3651,5226017
"1946",10,5226546,1303,5227849,1533,5229382,3685,5233067
"1947",10,5233589,1493,5235082,1917,5236999,3301,5240300
"1948",10,5240810,1122,5241932,1301,5243233,3917,5247150
"1949",10,5247661,1238,5248899,1367,5250266,3851,5254117
"1950",10,5254624,1125,5255749,4901,5260650,1016,5261666
"1951",10,5262184,1765,5263949,1217,5265166,4001,5269167
"1952",10,5269689,1844,5271533,1267,5272800,3951,5276751
"1953",10,5277269,1131,5278400,1067,5279467,4151,5283618
"1954",10,5284128,1122,5285250,1550,5286800,3668,5290468
"1955",10,5290974,1343,5292317,1200,5293517,4018,5297535
"1956",10,5298048,1419,5299467,1633,5301100,3585,5304685
"1957",10,5305193,1124,5306317,1383,5307700,3835,5311535
"1958",10,5312041,1893,5313934,2016,5315950,3201,5319151
"1959",10,5319640,1127,5320767,1334,5322101,3884,5325985
"1960",10,5326492,2258,5328750,2201,5330951,3017,5333968
"1961",10,5334489,1312,5335801,1433,5337234,3784,5341018
"1962",10,5341522,1129,5342651,917,5343568,4301,5347869
"1963",10,5348365,1136,5349501,2850,5352351,2368,5354719
"1964",10,5355231,1820,5357051,2050,5359101,3168,5362269
"1965",10,5362759,1125,5363884,2051,5365935,3167,5369102
"1966",10,5369601,1134,5370735,1933,5372668,3284,5375952
"1967",10,5376465,1136,5377601,1167,5378768,4051,5382819
"1968",10,5383305,1130,5384435,1350,5385785,3868,5389653
"1969",10,5390150,1135,5391285,1283,5392568,3935,5396503
"1970",10,5397008,1127,5398135,1567,5399702,3651,5403353
"1971",10,5403860,1908,5405768,1617,5407385,3601,5410986
"1972",10,5411487,1298,5412785,1117,5413902,4101,5418003
"1973",10,5418520,1282,5419802,1533,5421335,3685,5425020
"1974",10,5425538,1247,5426785,1167,5427952,4051,5432003
"1975",10,5432513,1589,5434102,1034,5435136,4184,5439320
"1976",10,5439830,1122,5440952,1850,5442802,3368,5446170
"1977",10,5446691,1211,5447902,1717,5449619,3501,5453120
"1978",10,5453634,2335,5455969,1900,5457869,3318,5461187
"1979",10,5461695,1124,5462819,2317,5465136,2901,5468037
"1980",10,5468559,1127,5469686,4967,5474653,1017,5475670
"1981",10,5476180,1673,5477853,1517,5479370,3701,5483071
"1982",10,5483589,1297,5484886,1234,5486120,3984,5490104
"1983",10,5490623,1130,5491753,3184,5494937,2034,5496971
"1984",10,5497453,1133,5498586,1451,5500037,3767,5503804
"1985",10,5504321,1132,5505453,1301,5506754,3917,5510671
"1986",10,5511174,1129,5512303,951,5513254,4267,5517521
"1987",10,5518039,3031,5521070,2684,5523754,2534,5526288
"1988",10,5526815,1389,5528204,1533,5529737,3685,5533422
"1989",10,5533932,1122,5535054,1767,5536821,3451,5540272
"1990",10,5540793,1444,5542237,1600,5543837,3618,5547455
"1991",10,5547973,1131,5549104,2400,5551504,2818,5554322
"1992",10,5554842,1645,5556487,2034,5558521,3184,5561705
"1993",10,5562209,1279,5563488,1966,5565454,3252,5568706
"1994",10,5569197,2024,5571221,1350,5572571,3868,5576439
"1995",10,5576939,1132,5578071,1667,5579738,3551,5583289
"1996",10,5583812,1459,5585271,2034,5587305,3184,5590489
"1997",10,5590999,1972,5592971,1450,5594421,3768,5598189
"1998",10,5598688,1133,5599821,1801,5601622,3417,5605039
"1999",10,5605545,1126,5606671,2067,5608738,3152,5611890
"2000",10,5612394,1128,5613522,1650,5615172,3567,5618739
"2001",11,8439302,1681,8440983,2500,8443483,2717,8446200
"2002",11,8446708,1125,8447833,1800,8449633,3418,8453051
"2003",11,8453566,1133,8454699,1751,8456450,3467,8459917
"2004",11,8460444,1122,8461566,1767,8463333,3451,8466784
"2005",11,8467295,1121,8468416,4284,8472700,1017,8473717
"2006",11,8474226,1274,8475500,4000,8479500,1218,8480718
"2007",11,8481231,1136,8482367,1750,8484117,3468,8487585
"2008",11,8488094,1123,8489217,5450,8494667,1017,8495684
"2009",11,8496175,1275,8497450,2050,8499500,3168,8502668
"2010",11,8503175,1125,8504300,5784,8510084,1016,8511100
"2011",11,8511595,1289,8512884,8117,8521001,1016,8522017
"2012",11,8522526,1124,8523650,3134,8526784,2084,8528868
"2013",11,8529374,1126,8530500,3167,8533667,2051,8535718
"2014",11,8536233,1134,8537367,1417,8538784,3801,8542585
"2015",11,8543100,1134,8544234,4134,8548368,1084,8549452
"2016",11,8549946,1122,8551068,1366,8552434,3852,8556286
"2017",11,8556794,1124,8557918,1767,8559685,3451,8563136
"2018",11,8563625,1226,8564851,2884,8567735,2334,8570069
"2019",11,8570582,1553,8572135,1566,8573701,3652,8577353
"2020",11,8577855,1130,8578985,3767,8582752,1451,8584203
"2021",11,8584716,1135,8585851,2701,8588552,2517,8591069
"2022",11,8591577,1158,8592735,2867,8595602,2351,8597953
"2023",11,8598474,1128,8599602,1383,8600985,3835,8604820
"2024",11,8605341,1127,8606468,3251,8609719,1967,8611686
"2025",11,8612184,1135,8613319,4717,8618036,1016,8619052
"2026",11,8619542,1127,8620669,3617,8624286,1601,8625887
"2027",11,8626391,1361,8627752,2467,8630219,2751,8632970
"2028",11,8633487,1199,8634686,2033,8636719,3184,8639903
"2029",11,8640391,1128,8641519,2617,8644136,2601,8646737
"2030",11,8647233,1136,8648369,1984,8650353,3234,8653587
"2031",11,8654102,2401,8656503,1466,8657969,3752,8661721
"2032",11,8662209,1127,8663336,1900,8665236,3318,8668554
"2033",11,8669067,1136,8670203,6883,8677086,1017,8678103
"2034",11,8678585,1301,8679886,1851,8681737,3367,8685104
"2035",11,8685643,1593,8687236,2117,8689353,3101,8692454
"2036",11,8692974,1129,8694103,1617,8695720,3601,8699321
"2037",11,8699842,1128,8700970,2217,8703187,3001,8706188
"2038",11,8706697,1123,8707820,3434,8711254,1784,8713038
"2039",11,8713543,1127,8714670,2434,8717104,2784,8719888
"2040",11,8720376,1128,8721504,2183,8723687,3035,8726722
"2041",11,8727227,1127,8728354,4750,8733104,1017,8734121
"2042",11,8734633,1504,8736137,1700,8737837,3518,8741355
"2043",11,8741877,1127,8743004,3800,8746804,1418,8748222
"2044",11,8748745,1126,8749871,2650,8752521,2568,8755089
"2045",11,8755616,1522,8757138,4533,8761671,1017,8762688
"2046",11,8763207,1681,8764888,2683,8767571,2535,8770106
"2047",11,8770623,2081,8772704,2234,8774938,2984,8777922
"2048",11,8778441,1130,8779571,1534,8781105,3684,8784789
"2049",11,8785274,1781,8787055,7167,8794222,1016,8795238
"2050",11,8795736,1285,8797021,4634,8801655,1017,8802672
"2051",11,8803183,1339,8804522,4083,8808605,1135,8809740
"2052",11,8810239,1249,8811488,3001,8814489,2217,8816706
"2053",11,8817191,2497,8819688,2551,8822239,2667,8824906
"2054",11,8825418,1137,8826555,1734,8828289,3484,8831773
"2055",11,8832306,1133,8833439,3300,8836739,1917,8838656
"2056",11,8839146,1276,8840422,1717,8842139,3501,8845640
"2057",11,8846161,1128,8847289,2117,8849406,3101,8852507
"2058",11,8853012,1127,8854139,1384,8855523,3834,8859357
"2059",11,8859854,1135,8860989,1617,8862606,3601,8866207
"2060",11,8866709,1130,8867839,1451,8869290,3767,8873057
"2061",11,8873564,1275,8874839,1484,8876323,3734,8880057
"2062",11,8880570,1136,8881706,1934,8883640,3284,8886924
"2063",11,8887427,1129,8888556,3117,8891673,2101,8893774
"2064",11,8894292,1131,8895423,1783,8897206,3435,8900641
"2065",11,8901141,1132,8902273,1500,8903773,3718,8907491
"2066",11,8908007,1266,8909273,2000,8911273,3218,8914491
"2067",11,8915007,1133,8916140,2800,8918940,2418,8921358
"2068",11,8921886,1304,8923190,6784,8929974,1017,8930991
"2069",11,8931481,1476,8932957,2050,8935007,3168,8938175
"2070",11,8938695,1279,8939974,1866,8941840,3352,8945192
"2071",11,8945709,1131,8946840,1534,8948374,3684,8952058
"2072",11,8952561,1130,8953691,1566,8955257,3652,8958909
"2073",11,8959435,1122,8960557,5701,8966258,1016,8967274
"2074",11,8967779,1795,8969574,2000,8971574,3218,8974792
"2075",11,8975300,4174,8979474,2584,8982058,2634,8984692
"2076",11,8985196,1128,8986324,1334,8987658,3884,8991542
"2077",11,8992059,1132,8993191,2434,8995625,2784,8998409
"2078",11,8998909,1132,9000041,1834,9001875,3384,9005259
"2079",11,9005752,1123,9006875,1717,9008592,3501,9012093
"2080",11,9012607,1135,9013742,1300,9015042,3918,9018960
"2081",11,9019471,1137,9020608,1984,9022592,3234,9025826
"2082",11,9026330,1128,9027458,1467,9028925,3751,9032676
"2083",11,9033170,1122,9034292,2967,9037259,2251,9039510
"2084",11,9040008,1617,9041625,2300,9043925,2918,9046843
"2085",11,9047361,1131,9048492,3434,9051926,1784,9053710
"2086",11,9054203,1123,9055326,1833,9057159,3384,9060543
"2087",11,9061048,1128,9062176,3833,9066009,1385,9067394
"2088",11,9067910,1132,9069042,2201,9071243,3017,9074260
"2089",11,9074760,1133,9075893,2533,9078426,2685,9081111
"2090",11,9081635,1124,9082759,1267,9084026,3951,9087977
"2091",11,9088493,1133,9089626,3167,9092793,2051,9094844
"2092",11,9095335,1408,9096743,2600,9099343,2618,9101961
"2093",11,9102466,1127,9103593,1883,9105476,3335,9108811
"2094",11,9109345,1131,9110476,1534,9112010,3684,9115694
"2095",11,9116221,1122,9117343,2667,9120010,2551,9122561
"2096",11,9123091,1136,9124227,2467,9126694,2751,9129445
"2097",11,9129964,1129,9131093,5334,9136427,1017,9137444
"2098",11,9137934,1343,9139277,1267,9140544,3951,9144495
"2099",11,9145011,1133,9146144,2717,9148861,2501,9151362
"2100",11,9151883,1127,9153010,1451,9154461,3767,9158228
"2101",11,9158730,1131,9159861,1183,9161044,4034,9165078
"2102",11,9165608,2486,9168094,1800,9169894,3418,9173312
"2103",11,9173823,1138,9174961,1267,9176228,3951,9180179
"2104",11,9180696,1265,9181961,1050,9183011,4168,9187179
"2105",11,9187676,1252,9188928,2333,9191261,2885,9194146
"2106",11,9194658,1136,9195794,1467,9197261,3751,9201012
"2107",11,9201529,1166,9202695,1850,9204545,3367,9207912
"2108",11,9208428,1133,9209561,1701,9211262,3517,9214779
"2109",11,9215266,1129,9216395,2533,9218928,2685,9221613
"2110",11,9222129,1132,9223261,3551,9226812,1667,9228479
"2111",11,9228982,1963,9230945,2267,9233212,2951,9236163
"2112",11,9236674,1238,9237912,1217,9239129,4001,9243130
"2113",11,9243615,1130,9244745,1234,9245979,3984,9249963
"2114",11,9250467,1128,9251595,1117,9252712,4101,9256813
"2115",11,9257309,1136,9258445,1534,9259979,3684,9263663
"2116",11,9264171,1125,9265296,1166,9266462,4052,9270514
"2117",11,9271031,1131,9272162,1800,9273962,3418,9277380
"2118",11,9277884,1128,9279012,3617,9282629,1601,9284230
"2119",11,9284757,1555,9286312,3434,9289746,1784,9291530
"2120",11,9292053,1126,9293179,1150,9294329,4068,9298397
"2121",11,9298926,1137,9300063,2417,9302480,2801,9305281
"2122",11,9305784,1295,9307079,1201,9308280,4017,9312297
"2123",11,9312814,1116,9313930,2150,9316080,3068,9319148
"2124",11,9319662,1134,9320796,1517,9322313,3701,9326014
"2125",11,9326526,1137,9327663,3384,9331047,1834,9332881
"2126",11,9333385,1528,9334913,2200,9337113,3018,9340131
"2127",11,9340637,1126,9341763,6651,9348414,1016,9349430
"2128",11,9349952,1261,9351213,1384,9352597,3834,9356431
"2129",11,9356946,1134,9358080,1651,9359731,3567,9363298
"2130",11,9363816,1131,9364947,2467,9367414,2751,9370165
"2131",11,9370684,1130,9371814,3867,9375681,1351,9377032
"2132",11,9377536,1628,9379164,1800,9380964,3418,9384382
"2133",11,9384898,2416,9387314,2184,9389498,3034,9392532
"2134",11,9393037,2061,9395098,1967,9397065,3250,9400315
"2135",11,9400823,1125,9401948,1317,9403265,3900,9407165
"2136",11,9407653,1128,9408781,2884,9411665,2334,9413999
"2137",11,9414526,1122,9415648,2717,9418365,2501,9420866
"2138",11,9421370,2178,9423548,3384,9426932,1834,9428766
"2139",11,9429255,2210,9431465,1483,9432948,3735,9436683
"2140",11,9437188,1127,9438315,1817,9440132,3401,9443533
"2141",11,9444064,1134,9445198,1751,9446949,3467,9450416
"2142",11,9450935,1130,9452065,1200,9453265,4018,9457283
"2143",11,9457778,1237,9459015,1367,9460382,3851,9464233
"2144",11,9464749,1133,9465882,1517,9467399,3701,9471100
"2145",11,9471613,1136,9472749,2383,9475132,2835,9477967
"2146",11,9478468,1131,9479599,1850,9481449,3368,9484817
"2147",11,9485299,1133,9486432,3017,9489449,2201,9491650
"2148",11,9492166,1133,9493299,2117,9495416,3101,9498517
"2149",11,9499032,1134,9500166,3500,9503666,1718,9505384
"2150",11,9505891,1125,9507016,1417,9508433,3801,9512234
"2151",11,9512729,1137,9513866,1350,9515216,3868,9519084
"2152",11,9519608,1125,9520733,1100,9521833,4118,9525951
"2153",11,9526464,1219,9527683,1300,9528983,3918,9532901
"2154",11,9533414,1136,9534550,1317,9535867,3901,9539768
"2155",11,9540272,1228,9541500,3067,9544567,2151,9546718
"2156",11,9547222,1195,9548417,1183,9549600,4035,9553635
"2157",11,9554124,2426,9556550,1534,9558084,3684,9561768
"2158",11,9562296,1138,9563434,1767,9565201,3450,9568651
"2159",11,9569158,3309,9572467,1517,9573984,3701,9577685
"2160",11,9578184,1133,9579317,1217,9580534,4001,9584535
"2161",11,9585031,1136,9586167,4417,9590584,1017,9591601
"2162",11,9592107,1427,9593534,1434,9594968,3784,9598752
"2163",11,9599251,1133,9600384,2450,9602834,2768,9605602
"2164",11,9606115,1136,9607251,1850,9609101,3368,9612469
"2165",11,9612987,1131,9614118,1433,9615551,3785,9619336
"2166",11,9619838,1313,9621151,1184,9622335,4034,9626369
"2167",11,9626875,1126,9628001,1984,9629985,3234,9633219
"2168",11,9633724,1127,9634851,1267,9636118,3951,9640069
"2169",11,9640580,1122,9641702,5283,9646985,1017,9648002
"2170",11,9648507,1361,9649868,2451,9652319,2767,9655086
"2171",11,9655584,1134,9656718,2301,9659019,2917,9661936
"2172",11,9662442,1126,9663568,1634,9665202,3584,9668786
"2173",11,9669306,1129,9670435,1784,9672219,3434,9675653
"2174",11,9676167,1135,9677302,1400,9678702,3818,9682520
"2175",11,9683010,1392,9684402,1517,9685919,3701,9689620
"2176",11,9690126,1126,9691252,2851,9694103,2367,9696470
"2177",11,9696969,2317,9699286,2883,9702169,2335,9704504
"2178",11,9704994,1125,9706119,1617,9707736,3601,9711337
"2179",11,9711855,1131,9712986,1917,9714903,3301,9718204
"2180",11,9718707,1129,9719836,1584,9721420,3634,9725054
"2181",11,9725569,1134,9726703,1650,9728353,3568,9731921
"2182",11,9732436,1134,9733570,1517,9735087,3701,9738788
"2183",11,9739306,1130,9740436,2917,9743353,2301,9745654
"2184",11,9746160,1126,9747286,1051,9748337,4167,9752504
"2185",11,9753019,1134,9754153,3267,9757420,1951,9759371
"2186",11,9759872,1131,9761003,3367,9764370,1851,9766221
"2187",11,9766750,1404,9768154,1816,9769970,3401,9773371
"2188",11,9773869,1135,9775004,2233,9777237,2985,9780222
"2189",11,9780737,1133,9781870,1817,9783687,3401,9787088
"2190",11,9787605,1132,9788737,3717,9792454,1501,9793955
"2191",11,9794493,1461,9795954,2650,9798604,2568,9801172
"2192",11,9801702,1402,9803104,1334,9804438,3884,9808322
"2193",11,9808839,1348,9810187,2101,9812288,3117,9815405
"2194",11,9815886,1135,9817021,5800,9822821,1017,9823838
"2195",11,9824343,1428,9825771,1167,9826938,4051,9830989
"2196",11,9831481,1123,9832604,2751,9835355,2467,9837822
"2197",11,9838326,2612,9840938,1634,9842572,3584,9846156
"2198",11,9846663,1125,9847788,2150,9849938,3068,9853006
"2199",11,9853520,1135,9854655,2400,9857055,2818,9859873
"2200",11,9860378,1127,9861505,2317,9863822,2901,9866723
"2201",12,12000924,1131,12002055,1801,12003856,3417,12007273
"2202",12,12007778,1227,12009005,2751,12011756,2468,12014224
"2203",12,12014732,1124,12015856,1967,12017823,3251,12021074
"2204",12,12021576,1346,12022922,1501,12024423,3717,12028140
"2205",12,12028666,1123,12029789,1384,12031173,3834,12035007
"2206",12,12035536,1137,12036673,1750,12038423,3468,12041891
"2207",12,12042398,1291,12043689,2367,12046056,2851,12048907
"2208",12,12049425,1131,12050556,3050,12053606,2168,12055774
"2209",12,12056298,1125,12057423,2817,12060240,2401,12062641
"2210",12,12063159,3364,12066523,2734,12069257,2484,12071741
"2211",12,12072248,1125,12073373,1400,12074773,3818,12078591
"2212",12,12079106,1284,12080390,4017,12084407,1201,12085608
"2213",12,12086110,2447,12088557,1700,12090257,3518,12093775
"2214",12,12094264,1710,12095974,7717,12103691,1016,12104707
"2215",12,12105194,1296,12106490,5834,12112324,1017,12113341
"2216",12,12113852,1289,12115141,1816,12116957,3401,12120358
"2217",12,12120886,2721,12123607,1117,12124724,4101,12128825
"2218",12,12129336,1138,12130474,1700,12132174,3518,12135692
"2219",12,12136204,1120,12137324,1534,12138858,3684,12142542
"2220",12,12143065,3859,12146924,4084,12151008,1134,12152142
"2221",12,12152647,1461,12154108,1567,12155675,3651,12159326
"2222",12,12159838,1137,12160975,1783,12162758,3435,12166193
"2223",12,12166713,1145,12167858,3034,12170892,2184,12173076
"2224",12,12173604,3188,12176792,1500,12178292,3717,12182009
"2225",12,12182524,1918,12184442,5050,12189492,1017,12190509
"2226",12,12191030,2312,12193342,1283,12194625,3935,12198560
"2227",12,12199063,1129,12200192,1117,12201309,4101,12205410
"2228",12,12205918,4991,12210909,2567,12213476,2651,12216127
"2229",12,12216657,1385,12218042,1151,12219193,4067,12223260
"2230",12,12223775,1134,12224909,1400,12226309,3818,12230127
"2231",12,12230636,2223,12232859,3350,12236209,1868,12238077
"2232",12,12238567,3842,12242409,1234,12243643,3984,12247627
"2233",12,12248144,1132,12249276,984,12250260,4234,12254494
"2234",12,12255015,1128,12256143,1733,12257876,3485,12261361
"2235",12,12261876,1950,12263826,2251,12266077,2967,12269044
"2236",12,12269569,1341,12270910,2200,12273110,3018,12276128
"2237",12,12276628,1782,12278410,3917,12282327,1301,12283628
"2238",12,12284153,1124,12285277,1716,12286993,3502,12290495
"2239",12,12290986,1257,12292243,1801,12294044,3417,12297461
"2240",12,12297970,1123,12299093,1434,12300527,3784,12304311
"2241",12,12304811,5916,12310727,1134,12311861,4084,12315945
"2242",12,12316461,1133,12317594,1333,12318927,3885,12322812
"2243",12,12323337,1124,12324461,833,12325294,4385,12329679
"2244",12,12330190,5904,12336094,1400,12337494,3818,12341312
"2245",12,12341801,1393,12343194,1167,12344361,4051,12348412
"2246",12,12348929,2082,12351011,1167,12352178,4051,12356229
"2247",12,12356738,1123,12357861,3817,12361678,1401,12363079
"2248",12,12363585,1376,12364961,900,12365861,4318,12370179
"2249",12,12370704,3624,12374328,1450,12375778,3768,12379546
"2250",12,12380066,1129,12381195,1533,12382728,3685,12386413
"2251",12,12386932,1129,12388061,2401,12390462,2817,12393279
"2252",12,12393789,1339,12395128,2134,12397262,3084,12400346
"2253",12,12400853,1125,12401978,1968,12403946,3250,12407196
"2254",12,12407710,2552,12410262,1683,12411945,3535,12415480
"2255",12,12416001,4411,12420412,6684,12427096,1016,12428112
"2256",12,12428626,2186,12430812,784,12431596,4434,12436030
"2257",12,12436542,2120,12438662,967,12439629,4251,12443880
"2258",12,12444365,1131,12445496,2133,12447629,3085,12450714
"2259",12,12451233,1379,12452612,1701,12454313,3517,12457830
"2260",12,12458346,6717,12465063,1450,12466513,3768,12470281
"2261",12,12470775,1121,12471896,1800,12473696,3418,12477114
"2262",12,12477612,1134,12478746,1684,12480430,3534,12483964
"2263",12,12484480,2533,12487013,1800,12488813,3418,12492231
"2264",12,12492730,1233,12493963,784,12494747,4434,12499181
"2265",12,12499690,2190,12501880,1817,12503697,3401,12507098
"2266",12,12507609,1138,12508747,1567,12510314,3651,12513965
"2267",12,12514478,4136,12518614,1383,12519997,3835,12523832
"2268",12,12524348,1299,12525647,3267,12528914,1951,12530865
"2269",12,12531373,1808,12533181,1000,12534181,4217,12538398
"2270",12,12538899,1132,12540031,1633,12541664,3585,12545249
"2271",12,12545765,5066,12550831,1233,12552064,3985,12556049
"2272",12,12556560,1404,12557964,1650,12559614,3568,12563182
"2273",12,12563676,2105,12565781,2934,12568715,2284,12570999
"2274",12,12571520,1128,12572648,1000,12573648,4218,12577866
"2275",12,12578383,1132,12579515,2650,12582165,2568,12584733
"2276",12,12585237,1994,12587231,1617,12588848,3601,12592449
"2277",12,12592975,1473,12594448,2534,12596982,2684,12599666
"2278",12,12600167,1131,12601298,1317,12602615,3901,12606516
"2279",12,12607043,1255,12608298,1867,12610165,3351,12613516
"2280",12,12614018,2214,12616232,2150,12618382,3068,12621450
"2281",12,12621941,3774,12625715,934,12626649,4284,12630933
"2282",12,12631453,1129,12632582,1684,12634266,3534,12637800
"2283",12,12638330,10886,12649216,1367,12650583,3850,12654433
"2284",12,12654948,2201,12657149,1650,12658799,3568,12662367
"2285",12,12662880,1136,12664016,2317,12666333,2901,12669234
"2286",12,12669727,1122,12670849,967,12671816,4251,12676067
"2287",12,12676604,1329,12677933,2000,12679933,3218,12683151
"2288",12,12683674,1126,12684800,2266,12687066,2952,12690018
"2289",12,12690509,2007,12692516,2084,12694600,3134,12697734
"2290",12,12698239,3244,12701483,2384,12703867,2834,12706701
"2291",12,12707219,1131,12708350,1967,12710317,3251,12713568
"2292",12,12714076,1391,12715467,1517,12716984,3701,12720685
"2293",12,12721187,7163,12728350,1850,12730200,3368,12733568
"2294",12,12734088,1129,12735217,1117,12736334,4101,12740435
"2295",12,12740939,1128,12742067,900,12742967,4318,12747285
"2296",12,12747807,1127,12748934,1283,12750217,3935,12754152
"2297",12,12754682,1169,12755851,2450,12758301,2768,12761069
"2298",12,12761579,1672,12763251,1600,12764851,3618,12768469
"2299",12,12768990,1128,12770118,1150,12771268,4067,12775335
"2300",12,12775861,2357,12778218,1583,12779801,3635,12783436
"2301",12,12783958,1126,12785084,1484,12786568,3734,12790302
"2302",12,12790797,5404,12796201,1434,12797635,3784,12801419
"2303",12,12801913,6572,12808485,1717,12810202,3501,12813703
"2304",12,12814187,1131,12815318,1117,12816435,4101,12820536
"2305",12,12821041,16228,12837269,1383,12838652,3834,12842486
"2306",12,12843015,1137,12844152,1250,12845402,3968,12849370
"2307",12,12849896,2723,12852619,917,12853536,4301,12857837
"2308",12,12858341,1128,12859469,1100,12860569,4118,12864687
"2309",12,12865191,1862,12867053,2483,12869536,2735,12872271
"2310",12,12872791,1245,12874036,1433,12875469,3785,12879254
"2311",12,12879766,4920,12884686,1684,12886370,3534,12889904
"2312",12,12890417,1119,12891536,1417,12892953,3801,12896754
"2313",12,12897252,8351,12905603,6184,12911787,1016,12912803
"2314",12,12913297,2073,12915370,1617,12916987,3601,12920588
"2315",12,12921092,1128,12922220,1183,12923403,4035,12927438
"2316",12,12927962,3875,12931837,10283,12942120,1017,12943137
"2317",12,12943657,1930,12945587,2734,12948321,2484,12950805
"2318",12,12951325,2012,12953337,1250,12954587,3968,12958555
"2319",12,12959071,1133,12960204,1200,12961404,4018,12965422
"2320",12,12965929,1125,12967054,1417,12968471,3801,12972272
"2321",12,12972789,1132,12973921,1267,12975188,3951,12979139
"2322",12,12979646,11408,12991054,1234,12992288,3984,12996272
"2323",12,12996770,1285,12998055,1333,12999388,3884,13003272
"2324",12,13003800,1271,13005071,1617,13006688,3601,13010289
"2325",12,13010804,12251,13023055,1334,13024389,3884,13028273
"2326",12,13028797,1125,13029922,1833,13031755,3385,13035140
"2327",12,13035644,1128,13036772,850,13037622,4368,13041990
"2328",12,13042507,1132,13043639,1650,13045289,3568,13048857
"2329",12,13049357,11799,13061156,1466,13062622,3752,13066374
"2330",12,13066854,1135,13067989,1033,13069022,4185,13073207
"2331",12,13073705,1134,13074839,2434,13077273,2784,13080057
"2332",12,13080575,1264,13081839,1600,13083439,3618,13087057
"2333",12,13087569,1604,13089173,1250,13090423,3968,13094391
"2334",12,13094917,1139,13096056,1650,13097706,3568,13101274
"2335",12,13101788,1518,13103306,1150,13104456,4068,13108524
"2336",12,13109031,1125,13110156,1084,13111240,4134,13115374
"2337",12,13115875,5182,13121057,1350,13122407,3868,13126275
"2338",12,13126786,5304,13132090,1750,13133840,3468,13137308
"2339",12,13137802,4755,13142557,867,13143424,4351,13147775
"2340",12,13148295,2295,13150590,1484,13152074,3734,13155808
"2341",12,13156327,1130,13157457,1167,13158624,4051,13162675
"2342",12,13163190,4200,13167390,1834,13169224,3384,13172608
"2343",12,13173133,1124,13174257,834,13175091,4384,13179475
"2344",12,13179993,3031,13183024,1367,13184391,3851,13188242
"2345",12,13188743,1881,13190624,851,13191475,4367,13195842
"2346",12,13196341,4000,13200341,3634,13203975,1584,13205559
"2347",12,13206054,1454,13207508,1683,13209191,3535,13212726
"2348",12,13213220,26438,13239658,1601,13241259,3617,13244876
"2349",12,13245388,1270,13246658,784,13247442,4434,13251876
"2350",12,13252395,1130,13253525,1167,13254692,4051,13258743
"2351",12,13259248,3577,13262825,1134,13263959,4084,13268043
"2352",12,13268560,1132,13269692,1550,13271242,3668,13274910
"2353",12,13275419,1723,13277142,1267,13278409,3951,13282360
"2354",12,13282857,1135,13283992,1184,13285176,4034,13289210
"2355",12,13289697,4246,13293943,1633,13295576,3584,13299160
"2356",12,13299652,2691,13302343,1266,13303609,3952,13307561
"2357",12,13308048,3245,13311293,11867,13323160,1017,13324177
"2358",12,13324687,1273,13325960,1067,13327027,4151,13331178
"2359",12,13331709,1334,13333043,1684,13334727,3534,13338261
"2360",12,13338751,5942,13344693,1234,13345927,3984,13349911
"2361",12,13350421,1289,13351710,8850,13360560,1017,13361577
"2362",12,13362089,1338,13363427,867,13364294,4351,13368645
"2363",12,13369143,1134,13370277,784,13371061,4434,13375495
"2364",12,13376001,1376,13377377,901,13378278,4317,13382595
"2365",12,13383087,1124,13384211,2100,13386311,3118,13389429
"2366",12,13389954,1573,13391527,1267,13392794,3951,13396745
"2367",12,13397253,1125,13398378,950,13399328,4268,13403596
"2368",12,13404091,9137,13413228,1533,13414761,3685,13418446
"2369",12,13418942,1136,13420078,1000,13421078,4218,13425296
"2370",12,13425810,1985,13427795,1383,13429178,3835,13433013
"2371",12,13433518,1127,13434645,1833,13436478,3385,13439863
"2372",12,13440365,1130,13441495,1183,13442678,4035,13446713
"2373",12,13447252,1126,13448378,3034,13451412,2184,13453596
"2374",12,13454117,2661,13456778,1217,13457995,4001,13461996
"2375",12,13462500,1129,13463629,1883,13465512,3335,13468847
"2376",12,13469340,4689,13474029,1283,13475312,3935,13479247
"2377",12,13479764,1131,13480895,951,13481846,4267,13486113
"2378",12,13486630,1132,13487762,1967,13489729,3251,13492980
"2379",12,13493498,1131,13494629,10367,13504996,1017,13506013
"2380",12,13506514,1132,13507646,2150,13509796,3068,13512864
"2381",12,13513375,1138,13514513,1883,13516396,3335,13519731
"2382",12,13520243,2186,13522429,1417,13523846,3801,13527647
"2383",12,13528144,1136,13529280,2133,13531413,3085,13534498
"2384",12,13535021,1125,13536146,4484,13540630,1017,13541647
"2385",12,13542131,2266,13544397,3233,13547630,1984,13549614
"2386",12,13550102,1245,13551347,2266,13553613,2952,13556565
"2387",12,13557058,1122,13558180,967,13559147,4251,13563398
"2388",12,13563916,1131,13565047,1283,13566330,3935,13570265
"2389",12,13570787,1293,13572080,2317,13574397,2901,13577298
"2390",12,13577785,1129,13578914,1600,13580514,3618,13584132
"2391",12,13584646,1134,13585780,2101,13587881,3117,13590998
"2392",12,13591516,1248,13592764,1767,13594531,3451,13597982
"2393",12,13598481,2833,13601314,1367,13602681,3851,13606532
"2394",12,13607043,7571,13614614,1234,13615848,3984,13619832
"2395",12,13620346,1135,13621481,1017,13622498,4201,13626699
"2396",12,13627188,1143,13628331,1134,13629465,4084,13633549
"2397",12,13634061,1354,13635415,1033,13636448,4185,13640633
"2398",12,13641163,1135,13642298,1400,13643698,3818,13647516
"2399",12,13648025,1223,13649248,2084,13651332,3134,13654466
"2400",12,13655001,1131,13656132,1250,13657382,3968,13661350
"2401",13,3769912,1108,3771020,1765,3772785,3453,3776238
"2402",13,3776734,1134,3777868,1734,3779602,3484,3783086
"2403",13,3783603,1615,3785218,1567,3786785,3651,3790436
"2404",13,3790949,1136,3792085,2067,3794152,3151,3797303
"2405",13,3797813,1122,3798935,967,3799902,4251,3804153
"2406",13,3804648,1137,3805785,1217,3807002,4001,3811003
"2407",13,3811525,1127,3812652,1433,3814085,3785,3817870
"2408",13,3818387,1282,3819669,1650,3821319,3568,3824887
"2409",13,3825392,1127,3826519,1333,3827852,3885,3831737
"2410",13,3832234,1135,3833369,2583,3835952,2635,3838587
"2411",13,3839070,1132,3840202,1367,3841569,3851,3845420
"2412",13,3845926,1643,3847569,2184,3849753,3034,3852787
"2413",13,3853295,1274,3854569,2884,3857453,2334,3859787
"2414",13,3860288,1265,3861553,2966,3864519,2252,3866771
"2415",13,3867274,1129,3868403,2067,3870470,3151,3873621
"2416",13,3874126,1127,3875253,3967,3879220,1251,3880471
"2417",13,3880993,1277,3882270,3100,3885370,2118,3887488
"2418",13,3888004,1249,3889253,2700,3891953,2518,3894471
"2419",13,3894974,1129,3896103,2217,3898320,3001,3901321
"2420",13,3901835,1968,3903803,2284,3906087,2934,3909021
"2421",13,3909541,1129,3910670,2600,3913270,2618,3915888
"2422",13,3916391,1129,3917520,2734,3920254,2484,3922738
"2423",13,3923231,1123,3924354,2033,3926387,3184,3929571
"2424",13,3930071,1133,3931204,4417,3935621,1016,3936637
"2425",13,3937155,1132,3938287,3400,3941687,1818,3943505
"2426",13,3944028,1126,3945154,3167,3948321,2051,3950372
"2427",13,3950863,1124,3951987,3451,3955438,1767,3957205
"2428",13,3957714,1123,3958837,1201,3960038,4018,3964056
"2429",13,3964583,1121,3965704,1667,3967371,3551,3970922
"2430",13,3971448,1123,3972571,1500,3974071,3718,3977789
"2431",13,3978283,1655,3979938,3400,3983338,1818,3985156
"2432",13,3985662,1126,3986788,1950,3988738,3268,3992006
"2433",13,3992518,1820,3994338,2734,3997072,2484,3999556
"2434",13,4000061,1127,4001188,900,4002088,4318,4006406
"2435",13,4006910,1128,4008038,1434,4009472,3784,4013256
"2436",13,4013781,1557,4015338,3584,4018922,1634,4020556
"2437",13,4021060,1295,4022355,2950,4025305,2268,4027573
"2438",13,4028079,1310,4029389,2083,4031472,3135,4034607
"2439",13,4035094,1245,4036339,1367,4037706,3851,4041557
"2440",13,4042063,1592,4043655,1751,4045406,3467,4048873
"2441",13,4049383,1123,4050506,1517,4052023,3700,4055723
"2442",13,4056222,1967,4058189,1117,4059306,4101,4063407
"2443",13,4063896,1677,4065573,1466,4067039,3751,4070790
"2444",13,4071284,1305,4072589,2767,4075356,2451,4077807
"2445",13,4078306,1167,4079473,2267,4081740,2950,4084690
"2446",13,4085201,1122,4086323,1883,4088206,3335,4091541
"2447",13,4092058,1132,4093190,1567,4094757,3651,4098408
"2448",13,4098913,1743,4100656,1634,4102290,3584,4105874
"2449",13,4106378,1128,4107506,817,4108323,4402,4112725
"2450",13,4113217,1256,4114473,3084,4117557,2134,4119691
"2451",13,4120185,1322,4121507,1217,4122724,4001,4126725
"2452",13,4127231,1126,4128357,2300,4130657,2918,4133575
"2453",13,4134083,1174,4135257,1933,4137190,3285,4140475
"2454",13,4140998,2176,4143174,2350,4145524,2868,4148392
"2455",13,4148905,1302,4150207,1400,4151607,3818,4155425
"2456",13,4155949,1825,4157774,1400,4159174,3818,4162992
"2457",13,4163515,2159,4165674,1384,4167058,3834,4170892
"2458",13,4171408,1133,4172541,2017,4174558,3201,4177759
"2459",13,4178254,1137,4179391,1300,4180691,3918,4184609
"2460",13,4185122,1686,4186808,2267,4189075,2951,4192026
"2461",13,4192539,1835,4194374,1851,4196225,3367,4199592
"2462",13,4200101,1124,4201225,1150,4202375,4068,4206443
"2463",13,4206943,1132,4208075,1383,4209458,3835,4213293
"2464",13,4213783,1125,4214908,1750,4216658,3468,4220126
"2465",13,4220633,1125,4221758,1950,4223708,3268,4226976
"2466",13,4227489,1136,4228625,1484,4230109,3734,4233843
"2467",13,4234337,1688,4236025,3100,4239125,2118,4241243
"2468",13,4241756,1136,4242892,1250,4244142,3968,4248110
"2469",13,4248598,1127,4249725,4167,4253892,1051,4254943
"2470",13,4255452,2290,4257742,1584,4259326,3634,4262960
"2471",13,4263469,2023,4265492,734,4266226,4484,4270710
"2472",13,4271220,1122,4272342,1951,4274293,3267,4277560
"2473",13,4278094,1132,4279226,1317,4280543,3901,4284444
"2474",13,4284958,1135,4286093,2416,4288509,2802,4291311
"2475",13,4291813,2396,4294209,1884,4296093,3334,4299427
"2476",13,4299931,1129,4301060,1016,4302076,4201,4306277
"2477",13,4306770,1123,4307893,1167,4309060,4051,4313111
"2478",13,4313635,1591,4315226,2467,4317693,2751,4320444
"2479",13,4320962,1131,4322093,2550,4324643,2668,4327311
"2480",13,4327818,1125,4328943,1701,4330644,3517,4334161
"2481",13,4334670,1123,4335793,1584,4337377,3634,4341011
"2482",13,4341522,1122,4342644,1816,4344460,3401,4347861
"2483",13,4348397,1130,4349527,1150,4350677,4068,4354745
"2484",13,4355257,1287,4356544,1083,4357627,4135,4361762
"2485",13,4362251,1126,4363377,1350,4364727,3868,4368595
"2486",13,4369109,1135,4370244,1383,4371627,3835,4375462
"2487",13,4375995,1132,4377127,1284,4378411,3934,4382345
"2488",13,4382836,1125,4383961,1283,4385244,3935,4389179
"2489",13,4389677,1134,4390811,1050,4391861,4168,4396029
"2490",13,4396537,1124,4397661,1384,4399045,3834,4402879
"2491",13,4403383,1261,4404644,884,4405528,4334,4409862
"2492",13,4410392,1136,4411528,1434,4412962,3784,4416746
"2493",13,4417256,1122,4418378,1300,4419678,3918,4423596
"2494",13,4424081,1130,4425211,1134,4426345,4084,4430429
"2495",13,4430943,2085,4433028,3384,4436412,1834,4438246
"2496",13,4438756,1172,4439928,2134,4442062,3084,4445146
"2497",13,4445655,1123,4446778,2817,4449595,2401,4451996
"2498",13,4452487,1275,4453762,1850,4455612,3368,4458980
"2499",13,4459468,1127,4460595,2484,4463079,2734,4465813
"2500",13,4466324,1121,4467445,1351,4468796,3867,4472663
"2501",13,4473179,1133,4474312,1117,4475429,4101,4479530
"2502",13,4480051,1128,4481179,2517,4483696,2701,4486397
"2503",13,4486907,1122,4488029,2250,4490279,2968,4493247
"2504",13,4493751,1128,4494879,1367,4496246,3851,4500097
"2505",13,4500592,1704,4502296,1683,4503979,3535,4507514
"2506",13,4508010,1136,4509146,1050,4510196,4168,4514364
"2507",13,4514893,1136,4516029,1567,4517596,3651,4521247
"2508",13,4521740,2623,4524363,1084,4525447,4134,4529581
"2509",13,4530082,1131,4531213,2817,4534030,2401,4536431
"2510",13,4536951,1129,4538080,783,4538863,4435,4543298
"2511",13,4543793,1137,4544930,817,4545747,4401,4550148
"2512",13,4550669,1128,4551797,1100,4552897,4118,4557015
"2513",13,4557528,1136,4558664,1550,4560214,3668,4563882
"2514",13,4564394,1136,4565530,1667,4567197,3551,4570748
"2515",13,4571243,1137,4572380,1334,4573714,3884,4577598
"2516",13,4578102,1262,4579364,1617,4580981,3601,4584582
"2517",13,4585096,1135,4586231,3200,4589431,2017,4591448
"2518",13,4591937,1927,4593864,1084,4594948,4134,4599082
"2519",13,4599606,1275,4600881,2400,4603281,2818,4606099
"2520",13,4606607,1124,4607731,1534,4609265,3684,4612949
"2521",13,4613467,1131,4614598,1133,4615731,4085,4619816
"2522",13,4620323,1125,4621448,817,4622265,4401,4626666
"2523",13,4627154,1127,4628281,1467,4629748,3751,4633499
"2524",13,4634015,1133,4635148,2317,4637465,2901,4640366
"2525",13,4640872,1876,4642748,2500,4645248,2718,4647966
"2526",13,4648478,1154,4649632,2766,4652398,2452,4654850
"2527",13,4655355,1210,4656565,3967,4660532,1251,4661783
"2528",13,4662300,1265,4663565,1300,4664865,3918,4668783
"2529",13,4669282,1717,4670999,1183,4672182,4034,4676216
"2530",13,4676720,1129,4677849,1350,4679199,3868,4683067
"2531",13,4683582,1133,4684715,1634,4686349,3584,4689933
"2532",13,4690433,1133,4691566,1450,4693016,3768,4696784
"2533",13,4697310,1122,4698432,1851,4700283,3367,4703650
"2534",13,4704169,1313,4705482,1401,4706883,3818,4710701
"2535",13,4711213,1136,4712349,2167,4714516,3051,4717567
"2536",13,4718059,1124,4719183,2117,4721300,3101,4724401
"2537",13,4724909,1124,4726033,2334,4728367,2884,4731251
"2538",13,4731781,1735,4733516,3084,4736600,2134,4738734
"2539",13,4739242,1141,4740383,2784,4743167,2434,4745601
"2540",13,4746108,1125,4747233,1267,4748500,3951,4752451
"2541",13,4752963,1137,4754100,1600,4755700,3618,4759318
"2542",13,4759833,1817,4761650,1934,4763584,3284,4766868
"2543",13,4767391,2309,4769700,6300,4776000,1017,4777017
"2544",13,4777531,1403,4778934,1533,4780467,3685,4784152
"2545",13,4784663,1137,4785800,4134,4789934,1084,4791018
"2546",13,4791531,1286,4792817,1934,4794751,3284,4798035
"2547",13,4798531,1136,4799667,1334,4801001,3884,4804885
"2548",13,4805380,1137,4806517,1301,4807818,3917,4811735
"2549",13,4812219,1132,4813351,1500,4814851,3718,4818569
"2550",13,4819073,1978,4821051,1184,4822235,4034,4826269
"2551",13,4826780,1138,4827918,1150,4829068,4068,4833136
"2552",13,4833652,1666,4835318,1400,4836718,3818,4840536
"2553",13,4841037,1131,4842168,700,4842868,4518,4847386
"2554",13,4847926,1125,4849051,1167,4850218,4051,4854269
"2555",13,4854787,1131,4855918,2484,4858402,2734,4861136
"2556",13,4861657,1261,4862918,1084,4864002,4134,4868136
"2557",13,4868636,1132,4869768,5118,4874886,1016,4875902
"2558",13,4876422,2163,4878585,1251,4879836,3967,4883803
"2559",13,4884295,1124,4885419,1117,4886536,4101,4890637
"2560",13,4891142,1243,4892385,1084,4893469,4134,4897603
"2561",13,4898124,1128,4899252,1100,4900352,4118,4904470
"2562",13,4904961,1125,4906086,1033,4907119,4185,4911304
"2563",13,4911822,1897,4913719,2034,4915753,3184,4918937
"2564",13,4919497,1122,4920619,984,4921603,4234,4925837
"2565",13,4926347,1656,4928003,783,4928786,4435,4933221
"2566",13,4933732,2571,4936303,3483,4939786,1735,4941521
"2567",13,4942021,2699,4944720,1266,4945986,3952,4949938
"2568",13,4950446,1124,4951570,900,4952470,4318,4956788
"2569",13,4957278,1392,4958670,1750,4960420,3468,4963888
"2570",13,4964393,2027,4966420,1517,4967937,3701,4971638
"2571",13,4972131,1722,4973853,1017,4974870,4201,4979071
"2572",13,4979590,2647,4982237,2083,4984320,3135,4987455
"2573",13,4987942,1412,4989354,1900,4991254,3318,4994572
"2574",13,4995085,1119,4996204,1950,4998154,3268,5001422
"2575",13,5001938,1783,5003721,1533,5005254,3685,5008939
"2576",13,5009449,1255,5010704,4500,5015204,1017,5016221
"2577",13,5016710,1727,5018437,1851,5020288,3367,5023655
"2578",13,5024159,2395,5026554,1900,5028454,3318,5031772
"2579",13,5032278,1126,5033404,2284,5035688,2934,5038622
"2580",13,5039159,1112,5040271,1484,5041755,3734,5045489
"2581",13,5045988,1250,5047238,783,5048021,4435,5052456
"2582",13,5052966,1122,5054088,1650,5055738,3568,5059306
"2583",13,5059823,2432,5062255,3084,5065339,2134,5067473
"2584",13,5068003,1135,5069138,1451,5070589,3767,5074356
"2585",13,5074857,1131,5075988,884,5076872,4334,5081206
"2586",13,5081712,1126,5082838,1284,5084122,3934,5088056
"2587",13,5088573,1132,5089705,2184,5091889,3034,5094923
"2588",13,5095434,1521,5096955,784,5097739,4434,5102173
"2589",13,5102672,1134,5103806,1750,5105556,3467,5109023
"2590",13,5109543,1129,5110672,1317,5111989,3901,5115890
"2591",13,5116406,1133,5117539,1083,5118622,4135,5122757
"2592",13,5123260,1129,5124389,2250,5126639,2968,5129607
"2593",13,5130125,1131,5131256,783,5132039,4435,5136474
"2594",13,5136998,1125,5138123,1583,5139706,3635,5143341
"2595",13,5143852,1137,5144989,1101,5146090,4117,5150207
"2596",13,5150700,1123,5151823,783,5152606,4435,5157041
"2597",13,5157559,1131,5158690,1233,5159923,3985,5163908
"2598",13,5164413,1127,5165540,1933,5167473,3285,5170758
"2599",13,5171269,1137,5172406,1384,5173790,3834,5177624
"2600",13,5178156,1301,5179457,1233,5180690,3985,5184675
"2601",14,11199124,1611,11200735,3250,11203985,1968,11205953
"2602",14,11206457,1895,11208352,1600,11209952,3618,11213570
"2603",14,11214094,1858,11215952,2117,11218069,3101,11221170
"2604",14,11221678,2124,11223802,2417,11226219,2801,11229020
"2605",14,11229515,2337,11231852,1384,11233236,3834,11237070
"2606",14,11237579,1857,11239436,1617,11241053,3601,11244654
"2607",14,11245143,1126,11246269,1650,11247919,3568,11251487
"2608",14,11251988,1131,11253119,1767,11254886,3451,11258337
"2609",14,11258856,1114,11259970,2950,11262920,2267,11265187
"2610",14,11265690,2330,11268020,1183,11269203,4034,11273237
"2611",14,11273728,1792,11275520,1567,11277087,3651,11280738
"2612",14,11281254,2416,11283670,1283,11284953,3935,11288888
"2613",14,11289422,1131,11290553,2100,11292653,3118,11295771
"2614",14,11296265,1122,11297387,1233,11298620,3985,11302605
"2615",14,11303107,1880,11304987,1450,11306437,3768,11310205
"2616",14,11310730,1757,11312487,2417,11314904,2801,11317705
"2617",14,11318200,2737,11320937,2500,11323437,2718,11326155
"2618",14,11326662,1125,11327787,1384,11329171,3834,11333005
"2619",14,11333515,2039,11335554,1000,11336554,4218,11340772
"2620",14,11341284,1137,11342421,2050,11344471,3168,11347639
"2621",14,11348129,1125,11349254,917,11350171,4301,11354472
"2622",14,11354991,1130,11356121,1883,11358004,3335,11361339
"2623",14,11361844,1277,11363121,1150,11364271,4068,11368339
"2624",14,11368829,4042,11372871,1034,11373905,4184,11378089
"2625",14,11378583,2005,11380588,2184,11382772,3034,11385806
"2626",14,11386333,1755,11388088,1767,11389855,3451,11393306
"2627",14,11393842,1930,11395772,1683,11397455,3535,11400990
"2628",14,11401515,1123,11402638,1301,11403939,3917,11407856
"2629",14,11408360,1478,11409838,1584,11411422,3634,11415056
"2630",14,11415580,1125,11416705,1350,11418055,3868,11421923
"2631",14,11422415,1640,11424055,1101,11425156,4117,11429273
"2632",14,11429767,1122,11430889,1867,11432756,3351,11436107
"2633",14,11436606,1133,11437739,1533,11439272,3685,11442957
"2634",14,11443468,1121,11444589,1500,11446089,3718,11449807
"2635",14,11450308,1865,11452173,2983,11455156,2234,11457390
"2636",14,11457914,2592,11460506,1417,11461923,3801,11465724
"2637",14,11466240,2399,11468639,1901,11470540,3317,11473857
"2638",14,11474372,1884,11476256,1017,11477273,4201,11481474
"2639",14,11481991,1132,11483123,1034,11484157,4184,11488341
"2640",14,11488837,1253,11490090,850,11490940,4368,11495308
"2641",14,11495820,1803,11497623,1167,11498790,4051,11502841
"2642",14,11503364,1126,11504490,1200,11505690,4018,11509708
"2643",14,11510231,1126,11511357,1350,11512707,3868,11516575
"2644",14,11517093,1130,11518223,1984,11520207,3235,11523442
"2645",14,11523927,1130,11525057,1467,11526524,3751,11530275
"2646",14,11530777,1563,11532340,2551,11534891,2667,11537558
"2647",14,11538068,1123,11539191,2033,11541224,3185,11544409
"2648",14,11544923,1234,11546157,1234,11547391,3984,11551375
"2649",14,11551882,1676,11553558,1616,11555174,3602,11558776
"2650",14,11559292,1132,11560424,850,11561274,4368,11565642
"2651",14,11566158,1116,11567274,1151,11568425,4067,11572492
"2652",14,11573007,1134,11574141,1484,11575625,3734,11579359
"2653",14,11579860,1731,11581591,1217,11582808,4001,11586809
"2654",14,11587322,1786,11589108,2417,11591525,2801,11594326
"2655",14,11594841,1300,11596141,2267,11598408,2951,11601359
"2656",14,11601886,1239,11603125,1267,11604392,3951,11608343
"2657",14,11608846,1129,11609975,1784,11611759,3434,11615193
"2658",14,11615720,1122,11616842,933,11617775,4285,11622060
"2659",14,11622568,1124,11623692,3600,11627292,1618,11628910
"2660",14,11629427,1598,11631025,1234,11632259,3984,11636243
"2661",14,11636735,1557,11638292,1934,11640226,3284,11643510
"2662",14,11644036,3156,11647192,1650,11648842,3568,11652410
"2663",14,11652901,1125,11654026,1567,11655593,3651,11659244
"2664",14,11659745,3164,11662909,1250,11664159,3968,11668127
"2665",14,11668643,1850,11670493,1517,11672010,3701,11675711
"2666",14,11676228,4765,11680993,1733,11682726,3485,11686211
"2667",14,11686717,1209,11687926,2317,11690243,2901,11693144
"2668",14,11693645,2448,11696093,1934,11698027,3284,11701311
"2669",14,11701826,2051,11703877,2766,11706643,2452,11709095
"2670",14,11709593,1134,11710727,1433,11712160,3785,11715945
"2671",14,11716448,1995,11718443,1484,11719927,3734,11723661
"2672",14,11724152,1125,11725277,1150,11726427,4068,11730495
"2673",14,11731021,1123,11732144,1400,11733544,3817,11737361
"2674",14,11737882,1128,11739010,1684,11740694,3534,11744228
"2675",14,11744735,2225,11746960,1917,11748877,3302,11752179
"2676",14,11752690,1854,11754544,1250,11755794,3968,11759762
"2677",14,11760286,1125,11761411,1933,11763344,3285,11766629
"2678",14,11767115,1129,11768244,1434,11769678,3784,11773462
"2679",14,11773977,2084,11776061,1300,11777361,3918,11781279
"2680",14,11781803,2492,11784295,1150,11785445,4067,11789512
"2681",14,11790032,1129,11791161,1351,11792512,3867,11796379
"2682",14,11796884,1777,11798661,1567,11800228,3651,11803879
"2683",14,11804397,1131,11805528,900,11806428,4318,11810746
"2684",14,11811255,1607,11812862,1767,11814629,3450,11818079
"2685",14,11818573,1472,11820045,1534,11821579,3684,11825263
"2686",14,11825767,1128,11826895,2200,11829095,3018,11832113
"2687",14,11832626,1136,11833762,1067,11834829,4151,11838980
"2688",14,11839478,1617,11841095,1501,11842596,3717,11846313
"2689",14,11846840,2322,11849162,3734,11852896,1484,11854380
"2690",14,11854882,1280,11856162,2267,11858429,2951,11861380
"2691",14,11861889,3107,11864996,1367,11866363,3851,11870214
"2692",14,11870707,2256,11872963,2150,11875113,3068,11878181
"2693",14,11878691,1188,11879879,2267,11882146,2951,11885097
"2694",14,11885604,1125,11886729,1167,11887896,4051,11891947
"2695",14,11892462,5701,11898163,883,11899046,4335,11903381
"2696",14,11903900,1430,11905330,1467,11906797,3751,11910548
"2697",14,11911072,1608,11912680,1367,11914047,3851,11917898
"2698",14,11918421,1126,11919547,1283,11920830,3935,11924765
"2699",14,11925279,2034,11927313,1201,11928514,4018,11932532
"2700",14,11933058,1722,11934780,1317,11936097,3901,11939998
"2701",14,11940509,1121,11941630,1201,11942831,4017,11946848
"2702",14,11947359,1121,11948480,867,11949347,4351,11953698
"2703",14,11954211,1136,11955347,1084,11956431,4134,11960565
"2704",14,11961072,1609,11962681,1633,11964314,3585,11967899
"2705",14,11968388,1126,11969514,2967,11972481,2251,11974732
"2706",14,11975231,1133,11976364,1300,11977664,3918,11981582
"2707",14,11982073,1125,11983198,5167,11988365,1016,11989381
"2708",14,11989869,1362,11991231,3167,11994398,2051,11996449
"2709",14,11996952,1229,11998181,1000,11999181,4218,12003399
"2710",14,12003915,1433,12005348,850,12006198,4368,12010566
"2711",14,12011095,1520,12012615,917,12013532,4301,12017833
"2712",14,12018340,1125,12019465,950,12020415,4268,12024683
"2713",14,12025183,4949,12030132,933,12031065,4285,12035350
"2714",14,12035861,1188,12037049,1500,12038549,3717,12042266
"2715",14,12042769,1130,12043899,2567,12046466,2651,12049117
"2716",14,12049626,1339,12050965,1317,12052282,3901,12056183
"2717",14,12056698,1184,12057882,1150,12059032,4068,12063100
"2718",14,12063613,1519,12065132,1900,12067032,3318,12070350
"2719",14,12070841,1125,12071966,1100,12073066,4118,12077184
"2720",14,12077685,1131,12078816,1383,12080199,3835,12084034
"2721",14,12084551,1132,12085683,1016,12086699,4202,12090901
"2722",14,12091417,1682,12093099,1067,12094166,4151,12098317
"2723",14,12098840,1160,12100000,1350,12101350,3867,12105217
"2724",14,12105741,1692,12107433,850,12108283,4368,12112651
"2725",14,12113130,1203,12114333,967,12115300,4251,12119551
"2726",14,12120052,1131,12121183,984,12122167,4234,12126401
"2727",14,12126912,1121,12128033,1000,12129033,4218,12133251
"2728",14,12133772,1128,12134900,634,12135534,4584,12140118
"2729",14,12140626,2174,12142800,1984,12144784,3234,12148018
"2730",14,12148537,2130,12150667,967,12151634,4251,12155885
"2731",14,12156378,2206,12158584,950,12159534,4268,12163802
"2732",14,12164308,1176,12165484,1367,12166851,3851,12170702
"2733",14,12171201,1350,12172551,3517,12176068,1701,12177769
"2734",14,12178288,1229,12179517,1701,12181218,3517,12184735
"2735",14,12185236,1365,12186601,1284,12187885,3934,12191819
"2736",14,12192348,2970,12195318,1250,12196568,3968,12200536
"2737",14,12201045,4073,12205118,1050,12206168,4168,12210336
"2738",14,12210848,3253,12214101,1284,12215385,3934,12219319
"2739",14,12219828,1124,12220952,1416,12222368,3802,12226170
"2740",14,12226667,1318,12227985,1033,12229018,4185,12233203
"2741",14,12233728,1690,12235418,1234,12236652,3984,12240636
"2742",14,12241139,1329,12242468,1317,12243785,3901,12247686
"2743",14,12248202,1233,12249435,1334,12250769,3884,12254653
"2744",14,12255159,1643,12256802,1200,12258002,4018,12262020
"2745",14,12262511,1124,12263635,951,12264586,4268,12268854
"2746",14,12269370,1349,12270719,1117,12271836,4101,12275937
"2747",14,12276439,1130,12277569,1650,12279219,3568,12282787
"2748",14,12283276,1127,12284403,1433,12285836,3784,12289620
"2749",14,12290122,2181,12292303,1316,12293619,3902,12297521
"2750",14,12298042,1127,12299169,1117,12300286,4101,12304387
"2751",14,12304882,1137,12306019,1217,12307236,4001,12311237
"2752",14,12311771,1132,12312903,1283,12314186,3935,12318121
"2753",14,12318630,1123,12319753,1417,12321170,3801,12324971
"2754",14,12325487,1766,12327253,1117,12328370,4101,12332471
"2755",14,12332986,1467,12334453,1167,12335620,4051,12339671
"2756",14,12340181,1122,12341303,1051,12342354,4167,12346521
"2757",14,12347027,1126,12348153,867,12349020,4352,12353372
"2758",14,12353870,1134,12355004,966,12355970,4251,12360221
"2759",14,12360731,1123,12361854,3417,12365271,1801,12367072
"2760",14,12367575,2029,12369604,850,12370454,4368,12374822
"2761",14,12375333,3321,12378654,984,12379638,4234,12383872
"2762",14,12384388,2299,12386687,1467,12388154,3751,12391905
"2763",14,12392416,1605,12394021,983,12395004,4235,12399239
"2764",14,12399746,1125,12400871,1267,12402138,3951,12406089
"2765",14,12406608,1680,12408288,1633,12409921,3585,12413506
"2766",14,12414036,2002,12416038,1433,12417471,3785,12421256
"2767",14,12421766,1122,12422888,734,12423622,4484,12428106
"2768",14,12428620,1135,12429755,817,12430572,4401,12434973
"2769",14,12435478,1310,12436788,1384,12438172,3834,12442006
"2770",14,12442518,1670,12444188,884,12445072,4334,12449406
"2771",14,12449902,1187,12451089,916,12452005,4301,12456306
"2772",14,12456822,3867,12460689,783,12461472,4435,12465907
"2773",14,12466424,1131,12467555,684,12468239,4534,12472773
"2774",14,12473276,1446,12474722,1084,12475806,4134,12479940
"2775",14,12480443,1696,12482139,1050,12483189,4168,12487357
"2776",14,12487849,1123,12488972,817,12489789,4401,12494190
"2777",14,12494710,1812,12496522,1367,12497889,3851,12501740
"2778",14,12502261,1128,12503389,1384,12504773,3834,12508607
"2779",14,12509115,1358,12510473,1267,12511740,3951,12515691
"2780",14,12516210,1330,12517540,1350,12518890,3867,12522757
"2781",14,12523282,1324,12524606,1034,12525640,4184,12529824
"2782",14,12530344,1396,12531740,1600,12533340,3618,12536958
"2783",14,12537482,5275,12542757,2000,12544757,3217,12547974
"2784",14,12548481,2626,12551107,1283,12552390,3935,12556325
"2785",14,12556831,4159,12560990,1384,12562374,3834,12566208
"2786",14,12566731,2593,12569324,1183,12570507,4035,12574542
"2787",14,12575055,1436,12576491,883,12577374,4335,12581709
"2788",14,12582217,1124,12583341,1533,12584874,3685,12588559
"2789",14,12589075,1966,12591041,1017,12592058,4201,12596259
"2790",14,12596770,1154,12597924,1084,12599008,4134,12603142
"2791",14,12603661,1130,12604791,1200,12605991,4018,12610009
"2792",14,12610518,1123,12611641,1400,12613041,3818,12616859
"2793",14,12617365,1360,12618725,1166,12619891,4052,12623943
"2794",14,12624458,1933,12626391,1034,12627425,4184,12631609
"2795",14,12632112,1413,12633525,783,12634308,4435,12638743
"2796",14,12639254,1138,12640392,1166,12641558,4051,12645609
"2797",14,12646098,1577,12647675,1950,12649625,3268,12652893
"2798",14,12653394,1448,12654842,1250,12656092,3968,12660060
"2799",14,12660562,2063,12662625,1217,12663842,4001,12667843
"2800",14,12668346,1179,12669525,767,12670292,4451,12674743
"2801",15,14740094,6648,14746742,2217,14748959,3001,14751960
"2802",15,14752468,1124,14753592,1317,14754909,3901,14758810
"2803",15,14759316,1126,14760442,1384,14761826,3834,14765660
"2804",15,14766169,1123,14767292,4501,14771793,1016,14772809
"2805",15,14773308,1134,14774442,1551,14775993,3667,14779660
"2806",15,14780166,1126,14781292,2801,14784093,2417,14786510
"2807",15,14787040,1136,14788176,2734,14790910,2484,14793394
"2808",15,14793894,1249,14795143,1183,14796326,4035,14800361
"2809",15,14800860,1133,14801993,1267,14803260,3951,14807211
"2810",15,14807745,1131,14808876,4034,14812910,1184,14814094
"2811",15,14814611,1132,14815743,3167,14818910,2051,14820961
"2812",15,14821467,1143,14822610,1117,14823727,4101,14827828
"2813",15,14828351,1309,14829660,1750,14831410,3468,14834878
"2814",15,14835382,1311,14836693,1801,14838494,3417,14841911
"2815",15,14842405,1122,14843527,1383,14844910,3835,14848745
"2816",15,14849264,1130,14850394,1150,14851544,4068,14855612
"2817",15,14856131,1129,14857260,1051,14858311,4167,14862478
"2818",15,14862987,1124,14864111,2033,14866144,3184,14869328
"2819",15,14869826,1135,14870961,1316,14872277,3902,14876179
"2820",15,14876668,1126,14877794,1267,14879061,3951,14883012
"2821",15,14883527,1134,14884661,1267,14885928,3951,14889879
"2822",15,14890394,1134,14891528,1083,14892611,4135,14896746
"2823",15,14897250,1128,14898378,1833,14900211,3385,14903596
"2824",15,14904104,1157,14905261,4050,14909311,1168,14910479
"2825",15,14910975,1986,14912961,1300,14914261,3918,14918179
"2826",15,14918693,1135,14919828,1367,14921195,3851,14925046
"2827",15,14925566,1129,14926695,1983,14928678,3235,14931913
"2828",15,14932428,1134,14933562,1300,14934862,3918,14938780
"2829",15,14939280,1132,14940412,1217,14941629,4001,14945630
"2830",15,14946120,1125,14947245,1267,14948512,3951,14952463
"2831",15,14952960,1135,14954095,1167,14955262,4051,14959313
"2832",15,14959837,1125,14960962,1100,14962062,4118,14966180
"2833",15,14966673,1272,14967945,2117,14970062,3102,14973164
"2834",15,14973669,1410,14975079,817,14975896,4401,14980297
"2835",15,14980813,1199,14982012,934,14982946,4284,14987230
"2836",15,14987746,1133,14988879,817,14989696,4401,14994097
"2837",15,14994602,1127,14995729,1717,14997446,3501,15000947
"2838",15,15001459,1137,15002596,917,15003513,4301,15007814
"2839",15,15008312,1401,15009713,1400,15011113,3818,15014931
"2840",15,15015424,1406,15016830,1417,15018247,3801,15022048
"2841",15,15022554,1126,15023680,1167,15024847,4051,15028898
"2842",15,15029389,1924,15031313,1267,15032580,3951,15036531
"2843",15,15037045,1135,15038180,1284,15039464,3934,15043398
"2844",15,15043912,1385,15045297,2217,15047514,3001,15050515
"2845",15,15051037,1126,15052163,951,15053114,4268,15057382
"2846",15,15057893,1137,15059030,1700,15060730,3518,15064248
"2847",15,15064780,1134,15065914,1467,15067381,3751,15071132
"2848",15,15071638,1126,15072764,1133,15073897,4085,15077982
"2849",15,15078486,2378,15080864,2217,15083081,3001,15086082
"2850",15,15086583,1964,15088547,1167,15089714,4051,15093765
"2851",15,15094266,1132,15095398,1450,15096848,3767,15100615
"2852",15,15101110,1138,15102248,1017,15103265,4201,15107466
"2853",15,15107987,2411,15110398,2317,15112715,2901,15115616
"2854",15,15116119,1379,15117498,1300,15118798,3918,15122716
"2855",15,15123226,2255,15125481,1434,15126915,3784,15130699
"2856",15,15131192,1123,15132315,1283,15133598,3935,15137533
"2857",15,15138047,1335,15139382,1200,15140582,4017,15144599
"2858",15,15145106,1126,15146232,1567,15147799,3651,15151450
"2859",15,15151956,1126,15153082,1367,15154449,3851,15158300
"2860",15,15158799,1133,15159932,1484,15161416,3734,15165150
"2861",15,15165665,1134,15166799,2100,15168899,3118,15172017
"2862",15,15172529,1136,15173665,1151,15174816,4068,15178884
"2863",15,15179373,1126,15180499,917,15181416,4301,15185717
"2864",15,15186227,1122,15187349,1350,15188699,3868,15192567
"2865",15,15193090,1126,15194216,1000,15195216,4218,15199434
"2866",15,15199939,1127,15201066,867,15201933,4351,15206284
"2867",15,15206804,1129,15207933,2267,15210200,2951,15213151
"2868",15,15213675,1124,15214799,1984,15216783,3234,15220017
"2869",15,15220509,1124,15221633,1150,15222783,4068,15226851
"2870",15,15227360,1123,15228483,1034,15229517,4184,15233701
"2871",15,15234222,1328,15235550,1367,15236917,3851,15240768
"2872",15,15241274,2393,15243667,1016,15244683,4202,15248885
"2873",15,15249404,1129,15250533,1184,15251717,4034,15255751
"2874",15,15256269,1131,15257400,1034,15258434,4184,15262618
"2875",15,15263141,1126,15264267,1150,15265417,4068,15269485
"2876",15,15269977,1123,15271100,1251,15272351,3967,15276318
"2877",15,15276842,2342,15279184,1200,15280384,4018,15284402
"2878",15,15284909,1125,15286034,900,15286934,4318,15291252
"2879",15,15291758,1126,15292884,2234,15295118,2984,15298102
"2880",15,15298589,1295,15299884,1184,15301068,4034,15305102
"2881",15,15305611,1123,15306734,1101,15307835,4117,15311952
"2882",15,15312455,1129,15313584,901,15314485,4317,15318802
"2883",15,15319318,1133,15320451,1200,15321651,4018,15325669
"2884",15,15326181,1137,15327318,1217,15328535,4001,15332536
"2885",15,15333048,1137,15334185,1033,15335218,4185,15339403
"2886",15,15339912,1123,15341035,1017,15342052,4201,15346253
"2887",15,15346747,1888,15348635,1350,15349985,3868,15353853
"2888",15,15354362,1123,15355485,1000,15356485,4218,15360703
"2889",15,15361220,1132,15362352,1350,15363702,3868,15367570
"2890",15,15368087,1132,15369219,983,15370202,4235,15374437
"2891",15,15374955,1130,15376085,917,15377002,4301,15381303
"2892",15,15381813,1123,15382936,1166,15384102,4052,15388154
"2893",15,15388664,1122,15389786,983,15390769,4235,15395004
"2894",15,15395534,2285,15397819,1384,15399203,3834,15403037
"2895",15,15403551,1135,15404686,4184,15408870,1034,15409904
"2896",15,15410421,1332,15411753,2783,15414536,2434,15416970
"2897",15,15417494,1342,15418836,3217,15422053,2001,15424054
"2898",15,15424563,3307,15427870,4083,15431953,1135,15433088
"2899",15,15433600,1136,15434736,1151,15435887,4067,15439954
"2900",15,15440476,1127,15441603,1167,15442770,4051,15446821
"2901",15,15447348,1122,15448470,1050,15449520,4168,15453688
"2902",15,15454177,1126,15455303,1667,15456970,3551,15460521
"2903",15,15461028,1125,15462153,2101,15464254,3117,15467371
"2904",15,15467880,1123,15469003,1117,15470120,4102,15474222
"2905",15,15474729,1125,15475854,1400,15477254,3818,15481072
"2906",15,15481589,1131,15482720,3134,15485854,2084,15487938
"2907",15,15488444,1126,15489570,2984,15492554,2235,15494789
"2908",15,15495317,2304,15497621,933,15498554,4285,15502839
"2909",15,15503355,1132,15504487,884,15505371,4334,15509705
"2910",15,15510210,1128,15511338,1283,15512621,3935,15516556
"2911",15,15517063,2175,15519238,1250,15520488,3968,15524456
"2912",15,15524970,4735,15529705,1150,15530855,4068,15534923
"2913",15,15535433,1372,15536805,750,15537555,4468,15542023
"2914",15,15542525,1130,15543655,1150,15544805,4068,15548873
"2915",15,15549387,1185,15550572,1166,15551738,4052,15555790
"2916",15,15556311,1127,15557438,734,15558172,4484,15562656
"2917",15,15563178,1127,15564305,1684,15565989,3534,15569523
"2918",15,15570024,1198,15571222,1017,15572239,4201,15576440
"2919",15,15576951,1138,15578089,1000,15579089,4218,15583307
"2920",15,15583811,1128,15584939,1100,15586039,4118,15590157
"2921",15,15590666,1123,15591789,1017,15592806,4201,15597007
"2922",15,15597520,1136,15598656,1283,15599939,3935,15603874
"2923",15,15604388,2184,15606572,851,15607423,4368,15611791
"2924",15,15612307,1399,15613706,1200,15614906,4018,15618924
"2925",15,15619423,1133,15620556,917,15621473,4301,15625774
"2926",15,15626285,1588,15627873,1000,15628873,4218,15633091
"2927",15,15633585,1138,15634723,984,15635707,4234,15639941
"2928",15,15640446,1127,15641573,1117,15642690,4101,15646791
"2929",15,15647303,2587,15649890,967,15650857,4251,15655108
"2930",15,15655601,1122,15656723,1167,15657890,4051,15661941
"2931",15,15662445,3362,15665807,1050,15666857,4168,15671025
"2932",15,15671549,1125,15672674,850,15673524,4368,15677892
"2933",15,15678407,1133,15679540,1300,15680840,3918,15684758
"2934",15,15685270,1120,15686390,1067,15687457,4152,15691609
"2935",15,15692113,1377,15693490,1251,15694741,3968,15698709
"2936",15,15699217,1124,15700341,1200,15701541,4018,15705559
"2937",15,15706062,1129,15707191,1750,15708941,3468,15712409
"2938",15,15712900,1124,15714024,1084,15715108,4134,15719242
"2939",15,15719741,1283,15721024,1284,15722308,3934,15726242
"2940",15,15726732,1126,15727858,1150,15729008,4068,15733076
"2941",15,15733580,1278,15734858,1450,15736308,3768,15740076
"2942",15,15740586,1255,15741841,1617,15743458,3601,15747059
"2943",15,15747560,1131,15748691,1134,15749825,4084,15753909
"2944",15,15754423,1685,15756108,1584,15757692,3634,15761326
"2945",15,15761830,2562,15764392,1733,15766125,3485,15769610
"2946",15,15770113,1129,15771242,1250,15772492,3968,15776460
"2947",15,15776968,3291,15780259,766,15781025,4451,15785476
"2948",15,15786001,1124,15787125,1167,15788292,4051,15792343
"2949",15,15792869,1273,15794142,1400,15795542,3818,15799360
"2950",15,15799871,2555,15802426,817,15803243,4401,15807644
"2951",15,15808160,2066,15810226,1517,15811743,3701,15815444
"2952",15,15815965,2511,15818476,1350,15819826,3868,15823694
"2953",15,15824214,4629,15828843,750,15829593,4468,15834061
"2954",15,15834571,2039,15836610,1150,15837760,4067,15841827
"2955",15,15842329,1481,15843810,1133,15844943,4084,15849027
"2956",15,15849532,1844,15851376,784,15852160,4434,15856594
"2957",15,15857098,6862,15863960,733,15864693,4485,15869178
"2958",15,15869673,1137,15870810,1117,15871927,4101,15876028
"2959",15,15876529,1131,15877660,817,15878477,4401,15882878
"2960",15,15883409,2035,15885444,1083,15886527,4135,15890662
"2961",15,15891177,1883,15893060,851,15893911,4367,15898278
"2962",15,15898796,1364,15900160,934,15901094,4284,15905378
"2963",15,15905912,3299,15909211,867,15910078,4351,15914429
"2964",15,15914918,1126,15916044,900,15916944,4318,15921262
"2965",15,15921768,1276,15923044,1850,15924894,3368,15928262
"2966",15,15928748,1313,15930061,717,15930778,4501,15935279
"2967",15,15935782,1129,15936911,1034,15937945,4184,15942129
"2968",15,15942656,1122,15943778,1767,15945545,3451,15948996
"2969",15,15949504,3107,15952611,1084,15953695,4134,15957829
"2970",15,15958358,2104,15960462,2233,15962695,2984,15965679
"2971",15,15966189,1123,15967312,1783,15969095,3435,15972530
"2972",15,15973035,2310,15975345,1067,15976412,4151,15980563
"2973",15,15981085,1260,15982345,934,15983279,4284,15987563
"2974",15,15988059,1136,15989195,1900,15991095,3318,15994413
"2975",15,15994930,1132,15996062,834,15996896,4384,16001280
"2976",15,16001796,1133,16002929,1183,16004112,4035,16008147
"2977",15,16008651,3661,16012312,867,16013179,4351,16017530
"2978",15,16018041,1121,16019162,1201,16020363,4017,16024380
"2979",15,16024883,1130,16026013,1050,16027063,4167,16031230
"2980",15,16031760,2853,16034613,800,16035413,4418,16039831
"2981",15,16040353,1343,16041696,1134,16042830,4084,16046914
"2982",15,16047422,2508,16049930,1000,16050930,4218,16055148
"2983",15,16055680,2150,16057830,1000,16058830,4218,16063048
"2984",15,16063564,1499,16065063,984,16066047,4234,16070281
"2985",15,16070798,1132,16071930,950,16072880,4268,16077148
"2986",15,16077649,1131,16078780,634,16079414,4584,16083998
"2987",15,16084513,1134,16085647,2750,16088397,2468,16090865
"2988",15,16091378,1136,16092514,1233,16093747,3984,16097731
"2989",15,16098241,1356,16099597,717,16100314,4501,16104815
"2990",15,16105300,1130,16106430,884,16107314,4334,16111648
"2991",15,16112161,1136,16113297,1617,16114914,3601,16118515
"2992",15,16119035,1179,16120214,934,16121148,4284,16125432
"2993",15,16125959,1122,16127081,833,16127914,4385,16132299
"2994",15,16132824,1124,16133948,816,16134764,4402,16139166
"2995",15,16139678,1270,16140948,800,16141748,4418,16146166
"2996",15,16146678,1136,16147814,651,16148465,4568,16153033
"2997",15,16153560,1121,16154681,1400,16156081,3818,16159899
"2998",15,16160409,1122,16161531,1101,16162632,4117,16166749
"2999",15,16167260,1605,16168865,883,16169748,4335,16174083
"3000",15,16174600,1132,16175732,1100,16176832,4117,16180949
"3001",16,8152736,5165,8157901,2384,8160285,2834,8163119
"3002",16,8163629,2289,8165918,4383,8170301,1017,8171318
"3003",16,8171825,1693,8173518,4367,8177885,1017,8178902
"3004",16,8179417,2134,8181551,1717,8183268,3501,8186769
"3005",16,8187275,2676,8189951,2967,8192918,2251,8195169
"3006",16,8195671,1231,8196902,2833,8199735,2385,8202120
"3007",16,8202624,1828,8204452,5533,8209985,1017,8211002
"3008",16,8211499,2436,8213935,4584,8218519,1016,8219535
"3009",16,8220044,5925,8225969,2433,8228402,2785,8231187
"3010",16,8231695,2857,8234552,3134,8237686,2084,8239770
"3011",16,8240279,1323,8241602,3867,8245469,1351,8246820
"3012",16,8247365,1904,8249269,2434,8251703,2784,8254487
"3013",16,8255007,2962,8257969,1650,8259619,3568,8263187
"3014",16,8263701,5768,8269469,2101,8271570,3117,8274687
"3015",16,8275207,3179,8278386,1734,8280120,3484,8283604
"3016",16,8284125,2061,8286186,2300,8288486,2918,8291404
"3017",16,8291911,1259,8293170,8900,8302070,1017,8303087
"3018",16,8303592,1928,8305520,3467,8308987,1751,8310738
"3019",16,8311248,3205,8314453,3851,8318304,1367,8319671
"3020",16,8320189,5231,8325420,4100,8329520,1118,8330638
"3021",16,8331138,1299,8332437,1534,8333971,3684,8337655
"3022",16,8338147,1340,8339487,3867,8343354,1351,8344705
"3023",16,8345218,1286,8346504,1400,8347904,3818,8351722
"3024",16,8352244,1860,8354104,3467,8357571,1751,8359322
"3025",16,8359832,4389,8364221,5917,8370138,1016,8371154
"3026",16,8371657,1530,8373187,3401,8376588,1817,8378405
"3027",16,8378927,1177,8380104,2584,8382688,2634,8385322
"3028",16,8385814,2224,8388038,3150,8391188,2068,8393256
"3029",16,8393764,3441,8397205,1867,8399072,3351,8402423
"3030",16,8402953,2402,8405355,2417,8407772,2801,8410573
"3031",16,8411094,7311,8418405,1117,8419522,4101,8423623
"3032",16,8424123,1382,8425505,3667,8429172,1551,8430723
"3033",16,8431244,1261,8432505,4617,8437122,1017,8438139
"3034",16,8438630,1125,8439755,1667,8441422,3551,8444973
"3035",16,8445481,1741,8447222,2067,8449289,3151,8452440
"3036",16,8452964,2275,8455239,1500,8456739,3718,8460457
"3037",16,8460984,1138,8462122,1350,8463472,3868,8467340
"3038",16,8467844,1128,8468972,1984,8470956,3234,8474190
"3039",16,8474710,1512,8476222,4384,8480606,1017,8481623
"3040",16,8482153,2069,8484222,2167,8486389,3052,8489441
"3041",16,8489950,5289,8495239,2084,8497323,3134,8500457
"3042",16,8500965,1391,8502356,1850,8504206,3368,8507574
"3043",16,8508089,2101,8510190,3616,8513806,1602,8515408
"3044",16,8515921,1135,8517056,3017,8520073,2201,8522274
"3045",16,8522787,4653,8527440,7133,8534573,1017,8535590
"3046",16,8536124,2166,8538290,1433,8539723,3785,8543508
"3047",16,8544003,1804,8545807,1517,8547324,3701,8551025
"3048",16,8551549,1125,8552674,6000,8558674,1017,8559691
"3049",16,8560212,3912,8564124,4150,8568274,1068,8569342
"3050",16,8569854,1937,8571791,2183,8573974,3034,8577008
"3051",16,8577517,3690,8581207,5334,8586541,1017,8587558
"3052",16,8588044,1913,8589957,1434,8591391,3784,8595175
"3053",16,8595688,1870,8597558,2750,8600308,2467,8602775
"3054",16,8603307,1134,8604441,1584,8606025,3634,8609659
"3055",16,8610177,1597,8611774,4134,8615908,1084,8616992
"3056",16,8617519,4522,8622041,1301,8623342,3917,8627259
"3057",16,8627756,1819,8629575,2217,8631792,3001,8634793
"3058",16,8635290,1135,8636425,6583,8643008,1017,8644025
"3059",16,8644528,4714,8649242,1933,8651175,3284,8654459
"3060",16,8654951,1241,8656192,3200,8659392,2018,8661410
"3061",16,8661909,1316,8663225,2934,8666159,2284,8668443
"3062",16,8668968,3991,8672959,1600,8674559,3618,8678177
"3063",16,8678690,1935,8680625,2784,8683409,2434,8685843
"3064",16,8686363,1279,8687642,2584,8690226,2634,8692860
"3065",16,8693383,1559,8694942,7551,8702493,1016,8703509
"3066",16,8704033,2876,8706909,1150,8708059,4068,8712127
"3067",16,8712639,1954,8714593,2400,8716993,2818,8719811
"3068",16,8720321,1122,8721443,2000,8723443,3218,8726661
"3069",16,8727165,1278,8728443,2283,8730726,2935,8733661
"3070",16,8734174,1519,8735693,1900,8737593,3318,8740911
"3071",16,8741426,1600,8743026,2100,8745126,3118,8748244
"3072",16,8748767,1359,8750126,2434,8752560,2784,8755344
"3073",16,8755845,1298,8757143,5717,8762860,1017,8763877
"3074",16,8764395,1282,8765677,2517,8768194,2701,8770895
"3075",16,8771406,1304,8772710,1350,8774060,3868,8777928
"3076",16,8778453,1291,8779744,2883,8782627,2334,8784961
"3077",16,8785450,2227,8787677,1684,8789361,3534,8792895
"3078",16,8793384,2160,8795544,3800,8799344,1418,8800762
"3079",16,8801255,1122,8802377,1500,8803877,3718,8807595
"3080",16,8808111,1300,8809411,1283,8810694,3935,8814629
"3081",16,8815150,1127,8816277,3317,8819594,1901,8821495
"3082",16,8822003,1125,8823128,4550,8827678,1016,8828694
"3083",16,8829196,1948,8831144,1617,8832761,3601,8836362
"3084",16,8836874,1137,8838011,3767,8841778,1451,8843229
"3085",16,8843737,1124,8844861,2717,8847578,2501,8850079
"3086",16,8850589,1122,8851711,1334,8853045,3884,8856929
"3087",16,8857415,1263,8858678,2717,8861395,2501,8863896
"3088",16,8864430,1131,8865561,2101,8867662,3117,8870779
"3089",16,8871291,2454,8873745,1233,8874978,3985,8878963
"3090",16,8879461,1801,8881262,2100,8883362,3118,8886480
"3091",16,8886974,2271,8889245,1200,8890445,4018,8894463
"3092",16,8894975,1154,8896129,4483,8900612,1017,8901629
"3093",16,8902136,1393,8903529,2717,8906246,2501,8908747
"3094",16,8909269,1243,8910512,2684,8913196,2534,8915730
"3095",16,8916242,1304,8917546,6083,8923629,1017,8924646
"3096",16,8925159,1137,8926296,1817,8928113,3401,8931514
"3097",16,8932003,2043,8934046,4950,8938996,1017,8940013
"3098",16,8940507,1372,8941879,2067,8943946,3151,8947097
"3099",16,8947610,1286,8948896,2834,8951730,2384,8954114
"3100",16,8954640,3506,8958146,2401,8960547,2817,8963364
"3101",16,8963882,1781,8965663,1250,8966913,3968,8970881
"3102",16,8971375,1288,8972663,2367,8975030,2851,8977881
"3103",16,8978404,1926,8980330,1550,8981880,3668,8985548
"3104",16,8986053,4044,8990097,1967,8992064,3251,8995315
"3105",16,8995819,2611,8998430,1434,8999864,3784,9003648
"3106",16,9004151,2963,9007114,2917,9010031,2300,9012331
"3107",16,9012818,1279,9014097,2100,9016197,3118,9019315
"3108",16,9019836,2211,9022047,1400,9023447,3818,9027265
"3109",16,9027766,1298,9029064,1717,9030781,3501,9034282
"3110",16,9034783,1731,9036514,5617,9042131,1017,9043148
"3111",16,9043661,2120,9045781,1717,9047498,3501,9050999
"3112",16,9051501,1130,9052631,4550,9057181,1017,9058198
"3113",16,9058713,1335,9060048,1417,9061465,3801,9065266
"3114",16,9065772,2143,9067915,1950,9069865,3268,9073133
"3115",16,9073637,1994,9075631,1684,9077315,3534,9080849
"3116",16,9081363,2068,9083431,1301,9084732,3917,9088649
"3117",16,9089140,1592,9090732,2783,9093515,2434,9095949
"3118",16,9096459,2289,9098748,4067,9102815,1151,9103966
"3119",16,9104473,1309,9105782,1567,9107349,3651,9111000
"3120",16,9111503,3496,9114999,4216,9119215,1017,9120232
"3121",16,9120741,3791,9124532,2350,9126882,2868,9129750
"3122",16,9130256,2159,9132415,3784,9136199,1434,9137633
"3123",16,9138157,6209,9144366,1566,9145932,3652,9149584
"3124",16,9150075,1124,9151199,3084,9154283,2134,9156417
"3125",16,9156921,1862,9158783,1700,9160483,3517,9164000
"3126",16,9164506,1127,9165633,4700,9170333,1017,9171350
"3127",16,9171852,1297,9173149,1717,9174866,3501,9178367
"3128",16,9178888,1195,9180083,5233,9185316,1017,9186333
"3129",16,9186857,3059,9189916,2551,9192467,2667,9195134
"3130",16,9195645,2088,9197733,1284,9199017,3934,9202951
"3131",16,9203464,3703,9207167,5517,9212684,1016,9213700
"3132",16,9214222,1295,9215517,4950,9220467,1017,9221484
"3133",16,9222003,2697,9224700,1434,9226134,3784,9229918
"3134",16,9230420,1380,9231800,1267,9233067,3951,9237018
"3135",16,9237546,3838,9241384,6800,9248184,1017,9249201
"3136",16,9249720,1981,9251701,1900,9253601,3318,9256919
"3137",16,9257433,1134,9258567,1234,9259801,3984,9263785
"3138",16,9264300,2717,9267017,1301,9268318,3917,9272235
"3139",16,9272747,3954,9276701,1200,9277901,4018,9281919
"3140",16,9282433,1318,9283751,4284,9288035,1016,9289051
"3141",16,9289556,1912,9291468,2200,9293668,3018,9296686
"3142",16,9297195,2040,9299235,8217,9307452,1016,9308468
"3143",16,9308981,2270,9311251,3101,9314352,2117,9316469
"3144",16,9316977,2058,9319035,2017,9321052,3201,9324253
"3145",16,9324751,1934,9326685,2100,9328785,3118,9331903
"3146",16,9332429,6406,9338835,2284,9341119,2934,9344053
"3147",16,9344558,4144,9348702,1467,9350169,3751,9353920
"3148",16,9354409,2227,9356636,1433,9358069,3784,9361853
"3149",16,9362374,1812,9364186,4583,9368769,1017,9369786
"3150",16,9370310,2609,9372919,1650,9374569,3568,9378137
"3151",16,9378647,3556,9382203,2816,9385019,2401,9387420
"3152",16,9387922,6464,9394386,1567,9395953,3651,9399604
"3153",16,9400104,4632,9404736,2017,9406753,3201,9409954
"3154",16,9410455,4365,9414820,1517,9416337,3701,9420038
"3155",16,9420553,6217,9426770,2517,9429287,2701,9431988
"3156",16,9432496,5874,9438370,6034,9444404,1016,9445420
"3157",16,9445913,4107,9450020,1117,9451137,4101,9455238
"3158",16,9455734,2153,9457887,2917,9460804,2301,9463105
"3159",16,9463626,1344,9464970,1151,9466121,4067,9470188
"3160",16,9470708,2129,9472837,4400,9477237,1017,9478254
"3161",16,9478744,2277,9481021,4400,9485421,1017,9486438
"3162",16,9486961,1843,9488804,1050,9489854,4168,9494022
"3163",16,9494512,1226,9495738,2100,9497838,3117,9500955
"3164",16,9501482,2272,9503754,2051,9505805,3167,9508972
"3165",16,9509490,1131,9510621,2117,9512738,3101,9515839
"3166",16,9516346,1859,9518205,1966,9520171,3252,9523423
"3167",16,9523940,1698,9525638,4617,9530255,1017,9531272
"3168",16,9531774,2197,9533971,1617,9535588,3601,9539189
"3169",16,9539726,2062,9541788,1717,9543505,3501,9547006
"3170",16,9547527,4845,9552372,4400,9556772,1017,9557789
"3171",16,9558299,2106,9560405,1350,9561755,3868,9565623
"3172",16,9566139,1283,9567422,2450,9569872,2768,9572640
"3173",16,9573155,4367,9577522,4900,9582422,1017,9583439
"3174",16,9583946,1576,9585522,1817,9587339,3401,9590740
"3175",16,9591265,2541,9593806,1650,9595456,3568,9599024
"3176",16,9599515,1707,9601222,2617,9603839,2601,9606440
"3177",16,9606949,1690,9608639,3250,9611889,1968,9613857
"3178",16,9614369,1604,9615973,1217,9617190,4001,9621191
"3179",16,9621706,1300,9623006,1467,9624473,3751,9628224
"3180",16,9628746,2460,9631206,4950,9636156,1017,9637173
"3181",16,9637678,3095,9640773,11634,9652407,1016,9653423
"3182",16,9653932,3341,9657273,1034,9658307,4184,9662491
"3183",16,9662997,1843,9664840,4667,9669507,1017,9670524
"3184",16,9671034,2723,9673757,1317,9675074,3901,9678975
"3185",16,9679489,3001,9682490,1134,9683624,4084,9687708
"3186",16,9688235,1322,9689557,3567,9693124,1651,9694775
"3187",16,9695263,1911,9697174,1250,9698424,3968,9702392
"3188",16,9702911,2713,9705624,1434,9707058,3784,9710842
"3189",16,9711354,2270,9713624,3767,9717391,1451,9718842
"3190",16,9719353,3271,9722624,1217,9723841,4001,9727842
"3191",16,9728341,1367,9729708,1500,9731208,3718,9734926
"3192",16,9735415,3710,9739125,3550,9742675,1667,9744342
"3193",16,9744836,1289,9746125,2350,9748475,2868,9751343
"3194",16,9751867,1124,9752991,2651,9755642,2567,9758209
"3195",16,9758732,4310,9763042,4366,9767408,1017,9768425
"3196",16,9768927,1198,9770125,1217,9771342,4001,9775343
"3197",16,9775852,1123,9776975,3484,9780459,1734,9782193
"3198",16,9782713,1129,9783842,1633,9785475,3585,9789060
"3199",16,9789564,1878,9791442,1683,9793125,3535,9796660
"3200",16,9797174,1135,9798309,1983,9800292,3234,9803526
"3201",17,2420537,1135,2421672,2414,2424086,2804,2426890
"3202",17,2427396,1123,2428519,2967,2431486,2251,2433737
"3203",17,2434250,1136,2435386,1767,2437153,3451,2440604
"3204",17,2441105,1131,2442236,3134,2445370,2084,2447454
"3205",17,2447965,1122,2449087,4866,2453953,1017,2454970
"3206",17,2455486,1151,2456637,3450,2460087,1767,2461854
"3207",17,2462368,1135,2463503,2767,2466270,2451,2468721
"3208",17,2469223,1130,2470353,5084,2475437,1017,2476454
"3209",17,2476972,1498,2478470,4534,2483004,1016,2484020
"3210",17,2484563,1291,2485854,1400,2487254,3817,2491071
"3211",17,2491563,1124,2492687,1800,2494487,3418,2497905
"3212",17,2498423,1114,2499537,3250,2502787,1968,2504755
"3213",17,2505261,1126,2506387,2567,2508954,2651,2511605
"3214",17,2512111,1126,2513237,2117,2515354,3101,2518455
"3215",17,2518961,1126,2520087,3167,2523254,2051,2525305
"3216",17,2525793,1128,2526921,5167,2532088,1016,2533104
"3217",17,2533607,1131,2534738,5067,2539805,1016,2540821
"3218",17,2541321,1217,2542538,1717,2544255,3501,2547756
"3219",17,2548279,1125,2549404,3617,2553021,1601,2554622
"3220",17,2555137,1134,2556271,3400,2559671,1818,2561489
"3221",17,2562009,1129,2563138,2900,2566038,2318,2568356
"3222",17,2568871,1134,2570005,1500,2571505,3718,2575223
"3223",17,2575728,1127,2576855,4067,2580922,1151,2582073
"3224",17,2582582,1406,2583988,4684,2588672,1017,2589689
"3225",17,2590176,1129,2591305,1383,2592688,3835,2596523
"3226",17,2597008,1130,2598138,3834,2601972,1384,2603356
"3227",17,2603862,1127,2604989,1450,2606439,3768,2610207
"3228",17,2610697,1125,2611822,2034,2613856,3184,2617040
"3229",17,2617532,1123,2618655,3001,2621656,2217,2623873
"3230",17,2624378,1128,2625506,6833,2632339,1017,2633356
"3231",17,2633862,1227,2635089,4017,2639106,1201,2640307
"3232",17,2640827,1129,2641956,1967,2643923,3251,2647174
"3233",17,2647668,1138,2648806,4233,2653039,1017,2654056
"3234",17,2654563,1126,2655689,2134,2657823,3084,2660907
"3235",17,2661392,1131,2662523,6133,2668656,1017,2669673
"3236",17,2670183,1123,2671306,2367,2673673,2851,2676524
"3237",17,2677023,1133,2678156,2434,2680590,2784,2683374
"3238",17,2683883,1123,2685006,4451,2689457,1016,2690473
"3239",17,2690953,1137,2692090,1100,2693190,4118,2697308
"3240",17,2697827,1129,2698956,2751,2701707,2468,2704175
"3241",17,2704690,1133,2705823,3234,2709057,1984,2711041
"3242",17,2711550,1123,2712673,4551,2717224,1016,2718240
"3243",17,2718758,1132,2719890,2350,2722240,2868,2725108
"3244",17,2725623,1134,2726757,2717,2729474,2501,2731975
"3245",17,2732463,1127,2733590,4234,2737824,1017,2738841
"3246",17,2739355,1135,2740490,2601,2743091,2617,2745708
"3247",17,2746224,1133,2747357,6667,2754024,1017,2755041
"3248",17,2755558,1133,2756691,1466,2758157,3752,2761909
"3249",17,2762425,1332,2763757,2384,2766141,2834,2768975
"3250",17,2769474,2500,2771974,1500,2773474,3718,2777192
"3251",17,2777703,1121,2778824,4284,2783108,1017,2784125
"3252",17,2784639,1135,2785774,1484,2787258,3734,2790992
"3253",17,2791484,1124,2792608,4083,2796691,1135,2797826
"3254",17,2798326,1132,2799458,4933,2804391,1017,2805408
"3255",17,2805913,1128,2807041,2817,2809858,2401,2812259
"3256",17,2812752,1123,2813875,2250,2816125,2968,2819093
"3257",17,2819598,1127,2820725,1950,2822675,3268,2825943
"3258",17,2826426,2516,2828942,1733,2830675,3485,2834160
"3259",17,2834669,1123,2835792,2350,2838142,2868,2841010
"3260",17,2841532,1126,2842658,3767,2846425,1451,2847876
"3261",17,2848384,1125,2849509,4183,2853692,1034,2854726
"3262",17,2855234,1125,2856359,2650,2859009,2568,2861577
"3263",17,2862088,1137,2863225,3767,2866992,1451,2868443
"3264",17,2868947,1129,2870076,1500,2871576,3717,2875293
"3265",17,2875835,1124,2876959,2667,2879626,2551,2882177
"3266",17,2882697,1129,2883826,1783,2885609,3435,2889044
"3267",17,2889531,1128,2890659,2850,2893509,2368,2895877
"3268",17,2896360,1133,2897493,1800,2899293,3418,2902711
"3269",17,2903200,1126,2904326,6050,2910376,1017,2911393
"3270",17,2911885,1124,2913009,8451,2921460,1017,2922477
"3271",17,2922988,1122,2924110,2350,2926460,2868,2929328
"3272",17,2929826,1134,2930960,4150,2935110,1068,2936178
"3273",17,2936695,1631,2938326,3384,2941710,1834,2943544
"3274",17,2944063,1130,2945193,12651,2957844,1016,2958860
"3275",17,2959361,1132,2960493,5601,2966094,1016,2967110
"3276",17,2967614,1130,2968744,4233,2972977,1017,2973994
"3277",17,2974510,1250,2975760,1217,2976977,4001,2980978
"3278",17,2981470,1124,2982594,6933,2989527,1017,2990544
"3279",17,2991063,1248,2992311,917,2993228,4301,2997529
"3280",17,2998046,1265,2999311,3067,3002378,2151,3004529
"3281",17,3005045,1132,3006177,3418,3009595,1800,3011395
"3282",17,3011896,1548,3013444,1284,3014728,3934,3018662
"3283",17,3019191,1137,3020328,2233,3022561,2985,3025546
"3284",17,3026039,1122,3027161,2684,3029845,2534,3032379
"3285",17,3032902,1126,3034028,2950,3036978,2268,3039246
"3286",17,3039747,1131,3040878,4267,3045145,1017,3046162
"3287",17,3046678,1183,3047861,13767,3061628,1017,3062645
"3288",17,3063163,1132,3064295,1800,3066095,3418,3069513
"3289",17,3069994,1134,3071128,8217,3079345,1017,3080362
"3290",17,3080864,1131,3081995,2534,3084529,2684,3087213
"3291",17,3087730,1132,3088862,2750,3091612,2468,3094080
"3292",17,3094592,1137,3095729,1950,3097679,3268,3100947
"3293",17,3101441,2121,3103562,13851,3117413,1016,3118429
"3294",17,3118948,1131,3120079,2034,3122113,3184,3125297
"3295",17,3125819,1127,3126946,3083,3130029,2135,3132164
"3296",17,3132678,1135,3133813,1916,3135729,3302,3139031
"3297",17,3139543,1136,3140679,4701,3145380,1016,3146396
"3298",17,3146902,1127,3148029,4534,3152563,1017,3153580
"3299",17,3154087,1126,3155213,2133,3157346,3085,3160431
"3300",17,3160934,1129,3162063,2334,3164397,2884,3167281
"3301",17,3167782,1131,3168913,6417,3175330,1017,3176347
"3302",17,3176865,1365,3178230,1817,3180047,3401,3183448
"3303",17,3183950,1130,3185080,1200,3186280,4018,3190298
"3304",17,3190811,1136,3191947,1283,3193230,3935,3197165
"3305",17,3197657,1123,3198780,6217,3204997,1017,3206014
"3306",17,3206496,1268,3207764,3250,3211014,1968,3212982
"3307",17,3213491,1123,3214614,11533,3226147,1017,3227164
"3308",17,3227683,1131,3228814,3650,3232464,1568,3234032
"3309",17,3234522,1125,3235647,4951,3240598,1016,3241614
"3310",17,3242129,1135,3243264,6584,3249848,1016,3250864
"3311",17,3251357,1124,3252481,3084,3255565,2134,3257699
"3312",17,3258208,1123,3259331,1650,3260981,3568,3264549
"3313",17,3265071,1110,3266181,1984,3268165,3234,3271399
"3314",17,3271916,1132,3273048,2367,3275415,2851,3278266
"3315",17,3278775,1123,3279898,1550,3281448,3668,3285116
"3316",17,3285617,1131,3286748,1850,3288598,3368,3291966
"3317",17,3292458,1124,3293582,6017,3299599,1016,3300615
"3318",17,3301137,1128,3302265,1950,3304215,3268,3307483
"3319",17,3308006,1126,3309132,3467,3312599,1751,3314350
"3320",17,3314873,1126,3315999,3166,3319165,2052,3321217
"3321",17,3321710,1122,3322832,1750,3324582,3468,3328050
"3322",17,3328551,1131,3329682,2634,3332316,2584,3334900
"3323",17,3335427,1122,3336549,1467,3338016,3751,3341767
"3324",17,3342283,1133,3343416,2000,3345416,3218,3348634
"3325",17,3349134,1115,3350249,3167,3353416,2051,3355467
"3326",17,3355979,1253,3357232,3517,3360749,1701,3362450
"3327",17,3362960,1122,3364082,1718,3365800,3500,3369300
"3328",17,3369797,1136,3370933,5967,3376900,1016,3377916
"3329",17,3378407,1642,3380049,6117,3386166,1017,3387183
"3330",17,3387674,1126,3388800,4333,3393133,1017,3394150
"3331",17,3394653,1130,3395783,1234,3397017,3984,3401001
"3332",17,3401524,1126,3402650,1450,3404100,3768,3407868
"3333",17,3408390,1127,3409517,1550,3411067,3667,3414734
"3334",17,3415243,1124,3416367,11033,3427400,1017,3428417
"3335",17,3428924,1243,3430167,4033,3434200,1185,3435385
"3336",17,3435903,1131,3437034,2000,3439034,3218,3442252
"3337",17,3442771,1113,3443884,5800,3449684,1017,3450701
"3338",17,3451210,1140,3452350,3401,3455751,1817,3457568
"3339",17,3458079,1138,3459217,2617,3461834,2601,3464435
"3340",17,3464923,1128,3466051,1567,3467618,3651,3471269
"3341",17,3471783,2818,3474601,7017,3481618,1016,3482634
"3342",17,3483140,1128,3484268,983,3485251,4235,3489486
"3343",17,3490000,1134,3491134,1334,3492468,3884,3496352
"3344",17,3496833,1135,3497968,3283,3501251,1935,3503186
"3345",17,3503691,1127,3504818,2367,3507185,2851,3510036
"3346",17,3510552,1133,3511685,5933,3517618,1017,3518635
"3347",17,3519129,1122,3520251,1867,3522118,3351,3525469
"3348",17,3525976,1126,3527102,5166,3532268,1017,3533285
"3349",17,3533791,1127,3534918,2934,3537852,2284,3540136
"3350",17,3540645,1123,3541768,3284,3545052,1934,3546986
"3351",17,3547503,1132,3548635,8634,3557269,1016,3558285
"3352",17,3558781,1254,3560035,17768,3577803,1016,3578819
"3353",17,3579334,1135,3580469,2000,3582469,3218,3585687
"3354",17,3586192,1127,3587319,2600,3589919,2618,3592537
"3355",17,3593028,1124,3594152,3801,3597953,1417,3599370
"3356",17,3599871,1132,3601003,1966,3602969,3252,3606221
"3357",17,3606710,1126,3607836,1583,3609419,3635,3613054
"3358",17,3613566,1137,3614703,2317,3617020,2901,3619921
"3359",17,3620455,1498,3621953,5200,3627153,1017,3628170
"3360",17,3628671,1282,3629953,2200,3632153,3018,3635171
"3361",17,3635662,1124,3636786,12001,3648787,1016,3649803
"3362",17,3650305,1115,3651420,2600,3654020,2618,3656638
"3363",17,3657153,1134,3658287,1633,3659920,3585,3663505
"3364",17,3664010,1127,3665137,4167,3669304,1051,3670355
"3365",17,3670871,1249,3672120,1900,3674020,3318,3677338
"3366",17,3677856,1131,3678987,2000,3680987,3218,3684205
"3367",17,3684715,1122,3685837,1700,3687537,3518,3691055
"3368",17,3691565,1122,3692687,2650,3695337,2568,3697905
"3369",17,3698419,1985,3700404,2834,3703238,2384,3705622
"3370",17,3706127,1127,3707254,16084,3723338,1017,3724355
"3371",17,3724851,1137,3725988,1433,3727421,3785,3731206
"3372",17,3731707,1131,3732838,1617,3734455,3601,3738056
"3373",17,3738558,1130,3739688,1300,3740988,3918,3744906
"3374",17,3745405,1133,3746538,2167,3748705,3051,3751756
"3375",17,3752279,1126,3753405,1217,3754622,4001,3758623
"3376",17,3759135,1137,3760272,2850,3763122,2368,3765490
"3377",17,3765981,1124,3767105,8417,3775522,1017,3776539
"3378",17,3777051,1137,3778188,2001,3780189,3217,3783406
"3379",17,3783916,1123,3785039,1283,3786322,3934,3790256
"3380",17,3790750,1122,3791872,2217,3794089,3001,3797090
"3381",17,3797594,1128,3798722,1734,3800456,3484,3803940
"3382",17,3804445,1127,3805572,7900,3813472,1017,3814489
"3383",17,3814994,1278,3816272,2034,3818306,3184,3821490
"3384",17,3822008,1131,3823139,3167,3826306,2051,3828357
"3385",17,3828864,1125,3829989,3400,3833389,1818,3835207
"3386",17,3835724,1132,3836856,3617,3840473,1601,3842074
"3387",17,3842577,1129,3843706,9517,3853223,1017,3854240
"3388",17,3854749,1241,3855990,1300,3857290,3918,3861208
"3389",17,3861730,1126,3862856,1401,3864257,3817,3868074
"3390",17,3868594,1129,3869723,1250,3870973,3968,3874941
"3391",17,3875452,1121,3876573,1217,3877790,4001,3881791
"3392",17,3882310,1130,3883440,1667,3885107,3551,3888658
"3393",17,3889160,1130,3890290,4184,3894474,1034,3895508
"3394",17,3896022,1335,3897357,3133,3900490,2085,3902575
"3395",17,3903101,1123,3904224,8533,3912757,1017,3913774
"3396",17,3914253,1371,3915624,1400,3917024,3818,3920842
"3397",17,3921352,1122,3922474,2283,3924757,2935,3927692
"3398",17,3928209,1265,3929474,2000,3931474,3218,3934692
"3399",17,3935182,1125,3936307,1317,3937624,3901,3941525
"3400",17,3942042,1132,3943174,3234,3946408,1984,3948392
"3401",18,13100868,1136,13102004,2034,13104038,3184,13107222
"3402",18,13107730,1124,13108854,1817,13110671,3401,13114072
"3403",18,13114591,2013,13116604,1484,13118088,3734,13121822
"3404",18,13122338,1133,13123471,1617,13125088,3601,13128689
"3405",18,13129206,1132,13130338,1600,13131938,3618,13135556
"3406",18,13136076,1129,13137205,1233,13138438,3985,13142423
"3407",18,13142935,1136,13144071,1217,13145288,4001,13149289
"3408",18,13149813,1125,13150938,1117,13152055,4101,13156156
"3409",18,13156644,1128,13157772,1116,13158888,4102,13162990
"3410",18,13163479,1126,13164605,1334,13165939,3884,13169823
"3411",18,13170327,1128,13171455,1800,13173255,3418,13176673
"3412",18,13177165,1124,13178289,1633,13179922,3585,13183507
"3413",18,13184020,1135,13185155,1400,13186555,3818,13190373
"3414",18,13190892,1130,13192022,1817,13193839,3401,13197240
"3415",18,13197765,1124,13198889,1450,13200339,3768,13204107
"3416",18,13204616,1123,13205739,2484,13208223,2734,13210957
"3417",18,13211455,1334,13212789,1050,13213839,4168,13218007
"3418",18,13218523,1133,13219656,1333,13220989,3885,13224874
"3419",18,13225382,1124,13226506,1017,13227523,4201,13231724
"3420",18,13232242,1131,13233373,2450,13235823,2768,13238591
"3421",18,13239108,1131,13240239,1601,13241840,3618,13245458
"3422",18,13245967,1123,13247090,1183,13248273,4035,13252308
"3423",18,13252809,1131,13253940,1317,13255257,3901,13259158
"3424",18,13259668,1122,13260790,1133,13261923,4085,13266008
"3425",18,13266524,1133,13267657,1600,13269257,3618,13272875
"3426",18,13273389,1134,13274523,1600,13276123,3618,13279741
"3427",18,13280260,1130,13281390,1184,13282574,4034,13286608
"3428",18,13287130,1127,13288257,1583,13289840,3635,13293475
"3429",18,13293995,1129,13295124,1083,13296207,4135,13300342
"3430",18,13300855,1135,13301990,1101,13303091,4118,13307209
"3431",18,13307733,1874,13309607,1317,13310924,3901,13314825
"3432",18,13315330,1127,13316457,1284,13317741,3934,13321675
"3433",18,13322201,1123,13323324,1350,13324674,3868,13328542
"3434",18,13329053,1121,13330174,1067,13331241,4151,13335392
"3435",18,13335911,1130,13337041,1100,13338141,4118,13342259
"3436",18,13342769,2205,13344974,1584,13346558,3634,13350192
"3437",18,13350708,1133,13351841,1417,13353258,3801,13357059
"3438",18,13357562,1446,13359008,1133,13360141,4085,13364226
"3439",18,13364741,1284,13366025,1366,13367391,3852,13371243
"3440",18,13371748,1127,13372875,1783,13374658,3435,13378093
"3441",18,13378606,1135,13379741,1484,13381225,3735,13384960
"3442",18,13385474,1134,13386608,1667,13388275,3551,13391826
"3443",18,13392327,1131,13393458,2034,13395492,3184,13398676
"3444",18,13399173,1286,13400459,1700,13402159,3518,13405677
"3445",18,13406188,1804,13407992,967,13408959,4251,13413210
"3446",18,13413718,1541,13415259,1633,13416892,3585,13420477
"3447",18,13420993,1132,13422125,1317,13423442,3901,13427343
"3448",18,13427850,1576,13429426,2016,13431442,3202,13434644
"3449",18,13435157,1269,13436426,1533,13437959,3685,13441644
"3450",18,13442152,1157,13443309,1634,13444943,3584,13448527
"3451",18,13449030,2129,13451159,1017,13452176,4201,13456377
"3452",18,13456906,1137,13458043,1350,13459393,3868,13463261
"3453",18,13463771,1455,13465226,1450,13466676,3768,13470444
"3454",18,13470953,1473,13472426,1684,13474110,3534,13477644
"3455",18,13478154,1122,13479276,1967,13481243,3251,13484494
"3456",18,13484998,1128,13486126,1251,13487377,3967,13491344
"3457",18,13491850,1127,13492977,1300,13494277,3918,13498195
"3458",18,13498720,1123,13499843,1650,13501493,3568,13505061
"3459",18,13505554,1989,13507543,1184,13508727,4034,13512761
"3460",18,13513279,1131,13514410,1267,13515677,3951,13519628
"3461",18,13520142,1135,13521277,1483,13522760,3735,13526495
"3462",18,13527012,1132,13528144,1533,13529677,3685,13533362
"3463",18,13533855,1122,13534977,817,13535794,4401,13540195
"3464",18,13540706,2938,13543644,2133,13545777,3085,13548862
"3465",18,13549351,1126,13550477,1067,13551544,4151,13555695
"3466",18,13556190,1137,13557327,1317,13558644,3901,13562545
"3467",18,13563050,1494,13564544,1500,13566044,3718,13569762
"3468",18,13570262,1132,13571394,1367,13572761,3851,13576612
"3469",18,13577129,1132,13578261,1134,13579395,4084,13583479
"3470",18,13583983,1128,13585111,1267,13586378,3951,13590329
"3471",18,13590855,2306,13593161,800,13593961,4418,13598379
"3472",18,13598888,1107,13599995,950,13600945,4268,13605213
"3473",18,13605740,1122,13606862,1216,13608078,4001,13612079
"3474",18,13612599,1646,13614245,1217,13615462,4001,13619463
"3475",18,13619973,1122,13621095,2100,13623195,3118,13626313
"3476",18,13626831,1981,13628812,1250,13630062,3968,13634030
"3477",18,13634540,3639,13638179,1100,13639279,4118,13643397
"3478",18,13643918,1361,13645279,1383,13646662,3835,13650497
"3479",18,13651000,1712,13652712,1367,13654079,3851,13657930
"3480",18,13658444,4068,13662512,3401,13665913,1817,13667730
"3481",18,13668244,1135,13669379,1484,13670863,3734,13674597
"3482",18,13675107,1122,13676229,1150,13677379,4068,13681447
"3483",18,13681963,1133,13683096,1650,13684746,3568,13688314
"3484",18,13688822,1124,13689946,1067,13691013,4151,13695164
"3485",18,13695684,1295,13696979,1067,13698046,4151,13702197
"3486",18,13702707,1123,13703830,1050,13704880,4168,13709048
"3487",18,13709554,1126,13710680,1083,13711763,4135,13715898
"3488",18,13716399,1281,13717680,1083,13718763,4135,13722898
"3489",18,13723408,1122,13724530,867,13725397,4351,13729748
"3490",18,13730253,1127,13731380,900,13732280,4318,13736598
"3491",18,13737111,1136,13738247,883,13739130,4335,13743465
"3492",18,13743969,1128,13745097,2100,13747197,3118,13750315
"3493",18,13750820,1127,13751947,1217,13753164,4001,13757165
"3494",18,13757672,1125,13758797,1767,13760564,3451,13764015
"3495",18,13764515,2249,13766764,1017,13767781,4201,13771982
"3496",18,13772495,1602,13774097,1151,13775248,4067,13779315
"3497",18,13779829,1135,13780964,1484,13782448,3734,13786182
"3498",18,13786689,1125,13787814,1184,13788998,4034,13793032
"3499",18,13793547,1117,13794664,1167,13795831,4051,13799882
"3500",18,13800390,1124,13801514,1834,13803348,3384,13806732
"3501",18,13807250,2331,13809581,1334,13810915,3884,13814799
"3502",18,13815309,1439,13816748,1083,13817831,4135,13821966
"3503",18,13822487,1394,13823881,1117,13824998,4101,13829099
"3504",18,13829628,2153,13831781,1034,13832815,4184,13836999
"3505",18,13837516,1132,13838648,2034,13840682,3184,13843866
"3506",18,13844375,1123,13845498,1234,13846732,3984,13850716
"3507",18,13851216,1132,13852348,1134,13853482,4084,13857566
"3508",18,13858072,1893,13859965,1734,13861699,3484,13865183
"3509",18,13865678,1137,13866815,984,13867799,4234,13872033
"3510",18,13872561,1121,13873682,1150,13874832,4068,13878900
"3511",18,13879422,1127,13880549,950,13881499,4268,13885767
"3512",18,13886281,1135,13887416,1083,13888499,4135,13892634
"3513",18,13893141,1125,13894266,1083,13895349,4135,13899484
"3514",18,13900006,2277,13902283,2083,13904366,3135,13907501
"3515",18,13908004,1129,13909133,2416,13911549,2802,13914351
"3516",18,13914884,1265,13916149,984,13917133,4234,13921367
"3517",18,13921867,1132,13922999,1284,13924283,3934,13928217
"3518",18,13928727,1122,13929849,1201,13931050,4017,13935067
"3519",18,13935576,1124,13936700,783,13937483,4435,13941918
"3520",18,13942427,1123,13943550,2267,13945817,2951,13948768
"3521",18,13949257,3760,13953017,2483,13955500,2734,13958234
"3522",18,13958737,1130,13959867,1267,13961134,3951,13965085
"3523",18,13965569,1131,13966700,1200,13967900,4018,13971918
"3524",18,13972417,1133,13973550,1584,13975134,3634,13978768
"3525",18,13979300,1134,13980434,1066,13981500,4152,13985652
"3526",18,13986155,1129,13987284,1083,13988367,4135,13992502
"3527",18,13993004,1130,13994134,1433,13995567,3785,13999352
"3528",18,13999878,2006,14001884,2033,14003917,3185,14007102
"3529",18,14007609,1375,14008984,1267,14010251,3951,14014202
"3530",18,14014688,1130,14015818,1700,14017518,3517,14021035
"3531",18,14021551,1133,14022684,1234,14023918,3984,14027902
"3532",18,14028393,3141,14031534,1467,14033001,3751,14036752
"3533",18,14037265,1136,14038401,1000,14039401,4218,14043619
"3534",18,14044135,1933,14046068,1534,14047602,3684,14051286
"3535",18,14051782,1719,14053501,1201,14054702,4017,14058719
"3536",18,14059221,1130,14060351,984,14061335,4234,14065569
"3537",18,14066074,1128,14067202,933,14068135,4285,14072420
"3538",18,14072932,1136,14074068,1217,14075285,4001,14079286
"3539",18,14079794,1124,14080918,1084,14082002,4134,14086136
"3540",18,14086657,1378,14088035,1317,14089352,3901,14093253
"3541",18,14093765,1137,14094902,1450,14096352,3768,14100120
"3542",18,14100647,1122,14101769,950,14102719,4268,14106987
"3543",18,14107480,1122,14108602,1734,14110336,3484,14113820
"3544",18,14114310,1126,14115436,1733,14117169,3485,14120654
"3545",18,14121170,1132,14122302,984,14123286,4234,14127520
"3546",18,14128036,1683,14129719,1184,14130903,4034,14134937
"3547",18,14135461,1125,14136586,1750,14138336,3468,14141804
"3548",18,14142321,1298,14143619,1267,14144886,3951,14148837
"3549",18,14149351,2185,14151536,1267,14152803,3951,14156754
"3550",18,14157264,2222,14159486,1500,14160986,3718,14164704
"3551",18,14165193,2927,14168120,1217,14169337,4001,14173338
"3552",18,14173857,1313,14175170,1150,14176320,4068,14180388
"3553",18,14180893,1127,14182020,1300,14183320,3918,14187238
"3554",18,14187750,1687,14189437,1517,14190954,3701,14194655
"3555",18,14195175,1128,14196303,1401,14197704,3817,14201521
"3556",18,14202004,3616,14205620,834,14206454,4384,14210838
"3557",18,14211330,1124,14212454,1133,14213587,4085,14217672
"3558",18,14218174,1130,14219304,1467,14220771,3751,14224522
"3559",18,14225024,1130,14226154,817,14226971,4401,14231372
"3560",18,14231886,1368,14233254,1750,14235004,3468,14238472
"3561",18,14239009,1129,14240138,1516,14241654,3701,14245355
"3562",18,14245884,1137,14247021,1217,14248238,4001,14252239
"3563",18,14252750,2354,14255104,951,14256055,4267,14260322
"3564",18,14260814,1124,14261938,1117,14263055,4101,14267156
"3565",18,14267648,2140,14269788,1083,14270871,4135,14275006
"3566",18,14275507,1131,14276638,1550,14278188,3668,14281856
"3567",18,14282376,1262,14283638,2050,14285688,3168,14288856
"3568",18,14289395,1127,14290522,1666,14292188,3551,14295739
"3569",18,14296260,2745,14299005,1184,14300189,4034,14304223
"3570",18,14304744,1128,14305872,1150,14307022,4068,14311090
"3571",18,14311621,5684,14317305,2050,14319355,3168,14322523
"3572",18,14323028,1127,14324155,1334,14325489,3884,14329373
"3573",18,14329870,1902,14331772,1367,14333139,3851,14336990
"3574",18,14337505,1134,14338639,1217,14339856,4001,14343857
"3575",18,14344359,1130,14345489,2034,14347523,3184,14350707
"3576",18,14351224,1815,14353039,1317,14354356,3901,14358257
"3577",18,14358758,1231,14359989,1067,14361056,4151,14365207
"3578",18,14365727,1129,14366856,1017,14367873,4201,14372074
"3579",18,14372601,2022,14374623,1433,14376056,3785,14379841
"3580",18,14380330,1126,14381456,1017,14382473,4201,14386674
"3581",18,14387186,1504,14388690,966,14389656,4252,14393908
"3582",18,14394411,1129,14395540,1550,14397090,3668,14400758
"3583",18,14401282,2441,14403723,2484,14406207,2734,14408941
"3584",18,14409432,1125,14410557,1717,14412274,3500,14415774
"3585",18,14416267,1423,14417690,1617,14419307,3601,14422908
"3586",18,14423429,1128,14424557,1400,14425957,3818,14429775
"3587",18,14430304,1786,14432090,1767,14433857,3451,14437308
"3588",18,14437812,1128,14438940,1234,14440174,3984,14444158
"3589",18,14444674,1133,14445807,1784,14447591,3434,14451025
"3590",18,14451542,1132,14452674,1600,14454274,3618,14457892
"3591",18,14458399,1125,14459524,800,14460324,4418,14464742
"3592",18,14465233,1124,14466357,1334,14467691,3884,14471575
"3593",18,14472088,1136,14473224,1050,14474274,4168,14478442
"3594",18,14478948,1360,14480308,1033,14481341,4185,14485526
"3595",18,14486034,2090,14488124,1167,14489291,4051,14493342
"3596",18,14493853,1122,14494975,1250,14496225,3967,14500192
"3597",18,14500713,1128,14501841,1451,14503292,3767,14507059
"3598",18,14507571,1137,14508708,1284,14509992,3934,14513926
"3599",18,14514429,1129,14515558,1084,14516642,4134,14520776
"3600",18,14521288,1137,14522425,1684,14524109,3534,14527643
"3601",19,16466164,1523,16467687,1183,16468870,4035,16472905
"3602",19,16473423,1131,16474554,1300,16475854,3918,16479772
"3603",19,16480298,1856,16482154,1167,16483321,4051,16487372
"3604",19,16487861,1126,16488987,1551,16490538,3667,16494205
"3605",19,16494708,1129,16495837,2984,16498821,2234,16501055
"3606",19,16501568,1136,16502704,3484,16506188,1734,16507922
"3607",19,16508425,1113,16509538,1566,16511104,3652,16514756
"3608",19,16515270,1134,16516404,1584,16517988,3634,16521622
"3609",19,16522124,1130,16523254,1367,16524621,3851,16528472
"3610",19,16528989,1132,16530121,1717,16531838,3501,16535339
"3611",19,16535830,1925,16537755,1983,16539738,3235,16542973
"3612",19,16543480,1125,16544605,3600,16548205,1618,16549823
"3613",19,16550320,1135,16551455,2617,16554072,2601,16556673
"3614",19,16557164,1124,16558288,3834,16562122,1384,16563506
"3615",19,16564004,1135,16565139,1700,16566839,3518,16570357
"3616",19,16570884,1121,16572005,1367,16573372,3851,16577223
"3617",19,16577738,1134,16578872,4117,16582989,1101,16584090
"3618",19,16584592,1130,16585722,3434,16589156,1784,16590940
"3619",19,16591451,1121,16592572,1617,16594189,3601,16597790
"3620",19,16598292,1130,16599422,1984,16601406,3234,16604640
"3621",19,16605127,1129,16606256,5600,16611856,1017,16612873
"3622",19,16613382,1274,16614656,1267,16615923,3951,16619874
"3623",19,16620372,1134,16621506,1600,16623106,3618,16626724
"3624",19,16627227,1129,16628356,1384,16629740,3834,16633574
"3625",19,16634079,1127,16635206,2534,16637740,2684,16640424
"3626",19,16640938,1285,16642223,3134,16645357,2084,16647441
"3627",19,16647955,1135,16649090,1117,16650207,4101,16654308
"3628",19,16654825,1832,16656657,1100,16657757,4117,16661874
"3629",19,16662378,2079,16664457,3333,16667790,1885,16669675
"3630",19,16670197,2743,16672940,2550,16675490,2668,16678158
"3631",19,16678663,1127,16679790,1750,16681540,3468,16685008
"3632",19,16685519,1238,16686757,3750,16690507,1468,16691975
"3633",19,16692480,1327,16693807,1300,16695107,3918,16699025
"3634",19,16699544,1296,16700840,1167,16702007,4051,16706058
"3635",19,16706564,2277,16708841,2150,16710991,3067,16714058
"3636",19,16714569,1288,16715857,3217,16719074,2001,16721075
"3637",19,16721570,1137,16722707,2751,16725458,2467,16727925
"3638",19,16728448,1126,16729574,1250,16730824,3968,16734792
"3639",19,16735300,1124,16736424,1884,16738308,3334,16741642
"3640",19,16742164,1127,16743291,1367,16744658,3851,16748509
"3641",19,16749013,1128,16750141,1867,16752008,3351,16755359
"3642",19,16755857,1134,16756991,1900,16758891,3318,16762209
"3643",19,16762737,3304,16766041,2117,16768158,3101,16771259
"3644",19,16771758,1133,16772891,1584,16774475,3634,16778109
"3645",19,16778618,1124,16779742,1083,16780825,4135,16784960
"3646",19,16785463,1712,16787175,2000,16789175,3218,16792393
"3647",19,16792915,1127,16794042,3000,16797042,2218,16799260
"3648",19,16799774,1135,16800909,1750,16802659,3468,16806127
"3649",19,16806620,1122,16807742,2050,16809792,3168,16812960
"3650",19,16813478,1131,16814609,1583,16816192,3635,16819827
"3651",19,16820336,1123,16821459,1283,16822742,3935,16826677
"3652",19,16827166,1810,16828976,1783,16830759,3435,16834194
"3653",19,16834696,1130,16835826,1317,16837143,3901,16841044
"3654",19,16841560,1133,16842693,966,16843659,4252,16847911
"3655",19,16848412,1131,16849543,1417,16850960,3801,16854761
"3656",19,16855282,1127,16856409,1267,16857676,3951,16861627
"3657",19,16862140,1136,16863276,1067,16864343,4151,16868494
"3658",19,16868985,1125,16870110,1183,16871293,4035,16875328
"3659",19,16875826,1134,16876960,1800,16878760,3418,16882178
"3660",19,16882662,1131,16883793,1934,16885727,3284,16889011
"3661",19,16889503,1124,16890627,1500,16892127,3718,16895845
"3662",19,16896366,1127,16897493,2067,16899560,3151,16902711
"3663",19,16903216,1128,16904344,950,16905294,4268,16909562
"3664",19,16910094,2883,16912977,2867,16915844,2351,16918195
"3665",19,16918696,1131,16919827,1550,16921377,3668,16925045
"3666",19,16925553,1124,16926677,3634,16930311,1584,16931895
"3667",19,16932420,1124,16933544,1400,16934944,3818,16938762
"3668",19,16939284,1127,16940411,1883,16942294,3335,16945629
"3669",19,16946123,1121,16947244,2950,16950194,2268,16952462
"3670",19,16952991,1387,16954378,3100,16957478,2118,16959596
"3671",19,16960097,1397,16961494,1984,16963478,3234,16966712
"3672",19,16967201,1310,16968511,1901,16970412,3317,16973729
"3673",19,16974241,1470,16975711,2101,16977812,3117,16980929
"3674",19,16981429,1132,16982561,1167,16983728,4051,16987779
"3675",19,16988297,1131,16989428,1567,16990995,3651,16994646
"3676",19,16995184,1127,16996311,1384,16997695,3834,17001529
"3677",19,17002037,1125,17003162,1466,17004628,3752,17008380
"3678",19,17008881,1131,17010012,1700,17011712,3518,17015230
"3679",19,17015722,1123,17016845,3334,17020179,1884,17022063
"3680",19,17022584,1395,17023979,1417,17025396,3800,17029196
"3681",19,17029712,1117,17030829,1450,17032279,3768,17036047
"3682",19,17036554,1125,17037679,1350,17039029,3868,17042897
"3683",19,17043408,1138,17044546,1566,17046112,3652,17049764
"3684",19,17050273,1123,17051396,1833,17053229,3385,17056614
"3685",19,17057121,1125,17058246,2283,17060529,2935,17063464
"3686",19,17063959,1137,17065096,1217,17066313,4001,17070314
"3687",19,17070826,1137,17071963,1283,17073246,3935,17077181
"3688",19,17077711,1135,17078846,1900,17080746,3318,17084064
"3689",19,17084596,1400,17085996,1200,17087196,4018,17091214
"3690",19,17091730,1133,17092863,1333,17094196,3885,17098081
"3691",19,17098597,1299,17099896,1317,17101213,3901,17105114
"3692",19,17105627,1136,17106763,1034,17107797,4184,17111981
"3693",19,17112509,1121,17113630,1800,17115430,3418,17118848
"3694",19,17119350,1747,17121097,1900,17122997,3318,17126315
"3695",19,17126803,1127,17127930,1550,17129480,3668,17133148
"3696",19,17133665,1349,17135014,5917,17140931,1016,17141947
"3697",19,17142447,1133,17143580,1301,17144881,3917,17148798
"3698",19,17149310,1720,17151030,1167,17152197,4051,17156248
"3699",19,17156772,1125,17157897,1767,17159664,3451,17163115
"3700",19,17163618,1129,17164747,1534,17166281,3684,17169965
"3701",19,17170478,1136,17171614,1000,17172614,4218,17176832
"3702",19,17177345,1153,17178498,2800,17181298,2417,17183715
"3703",19,17184227,1637,17185864,717,17186581,4501,17191082
"3704",19,17191582,1132,17192714,1151,17193865,4067,17197932
"3705",19,17198418,1597,17200015,4717,17204732,1016,17205748
"3706",19,17206271,1294,17207565,1267,17208832,3951,17212783
"3707",19,17213309,1539,17214848,1467,17216315,3751,17220066
"3708",19,17220581,1134,17221715,1834,17223549,3384,17226933
"3709",19,17227436,1229,17228665,3150,17231815,2068,17233883
"3710",19,17234388,1344,17235732,11150,17246882,1017,17247899
"3711",19,17248397,1418,17249815,3084,17252899,2134,17255033
"3712",19,17255541,1341,17256882,1867,17258749,3351,17262100
"3713",19,17262605,1344,17263949,3783,17267732,1435,17269167
"3714",19,17269687,1379,17271066,2050,17273116,3168,17276284
"3715",19,17276810,1706,17278516,1650,17280166,3568,17283734
"3716",19,17284249,1134,17285383,2750,17288133,2467,17290600
"3717",19,17291085,1381,17292466,784,17293250,4434,17297684
"3718",19,17298207,1942,17300149,1617,17301766,3601,17305367
"3719",19,17305882,1651,17307533,883,17308416,4335,17312751
"3720",19,17313277,2373,17315650,1466,17317116,3752,17320868
"3721",19,17321367,1433,17322800,1617,17324417,3601,17328018
"3722",19,17328514,1302,17329816,2101,17331917,3117,17335034
"3723",19,17335548,1135,17336683,3017,17339700,2201,17341901
"3724",19,17342389,1128,17343517,1800,17345317,3418,17348735
"3725",19,17349247,1136,17350383,1251,17351634,3967,17355601
"3726",19,17356099,1134,17357233,1451,17358684,3768,17362452
"3727",19,17362983,1134,17364117,2567,17366684,2651,17369335
"3728",19,17369857,1127,17370984,800,17371784,4418,17376202
"3729",19,17376712,1922,17378634,2333,17380967,2885,17383852
"3730",19,17384382,1135,17385517,1317,17386834,3901,17390735
"3731",19,17391250,1134,17392384,1784,17394168,3434,17397602
"3732",19,17398114,1137,17399251,1467,17400718,3751,17404469
"3733",19,17404975,1126,17406101,2067,17408168,3151,17411319
"3734",19,17411806,1128,17412934,817,17413751,4401,17418152
"3735",19,17418659,1125,17419784,1101,17420885,4118,17425003
"3736",19,17425519,1132,17426651,1000,17427651,4218,17431869
"3737",19,17432382,1303,17433685,1150,17434835,4068,17438903
"3738",19,17439413,1122,17440535,1250,17441785,3968,17445753
"3739",19,17446256,1129,17447385,1217,17448602,4001,17452603
"3740",19,17453094,1124,17454218,1417,17455635,3801,17459436
"3741",19,17459930,1122,17461052,1833,17462885,3385,17466270
"3742",19,17466774,1128,17467902,1600,17469502,3618,17473120
"3743",19,17473636,1133,17474769,2267,17477036,2951,17479987
"3744",19,17480493,1126,17481619,1817,17483436,3401,17486837
"3745",19,17487364,1605,17488969,1283,17490252,3935,17494187
"3746",19,17494704,1132,17495836,2000,17497836,3218,17501054
"3747",19,17501567,1135,17502702,1001,17503703,4217,17507920
"3748",19,17508413,1123,17509536,1100,17510636,4118,17514754
"3749",19,17515258,1128,17516386,1667,17518053,3551,17521604
"3750",19,17522131,1122,17523253,1283,17524536,3935,17528471
"3751",19,17528977,1126,17530103,1350,17531453,3868,17535321
"3752",19,17535834,1136,17536970,2100,17539070,3118,17542188
"3753",19,17542710,1126,17543836,901,17544737,4317,17549054
"3754",19,17549542,1128,17550670,1650,17552320,3568,17555888
"3755",19,17556378,1275,17557653,1034,17558687,4184,17562871
"3756",19,17563389,1264,17564653,3351,17568004,1867,17569871
"3757",19,17570374,1363,17571737,1717,17573454,3501,17576955
"3758",19,17577450,1137,17578587,1250,17579837,3968,17583805
"3759",19,17584327,1127,17585454,1300,17586754,3918,17590672
"3760",19,17591180,1124,17592304,1117,17593421,4101,17597522
"3761",19,17598041,1130,17599171,1166,17600337,4052,17604389
"3762",19,17604894,3177,17608071,1266,17609337,3952,17613289
"3763",19,17613798,1123,17614921,1333,17616254,3885,17620139
"3764",19,17620663,1125,17621788,1350,17623138,3868,17627006
"3765",19,17627517,1137,17628654,1317,17629971,3901,17633872
"3766",19,17634395,1126,17635521,1934,17637455,3284,17640739
"3767",19,17641227,1128,17642355,1350,17643705,3867,17647572
"3768",19,17648073,1132,17649205,1233,17650438,3984,17654422
"3769",19,17654946,1175,17656121,2234,17658355,2984,17661339
"3770",19,17661839,1132,17662971,1117,17664088,4101,17668189
"3771",19,17668706,1132,17669838,851,17670689,4367,17675056
"3772",19,17675575,1130,17676705,1400,17678105,3818,17681923
"3773",19,17682412,1127,17683539,1116,17684655,4101,17688756
"3774",19,17689261,1661,17690922,1017,17691939,4201,17696140
"3775",19,17696656,1133,17697789,1350,17699139,3868,17703007
"3776",19,17703511,1128,17704639,800,17705439,4418,17709857
"3777",19,17710375,1131,17711506,1016,17712522,4202,17716724
"3778",19,17717244,1128,17718372,2467,17720839,2751,17723590
"3779",19,17724111,1128,17725239,1784,17727023,3434,17730457
"3780",19,17730975,1131,17732106,1233,17733339,3985,17737324
"3781",19,17737830,1126,17738956,2100,17741056,3118,17744174
"3782",19,17744688,1318,17746006,1684,17747690,3534,17751224
"3783",19,17751754,1269,17753023,1400,17754423,3818,17758241
"3784",19,17758734,1122,17759856,1500,17761356,3718,17765074
"3785",19,17765580,1126,17766706,1584,17768290,3634,17771924
"3786",19,17772415,1341,17773756,2801,17776557,2417,17778974
"3787",19,17779480,1127,17780607,2850,17783457,2367,17785824
"3788",19,17786337,1370,17787707,1550,17789257,3668,17792925
"3789",19,17793454,1136,17794590,3534,17798124,1684,17799808
"3790",19,17800338,1352,17801690,1767,17803457,3451,17806908
"3791",19,17807412,1228,17808640,4567,17813207,1017,17814224
"3792",19,17814724,1167,17815891,1016,17816907,4202,17821109
"3793",19,17821636,1755,17823391,1133,17824524,4084,17828608
"3794",19,17829117,1124,17830241,833,17831074,4385,17835459
"3795",19,17835960,1847,17837807,1067,17838874,4151,17843025
"3796",19,17843537,1137,17844674,784,17845458,4434,17849892
"3797",19,17850395,1129,17851524,850,17852374,4368,17856742
"3798",19,17857254,1137,17858391,984,17859375,4234,17863609
"3799",19,17864113,2212,17866325,2016,17868341,3202,17871543
"3800",19,17872047,1128,17873175,1050,17874225,4168,17878393
"3801",20,20483474,1123,20484597,9650,20494247,1017,20495264
"3802",20,20495781,1766,20497547,2067,20499614,3151,20502765
"3803",20,20503266,1131,20504397,1301,20505698,3917,20509615
"3804",20,20510132,1132,20511264,1867,20513131,3351,20516482
"3805",20,20516969,1128,20518097,2601,20520698,2617,20523315
"3806",20,20523827,1137,20524964,2634,20527598,2584,20530182
"3807",20,20530688,1160,20531848,2100,20533948,3118,20537066
"3808",20,20537554,1760,20539314,2517,20541831,2702,20544533
"3809",20,20545036,1128,20546164,1951,20548115,3267,20551382
"3810",20,20551864,1134,20552998,1617,20554615,3601,20558216
"3811",20,20558701,1197,20559898,1650,20561548,3568,20565116
"3812",20,20565616,1332,20566948,1100,20568048,4118,20572166
"3813",20,20572681,1134,20573815,2534,20576349,2684,20579033
"3814",20,20579551,1131,20580682,1883,20582565,3335,20585900
"3815",20,20586413,1135,20587548,867,20588415,4351,20592766
"3816",20,20593276,1123,20594399,3017,20597416,2201,20599617
"3817",20,20600101,1131,20601232,1333,20602565,3885,20606450
"3818",20,20606940,1126,20608066,1666,20609732,3552,20613284
"3819",20,20613796,1886,20615682,2484,20618166,2734,20620900
"3820",20,20621411,1121,20622532,1684,20624216,3534,20627750
"3821",20,20628265,1134,20629399,2300,20631699,2918,20634617
"3822",20,20635119,1130,20636249,2367,20638616,2851,20641467
"3823",20,20641982,1134,20643116,1634,20644750,3584,20648334
"3824",20,20648834,1132,20649966,2867,20652833,2351,20655184
"3825",20,20655676,1123,20656799,3951,20660750,1267,20662017
"3826",20,20662511,1322,20663833,1634,20665467,3584,20669051
"3827",20,20669547,1136,20670683,1750,20672433,3468,20675901
"3828",20,20676410,1323,20677733,2567,20680300,2651,20682951
"3829",20,20683452,1131,20684583,1184,20685767,4034,20689801
"3830",20,20690313,1137,20691450,1450,20692900,3768,20696668
"3831",20,20697154,1146,20698300,1350,20699650,3868,20703518
"3832",20,20704032,1302,20705334,3767,20709101,1451,20710552
"3833",20,20711052,1132,20712184,1250,20713434,3968,20717402
"3834",20,20717919,1131,20719050,1317,20720367,3901,20724268
"3835",20,20724785,1132,20725917,3234,20729151,1984,20731135
"3836",20,20731668,1133,20732801,5033,20737834,1017,20738851
"3837",20,20739339,1128,20740467,1867,20742334,3351,20745685
"3838",20,20746178,1156,20747334,4267,20751601,1017,20752618
"3839",20,20753110,1291,20754401,2734,20757135,2484,20759619
"3840",20,20760124,1127,20761251,1050,20762301,4168,20766469
"3841",20,20766973,1128,20768101,1850,20769951,3368,20773319
"3842",20,20773813,1122,20774935,1283,20776218,3935,20780153
"3843",20,20780655,1130,20781785,4317,20786102,1016,20787118
"3844",20,20787626,4309,20791935,5417,20797352,1016,20798368
"3845",20,20798856,1129,20799985,1900,20801885,3318,20805203
"3846",20,20805705,1130,20806835,2267,20809102,2951,20812053
"3847",20,20812577,1125,20813702,3284,20816986,1934,20818920
"3848",20,20819441,1128,20820569,2250,20822819,2968,20825787
"3849",20,20826290,1129,20827419,1417,20828836,3801,20832637
"3850",20,20833135,1134,20834269,1734,20836003,3484,20839487
"3851",20,20839990,1129,20841119,1917,20843036,3301,20846337
"3852",20,20846853,1133,20847986,1717,20849703,3501,20853204
"3853",20,20853718,1135,20854853,733,20855586,4484,20860070
"3854",20,20860572,1347,20861919,1084,20863003,4134,20867137
"3855",20,20867632,1137,20868769,1467,20870236,3751,20873987
"3856",20,20874506,1130,20875636,1134,20876770,4084,20880854
"3857",20,20881361,1125,20882486,1234,20883720,3984,20887704
"3858",20,20888203,1133,20889336,3067,20892403,2151,20894554
"3859",20,20895067,1136,20896203,3350,20899553,1868,20901421
"3860",20,20901938,1132,20903070,1967,20905037,3251,20908288
"3861",20,20908783,1137,20909920,2167,20912087,3051,20915138
"3862",20,20915666,1354,20917020,2317,20919337,2901,20922238
"3863",20,20922755,1349,20924104,1617,20925721,3600,20929321
"3864",20,20929822,1398,20931220,1534,20932754,3684,20936438
"3865",20,20936962,1125,20938087,3517,20941604,1701,20943305
"3866",20,20943794,1310,20945104,1833,20946937,3385,20950322
"3867",20,20950816,1121,20951937,2467,20954404,2751,20957155
"3868",20,20957653,1134,20958787,1417,20960204,3801,20964005
"3869",20,20964509,1379,20965888,1900,20967788,3318,20971106
"3870",20,20971622,1299,20972921,1167,20974088,4051,20978139
"3871",20,20978632,1389,20980021,1250,20981271,3968,20985239
"3872",20,20985755,1366,20987121,2117,20989238,3101,20992339
"3873",20,20992860,1128,20993988,2033,20996021,3185,20999206
"3874",20,20999722,1133,21000855,1800,21002655,3418,21006073
"3875",20,21006583,1122,21007705,1100,21008805,4118,21012923
"3876",20,21013437,1685,21015122,1466,21016588,3752,21020340
"3877",20,21020840,2182,21023022,2233,21025255,2985,21028240
"3878",20,21028752,1136,21029888,2734,21032622,2484,21035106
"3879",20,21035643,1896,21037539,766,21038305,4452,21042757
"3880",20,21043284,1121,21044405,1934,21046339,3284,21049623
"3881",20,21050137,1335,21051472,1417,21052889,3801,21056690
"3882",20,21057197,1125,21058322,1550,21059872,3668,21063540
"3883",20,21064057,1132,21065189,1134,21066323,4084,21070407
"3884",20,21070898,1124,21072022,1418,21073440,3800,21077240
"3885",20,21077749,1357,21079106,1233,21080339,3985,21084324
"3886",20,21084822,1134,21085956,2084,21088040,3134,21091174
"3887",20,21091679,2144,21093823,1867,21095690,3351,21099041
"3888",20,21099530,1126,21100656,1984,21102640,3234,21105874
"3889",20,21106373,1133,21107506,1651,21109157,3567,21112724
"3890",20,21113237,1803,21115040,1150,21116190,4068,21120258
"3891",20,21120765,1125,21121890,1067,21122957,4151,21127108
"3892",20,21127621,1136,21128757,1783,21130540,3435,21133975
"3893",20,21134477,1130,21135607,1950,21137557,3268,21140825
"3894",20,21141312,1128,21142440,2650,21145090,2568,21147658
"3895",20,21148179,1328,21149507,5050,21154557,1017,21155574
"3896",20,21156077,1180,21157257,934,21158191,4284,21162475
"3897",20,21162992,1132,21164124,1833,21165957,3385,21169342
"3898",20,21169859,2148,21172007,1717,21173724,3501,21177225
"3899",20,21177754,1137,21178891,1283,21180174,3935,21184109
"3900",20,21184618,1356,21185974,1700,21187674,3518,21191192
"3901",20,21191692,1132,21192824,1134,21193958,4084,21198042
"3902",20,21198533,2175,21200708,1433,21202141,3785,21205926
"3903",20,21206422,1136,21207558,1117,21208675,4101,21212776
"3904",20,21213288,1120,21214408,1634,21216042,3584,21219626
"3905",20,21220131,1510,21221641,1117,21222758,4101,21226859
"3906",20,21227368,1274,21228642,4550,21233192,1017,21234209
"3907",20,21234724,1351,21236075,2067,21238142,3151,21241293
"3908",20,21241808,1134,21242942,1450,21244392,3768,21248160
"3909",20,21248678,1131,21249809,1400,21251209,3818,21255027
"3910",20,21255524,1135,21256659,1650,21258309,3567,21261876
"3911",20,21262393,1916,21264309,1433,21265742,3785,21269527
"3912",20,21270043,1783,21271826,1033,21272859,4184,21277043
"3913",20,21277553,1323,21278876,2067,21280943,3151,21284094
"3914",20,21284598,1128,21285726,817,21286543,4401,21290944
"3915",20,21291431,1328,21292759,1484,21294243,3734,21297977
"3916",20,21298488,2188,21300676,2000,21302676,3218,21305894
"3917",20,21306403,1340,21307743,2733,21310476,2485,21312961
"3918",20,21313466,1194,21314660,2466,21317126,2752,21319878
"3919",20,21320385,1125,21321510,1817,21323327,3400,21326727
"3920",20,21327246,1847,21329093,1534,21330627,3684,21334311
"3921",20,21334830,1130,21335960,2117,21338077,3101,21341178
"3922",20,21341674,1136,21342810,1550,21344360,3668,21348028
"3923",20,21348514,1396,21349910,1100,21351010,4118,21355128
"3924",20,21355647,1130,21356777,2717,21359494,2501,21361995
"3925",20,21362518,1442,21363960,1734,21365694,3484,21369178
"3926",20,21369702,1425,21371127,2650,21373777,2568,21376345
"3927",20,21376863,1297,21378160,2684,21380844,2534,21383378
"3928",20,21383893,1434,21385327,1767,21387094,3451,21390545
"3929",20,21391074,1137,21392211,1083,21393294,4135,21397429
"3930",20,21397936,1125,21399061,5267,21404328,1016,21405344
"3931",20,21405870,1308,21407178,1883,21409061,3335,21412396
"3932",20,21412919,1125,21414044,851,21414895,4367,21419262
"3933",20,21419760,1301,21421061,2000,21423061,3218,21426279
"3934",20,21426773,1122,21427895,1733,21429628,3484,21433112
"3935",20,21433627,2084,21435711,1201,21436912,4017,21440929
"3936",20,21441437,1291,21442728,1700,21444428,3518,21447946
"3937",20,21448459,2086,21450545,2367,21452912,2851,21455763
"3938",20,21456279,1133,21457412,1267,21458679,3951,21462630
"3939",20,21463130,3965,21467095,3117,21470212,2101,21472313
"3940",20,21472808,1387,21474195,1100,21475295,4118,21479413
"3941",20,21479940,1305,21481245,6751,21487996,1016,21489012
"3942",20,21489533,2496,21492029,1167,21493196,4051,21497247
"3943",20,21497752,1127,21498879,3950,21502829,1268,21504097
"3944",20,21504593,1136,21505729,917,21506646,4301,21510947
"3945",20,21511468,1128,21512596,5483,21518079,1017,21519096
"3946",20,21519606,1840,21521446,1450,21522896,3768,21526664
"3947",20,21527176,1137,21528313,3367,21531680,1851,21533531
"3948",20,21534019,1277,21535296,1784,21537080,3434,21540514
"3949",20,21541017,2079,21543096,1384,21544480,3834,21548314
"3950",20,21548817,1129,21549946,1017,21550963,4201,21555164
"3951",20,21555680,1133,21556813,3701,21560514,1517,21562031
"3952",20,21562519,1361,21563880,7550,21571430,1017,21572447
"3953",20,21572980,2617,21575597,1267,21576864,3951,21580815
"3954",20,21581330,1134,21582464,5150,21587614,1017,21588631
"3955",20,21589147,1133,21590280,851,21591131,4367,21595498
"3956",20,21596002,1128,21597130,2051,21599181,3167,21602348
"3957",20,21602837,1127,21603964,2417,21606381,2801,21609182
"3958",20,21609687,1127,21610814,1800,21612614,3418,21616032
"3959",20,21616522,1125,21617647,2351,21619998,2867,21622865
"3960",20,21623371,1127,21624498,1216,21625714,4002,21629716
"3961",20,21630229,1135,21631364,984,21632348,4234,21636582
"3962",20,21637070,1128,21638198,1383,21639581,3835,21643416
"3963",20,21643905,1393,21645298,1100,21646398,4118,21650516
"3964",20,21651033,1132,21652165,1633,21653798,3585,21657383
"3965",20,21657892,1173,21659065,1650,21660715,3568,21664283
"3966",20,21664794,1837,21666631,1167,21667798,4051,21671849
"3967",20,21672369,2246,21674615,1467,21676082,3751,21679833
"3968",20,21680346,1119,21681465,1950,21683415,3268,21686683
"3969",20,21687189,2859,21690048,1334,21691382,3885,21695267
"3970",20,21695788,1127,21696915,1417,21698332,3801,21702133
"3971",20,21702622,1127,21703749,2317,21706066,2901,21708967
"3972",20,21709451,1131,21710582,1284,21711866,3934,21715800
"3973",20,21716325,2624,21718949,2050,21720999,3168,21724167
"3974",20,21724695,1137,21725832,1217,21727049,4001,21731050
"3975",20,21731562,2087,21733649,1817,21735466,3401,21738867
"3976",20,21739393,1406,21740799,4867,21745666,1017,21746683
"3977",20,21747186,1430,21748616,1800,21750416,3418,21753834
"3978",20,21754343,2373,21756716,1201,21757917,4017,21761934
"3979",20,21762459,1124,21763583,2650,21766233,2568,21768801
"3980",20,21769290,1126,21770416,951,21771367,4267,21775634
"3981",20,21776119,1131,21777250,3050,21780300,2168,21782468
"3982",20,21782956,1144,21784100,1417,21785517,3801,21789318
"3983",20,21789840,4527,21794367,2700,21797067,2518,21799585
"3984",20,21800072,1128,21801200,2767,21803967,2451,21806418
"3985",20,21806928,1122,21808050,1484,21809534,3734,21813268
"3986",20,21813795,1122,21814917,1584,21816501,3634,21820135
"3987",20,21820639,1128,21821767,934,21822701,4284,21826985
"3988",20,21827499,1135,21828634,850,21829484,4368,21833852
"3989",20,21834352,1132,21835484,2484,21837968,2734,21840702
"3990",20,21841219,1132,21842351,567,21842918,4651,21847569
"3991",20,21848084,1850,21849934,1467,21851401,3751,21855152
"3992",20,21855654,1130,21856784,1034,21857818,4184,21862002
"3993",20,21862503,1132,21863635,867,21864502,4350,21868852
"3994",20,21869362,3756,21873118,950,21874068,4268,21878336
"3995",20,21878856,4179,21883035,1733,21884768,3485,21888253
"3996",20,21888739,1963,21890702,1300,21892002,3918,21895920
"3997",20,21896435,2117,21898552,1583,21900135,3635,21903770
"3998",20,21904263,1122,21905385,4767,21910152,1017,21911169
"3999",20,21911682,5503,21917185,851,21918036,4367,21922403
"4000",20,21922895,1291,21924186,1850,21926036,3367,21929403
"4001",21,4142217,1756,4143973,2564,4146537,2654,4149191
"4002",21,4149694,1126,4150820,3017,4153837,2201,4156038
"4003",21,4156554,1300,4157854,1817,4159671,3401,4163072
"4004",21,4163581,1190,4164771,3617,4168388,1601,4169989
"4005",21,4170481,1123,4171604,2184,4173788,3034,4176822
"4006",21,4177336,1135,4178471,1733,4180204,3485,4183689
"4007",21,4184191,1130,4185321,2367,4187688,2851,4190539
"4008",21,4191071,1133,4192204,5884,4198088,1017,4199105
"4009",21,4199619,1135,4200754,1451,4202205,3767,4205972
"4010",21,4206480,1125,4207605,2150,4209755,3067,4212822
"4011",21,4213326,1129,4214455,2567,4217022,2650,4219672
"4012",21,4220165,1123,4221288,8550,4229838,1017,4230855
"4013",21,4231357,1215,4232572,1850,4234422,3368,4237790
"4014",21,4238279,1126,4239405,1750,4241155,3468,4244623
"4015",21,4245161,1144,4246305,3267,4249572,1951,4251523
"4016",21,4252035,1137,4253172,2750,4255922,2468,4258390
"4017",21,4258890,1132,4260022,2567,4262589,2651,4265240
"4018",21,4265726,1129,4266855,3417,4270272,1801,4272073
"4019",21,4272578,1128,4273706,1700,4275406,3517,4278923
"4020",21,4279410,1129,4280539,2567,4283106,2651,4285757
"4021",21,4286259,1130,4287389,1717,4289106,3501,4292607
"4022",21,4293115,1124,4294239,2134,4296373,3084,4299457
"4023",21,4299979,1127,4301106,3517,4304623,1701,4306324
"4024",21,4306840,1449,4308289,1067,4309356,4151,4313507
"4025",21,4314023,1133,4315156,2684,4317840,2534,4320374
"4026",21,4320879,1127,4322006,3017,4325023,2201,4327224
"4027",21,4327745,1278,4329023,1667,4330690,3551,4334241
"4028",21,4334754,1136,4335890,4167,4340057,1051,4341108
"4029",21,4341600,1240,4342840,1600,4344440,3618,4348058
"4030",21,4348583,1124,4349707,3300,4353007,1917,4354924
"4031",21,4355440,1133,4356573,1234,4357807,3984,4361791
"4032",21,4362301,1123,4363424,4833,4368257,1017,4369274
"4033",21,4369777,1297,4371074,1350,4372424,3867,4376291
"4034",21,4376811,1129,4377940,1101,4379041,4117,4383158
"4035",21,4383677,1130,4384807,1584,4386391,3634,4390025
"4036",21,4390514,1127,4391641,2850,4394491,2367,4396858
"4037",21,4397382,1125,4398507,1984,4400491,3234,4403725
"4038",21,4404249,1125,4405374,1884,4407258,3334,4410592
"4039",21,4411107,1134,4412241,2984,4415225,2234,4417459
"4040",21,4417992,1132,4419124,3067,4422191,2151,4424342
"4041",21,4424852,1122,4425974,2184,4428158,3034,4431192
"4042",21,4431694,1130,4432824,2001,4434825,3218,4438043
"4043",21,4438556,1135,4439691,8284,4447975,1017,4448992
"4044",21,4449508,1133,4450641,3117,4453758,2101,4455859
"4045",21,4456350,1125,4457475,1250,4458725,3968,4462693
"4046",21,4463209,1299,4464508,1200,4465708,4018,4469726
"4047",21,4470239,1619,4471858,1617,4473475,3601,4477076
"4048",21,4477565,1127,4478692,3067,4481759,2151,4483910
"4049",21,4484402,1123,4485525,2050,4487575,3168,4490743
"4050",21,4491247,1128,4492375,1867,4494242,3351,4497593
"4051",21,4498083,1126,4499209,1383,4500592,3835,4504427
"4052",21,4504928,1131,4506059,2884,4508943,2334,4511277
"4053",21,4511792,1134,4512926,1950,4514876,3267,4518143
"4054",21,4518637,1122,4519759,2200,4521959,3018,4524977
"4055",21,4525496,1130,4526626,2233,4528859,2985,4531844
"4056",21,4532333,1110,4533443,1683,4535126,3535,4538661
"4057",21,4539192,1384,4540576,3467,4544043,1751,4545794
"4058",21,4546297,1129,4547426,1517,4548943,3701,4552644
"4059",21,4553150,1126,4554276,1117,4555393,4101,4559494
"4060",21,4560007,1136,4561143,1350,4562493,3868,4566361
"4061",21,4566873,1137,4568010,1550,4569560,3668,4573228
"4062",21,4573717,1126,4574843,2200,4577043,3018,4580061
"4063",21,4580573,1137,4581710,1517,4583227,3701,4586928
"4064",21,4587426,1134,4588560,2950,4591510,2268,4593778
"4065",21,4594269,1124,4595393,1317,4596710,3901,4600611
"4066",21,4601126,1134,4602260,1667,4603927,3551,4607478
"4067",21,4607991,1136,4609127,1734,4610861,3484,4614345
"4068",21,4614855,1122,4615977,4917,4620894,1017,4621911
"4069",21,4622424,1153,4623577,1617,4625194,3601,4628795
"4070",21,4629316,1128,4630444,1317,4631761,3901,4635662
"4071",21,4636154,1123,4637277,1017,4638294,4201,4642495
"4072",21,4643012,1132,4644144,2484,4646628,2734,4649362
"4073",21,4649877,1501,4651378,3750,4655128,1467,4656595
"4074",21,4657086,1125,4658211,9034,4667245,1016,4668261
"4075",21,4668779,1349,4670128,1217,4671345,4001,4675346
"4076",21,4675833,1262,4677095,2367,4679462,2851,4682313
"4077",21,4682862,1283,4684145,2817,4686962,2401,4689363
"4078",21,4689901,1127,4691028,2867,4693895,2351,4696246
"4079",21,4696756,1122,4697878,1834,4699712,3384,4703096
"4080",21,4703586,2776,4706362,1383,4707745,3835,4711580
"4081",21,4712094,1135,4713229,3800,4717029,1418,4718447
"4082",21,4718950,1129,4720079,11200,4731279,1017,4732296
"4083",21,4732795,1384,4734179,1717,4735896,3501,4739397
"4084",21,4739892,1137,4741029,2267,4743296,2951,4746247
"4085",21,4746745,1134,4747879,1584,4749463,3634,4753097
"4086",21,4753612,2267,4755879,7184,4763063,1016,4764079
"4087",21,4764582,1131,4765713,3283,4768996,1935,4770931
"4088",21,4771421,1125,4772546,1117,4773663,4101,4777764
"4089",21,4778268,1128,4779396,1267,4780663,3951,4784614
"4090",21,4785137,1126,4786263,1867,4788130,3351,4791481
"4091",21,4792007,1123,4793130,13050,4806180,1017,4807197
"4092",21,4807698,1282,4808980,1250,4810230,3968,4814198
"4093",21,4814693,1137,4815830,1700,4817530,3518,4821048
"4094",21,4821572,1125,4822697,1283,4823980,3935,4827915
"4095",21,4828421,1126,4829547,3750,4833297,1468,4834765
"4096",21,4835281,1133,4836414,1766,4838180,3452,4841632
"4097",21,4842136,1128,4843264,1400,4844664,3818,4848482
"4098",21,4848975,1422,4850397,1484,4851881,3734,4855615
"4099",21,4856117,1130,4857247,2217,4859464,3001,4862465
"4100",21,4862976,1238,4864214,2867,4867081,2351,4869432
"4101",21,4869965,1132,4871097,2334,4873431,2884,4876315
"4102",21,4876815,1549,4878364,4684,4883048,1017,4884065
"4103",21,4884572,1409,4885981,1717,4887698,3501,4891199
"4104",21,4891703,1145,4892848,1400,4894248,3818,4898066
"4105",21,4898557,1124,4899681,2400,4902081,2818,4904899
"4106",21,4905437,1128,4906565,1283,4907848,3935,4911783
"4107",21,4912270,1128,4913398,3134,4916532,2084,4918616
"4108",21,4919106,1125,4920231,1684,4921915,3534,4925449
"4109",21,4925955,1377,4927332,4017,4931349,1201,4932550
"4110",21,4933061,1404,4934465,1450,4935915,3768,4939683
"4111",21,4940175,1123,4941298,3751,4945049,1468,4946517
"4112",21,4947029,1136,4948165,1284,4949449,3934,4953383
"4113",21,4953894,1138,4955032,1067,4956099,4151,4960250
"4114",21,4960752,1130,4961882,2134,4964016,3084,4967100
"4115",21,4967604,1128,4968732,1634,4970366,3584,4973950
"4116",21,4974460,1372,4975832,1134,4976966,4084,4981050
"4117",21,4981539,1127,4982666,1400,4984066,3818,4987884
"4118",21,4988386,1130,4989516,1917,4991433,3301,4994734
"4119",21,4995257,1126,4996383,3683,5000066,1534,5001600
"4120",21,5002117,1132,5003249,1884,5005133,3334,5008467
"4121",21,5008962,2071,5011033,1417,5012450,3801,5016251
"4122",21,5016761,1122,5017883,1367,5019250,3851,5023101
"4123",21,5023627,2306,5025933,2900,5028833,2318,5031151
"4124",21,5031637,1129,5032766,1451,5034217,3767,5037984
"4125",21,5038501,1132,5039633,2567,5042200,2651,5044851
"4126",21,5045355,1128,5046483,1617,5048100,3601,5051701
"4127",21,5052217,1133,5053350,1567,5054917,3651,5058568
"4128",21,5059068,5349,5064417,6383,5070800,1017,5071817
"4129",21,5072338,1212,5073550,2334,5075884,2884,5078768
"4130",21,5079293,2257,5081550,1301,5082851,3917,5086768
"4131",21,5087283,1134,5088417,1184,5089601,4034,5093635
"4132",21,5094152,1432,5095584,1150,5096734,4068,5100802
"4133",21,5101322,1129,5102451,3967,5106418,1251,5107669
"4134",21,5108194,1124,5109318,2250,5111568,2967,5114535
"4135",21,5115039,1129,5116168,2950,5119118,2268,5121386
"4136",21,5121897,1137,5123034,3417,5126451,1801,5128252
"4137",21,5128755,1130,5129885,1333,5131218,3884,5135102
"4138",21,5135590,1128,5136718,2150,5138868,3068,5141936
"4139",21,5142446,1122,5143568,2567,5146135,2651,5148786
"4140",21,5149291,1627,5150918,1984,5152902,3234,5156136
"4141",21,5156627,1125,5157752,1000,5158752,4218,5162970
"4142",21,5163486,1132,5164618,3051,5167669,2167,5169836
"4143",21,5170329,1339,5171668,2717,5174385,2501,5176886
"4144",21,5177402,2067,5179469,1567,5181036,3650,5184686
"4145",21,5185202,1133,5186335,1351,5187686,3867,5191553
"4146",21,5192057,1128,5193185,2751,5195936,2467,5198403
"4147",21,5198890,1129,5200019,1384,5201403,3834,5205237
"4148",21,5205751,1135,5206886,1350,5208236,3867,5212103
"4149",21,5212613,1123,5213736,2183,5215919,3035,5218954
"4150",21,5219467,1135,5220602,1268,5221870,3950,5225820
"4151",21,5226334,1135,5227469,1650,5229119,3568,5232687
"4152",21,5233201,1202,5234403,1500,5235903,3718,5239621
"4153",21,5240116,1137,5241253,1467,5242720,3751,5246471
"4154",21,5246998,1122,5248120,1216,5249336,4002,5253338
"4155",21,5253852,1134,5254986,1350,5256336,3868,5260204
"4156",21,5260721,2015,5262736,1451,5264187,3767,5267954
"4157",21,5268477,1126,5269603,1517,5271120,3701,5274821
"4158",21,5275342,1128,5276470,967,5277437,4251,5281688
"4159",21,5282206,1131,5283337,1600,5284937,3618,5288555
"4160",21,5289042,1128,5290170,1384,5291554,3834,5295388
"4161",21,5295901,1136,5297037,1200,5298237,4018,5302255
"4162",21,5302760,1494,5304254,1500,5305754,3718,5309472
"4163",21,5309990,1131,5311121,1050,5312171,4167,5316338
"4164",21,5316852,1752,5318604,1767,5320371,3451,5323822
"4165",21,5324338,1116,5325454,3300,5328754,1918,5330672
"4166",21,5331188,1900,5333088,3100,5336188,2118,5338306
"4167",21,5338820,1351,5340171,1883,5342054,3335,5345389
"4168",21,5345897,1124,5347021,1617,5348638,3601,5352239
"4169",21,5352734,1137,5353871,1234,5355105,3984,5359089
"4170",21,5359582,1123,5360705,1600,5362305,3617,5365922
"4171",21,5366413,1125,5367538,1334,5368872,3884,5372756
"4172",21,5373274,1131,5374405,800,5375205,4418,5379623
"4173",21,5380139,1116,5381255,900,5382155,4318,5386473
"4174",21,5386963,1125,5388088,2367,5390455,2851,5393306
"4175",21,5393809,1129,5394938,1301,5396239,3917,5400156
"4176",21,5400649,1123,5401772,1900,5403672,3318,5406990
"4177",21,5407494,1128,5408622,983,5409605,4235,5413840
"4178",21,5414362,1127,5415489,1367,5416856,3851,5420707
"4179",21,5421207,1132,5422339,1450,5423789,3768,5427557
"4180",21,5428050,2056,5430106,1333,5431439,3885,5435324
"4181",21,5435849,1123,5436972,1117,5438089,4101,5442190
"4182",21,5442709,1130,5443839,1267,5445106,3951,5449057
"4183",21,5449573,1133,5450706,1800,5452506,3418,5455924
"4184",21,5456445,1128,5457573,1066,5458639,4151,5462790
"4185",21,5463308,1131,5464439,3301,5467740,1917,5469657
"4186",21,5470160,1130,5471290,1566,5472856,3651,5476507
"4187",21,5477023,1133,5478156,2317,5480473,2901,5483374
"4188",21,5483885,1138,5485023,1467,5486490,3751,5490241
"4189",21,5490757,1133,5491890,1083,5492973,4135,5497108
"4190",21,5497622,1135,5498757,1850,5500607,3367,5503974
"4191",21,5504480,1127,5505607,1283,5506890,3935,5510825
"4192",21,5511310,1130,5512440,3150,5515590,2068,5517658
"4193",21,5518159,1131,5519290,917,5520207,4301,5524508
"4194",21,5525016,1124,5526140,2101,5528241,3117,5531358
"4195",21,5531882,2292,5534174,900,5535074,4318,5539392
"4196",21,5539903,1138,5541041,1666,5542707,3551,5546258
"4197",21,5546751,1123,5547874,1333,5549207,3885,5553092
"4198",21,5553591,1133,5554724,1250,5555974,3968,5559942
"4199",21,5560467,1124,5561591,1150,5562741,4068,5566809
"4200",21,5567298,1126,5568424,2017,5570441,3201,5573642
"4201",22,11668345,1650,11669995,2450,11672445,2768,11675213
"4202",22,11675712,1133,11676845,2634,11679479,2584,11682063
"4203",22,11682581,1131,11683712,5667,11689379,1016,11690395
"4204",22,11690909,1136,11692045,2634,11694679,2584,11697263
"4205",22,11697768,1127,11698895,3001,11701896,2217,11704113
"4206",22,11704622,1123,11705745,7434,11713179,1017,11714196
"4207",22,11714692,2337,11717029,4984,11722013,1016,11723029
"4208",22,11723534,1128,11724662,5334,11729996,1017,11731013
"4209",22,11731515,1131,11732646,1100,11733746,4118,11737864
"4210",22,11738384,1129,11739513,3266,11742779,1952,11744731
"4211",22,11745218,1128,11746346,5517,11751863,1017,11752880
"4212",22,11753400,1130,11754530,1683,11756213,3534,11759747
"4213",22,11760252,1128,11761380,2700,11764080,2518,11766598
"4214",22,11767089,1307,11768396,3601,11771997,1617,11773614
"4215",22,11774130,1133,11775263,6834,11782097,1016,11783113
"4216",22,11783623,2440,11786063,1734,11787797,3484,11791281
"4217",22,11791781,1132,11792913,2417,11795330,2801,11798131
"4218",22,11798621,1293,11799914,966,11800880,4252,11805132
"4219",22,11805657,1123,11806780,2451,11809231,2767,11811998
"4220",22,11812528,2286,11814814,3433,11818247,1785,11820032
"4221",22,11820525,1122,11821647,1417,11823064,3801,11826865
"4222",22,11827390,1124,11828514,2434,11830948,2784,11833732
"4223",22,11834233,1131,11835364,7267,11842631,1017,11843648
"4224",22,11844157,1924,11846081,1517,11847598,3701,11851299
"4225",22,11851809,1122,11852931,3934,11856865,1284,11858149
"4226",22,11858667,1131,11859798,8000,11867798,1017,11868815
"4227",22,11869299,1132,11870431,1717,11872148,3501,11875649
"4228",22,11876139,1126,11877265,4217,11881482,1016,11882498
"4229",22,11883011,1587,11884598,1817,11886415,3401,11889816
"4230",22,11890331,1134,11891465,1567,11893032,3651,11896683
"4231",22,11897192,2223,11899415,2767,11902182,2451,11904633
"4232",22,11905143,1122,11906265,1584,11907849,3634,11911483
"4233",22,11911990,1125,11913115,2067,11915182,3151,11918333
"4234",22,11918836,1129,11919965,2717,11922682,2501,11925183
"4235",22,11925674,1508,11927182,1500,11928682,3718,11932400
"4236",22,11932920,2446,11935366,1533,11936899,3684,11940583
"4237",22,11941095,1137,11942232,1917,11944149,3301,11947450
"4238",22,11947959,1123,11949082,2167,11951249,3051,11954300
"4239",22,11954822,1127,11955949,1600,11957549,3618,11961167
"4240",22,11961691,1125,11962816,3200,11966016,2018,11968034
"4241",22,11968558,1158,11969716,1384,11971100,3834,11974934
"4242",22,11975442,1124,11976566,2134,11978700,3084,11981784
"4243",22,11982304,1129,11983433,1750,11985183,3468,11988651
"4244",22,11989155,1561,11990716,2351,11993067,2867,11995934
"4245",22,11996454,1129,11997583,1167,11998750,4051,12002801
"4246",22,12003316,1134,12004450,1317,12005767,3901,12009668
"4247",22,12010177,1123,12011300,2350,12013650,2868,12016518
"4248",22,12017026,1274,12018300,1700,12020000,3518,12023518
"4249",22,12024032,1135,12025167,1683,12026850,3535,12030385
"4250",22,12030896,1138,12032034,1450,12033484,3768,12037252
"4251",22,12037757,1127,12038884,2533,12041417,2685,12044102
"4252",22,12044617,2000,12046617,2667,12049284,2551,12051835
"4253",22,12052339,1128,12053467,1934,12055401,3284,12058685
"4254",22,12059200,1134,12060334,1017,12061351,4201,12065552
"4255",22,12066041,2643,12068684,7750,12076434,1017,12077451
"4256",22,12077970,1131,12079101,1083,12080184,4135,12084319
"4257",22,12084840,1628,12086468,4233,12090701,1017,12091718
"4258",22,12092232,1136,12093368,1100,12094468,4118,12098586
"4259",22,12099077,3058,12102135,1750,12103885,3468,12107353
"4260",22,12107865,1436,12109301,4967,12114268,1017,12115285
"4261",22,12115795,1123,12116918,1217,12118135,4001,12122136
"4262",22,12122625,1127,12123752,1350,12125102,3867,12128969
"4263",22,12129488,2330,12131818,1351,12133169,3867,12137036
"4264",22,12137552,2600,12140152,1100,12141252,4118,12145370
"4265",22,12145878,1124,12147002,1867,12148869,3351,12152220
"4266",22,12152721,1331,12154052,1684,12155736,3534,12159270
"4267",22,12159767,2919,12162686,1183,12163869,4035,12167904
"4268",22,12168407,1129,12169536,1133,12170669,4085,12174754
"4269",22,12175246,1123,12176369,1367,12177736,3851,12181587
"4270",22,12182087,1132,12183219,1650,12184869,3568,12188437
"4271",22,12188928,2058,12190986,1317,12192303,3901,12196204
"4272",22,12196730,1123,12197853,2017,12199870,3201,12203071
"4273",22,12203589,1130,12204719,1451,12206170,3767,12209937
"4274",22,12210440,1130,12211570,1283,12212853,3935,12216788
"4275",22,12217282,1271,12218553,867,12219420,4351,12223771
"4276",22,12224288,1132,12225420,1300,12226720,3918,12230638
"4277",22,12231140,1697,12232837,2250,12235087,2967,12238054
"4278",22,12238568,2102,12240670,3917,12244587,1301,12245888
"4279",22,12246388,1132,12247520,3334,12250854,1884,12252738
"4280",22,12253250,1137,12254387,900,12255287,4318,12259605
"4281",22,12260113,1124,12261237,3134,12264371,2084,12266455
"4282",22,12266958,1479,12268437,800,12269237,4418,12273655
"4283",22,12274174,2680,12276854,3034,12279888,2184,12282072
"4284",22,12282576,1128,12283704,1700,12285404,3518,12288922
"4285",22,12289429,1259,12290688,1816,12292504,3402,12295906
"4286",22,12296427,2077,12298504,1467,12299971,3751,12303722
"4287",22,12304238,1133,12305371,1584,12306955,3634,12310589
"4288",22,12311098,1123,12312221,867,12313088,4351,12317439
"4289",22,12317963,1908,12319871,1750,12321621,3468,12325089
"4290",22,12325580,2141,12327721,5967,12333688,1017,12334705
"4291",22,12335224,1847,12337071,1701,12338772,3517,12342289
"4292",22,12342798,1124,12343922,1333,12345255,3885,12349140
"4293",22,12349642,1130,12350772,1367,12352139,3851,12355990
"4294",22,12356482,1556,12358038,3484,12361522,1734,12363256
"4295",22,12363767,1555,12365322,1984,12367306,3234,12370540
"4296",22,12371048,4341,12375389,1900,12377289,3318,12380607
"4297",22,12381113,1126,12382239,1583,12383822,3635,12387457
"4298",22,12387946,1126,12389072,1367,12390439,3851,12394290
"4299",22,12394787,1302,12396089,750,12396839,4468,12401307
"4300",22,12401807,1132,12402939,1517,12404456,3701,12408157
"4301",22,12408672,1134,12409806,900,12410706,4318,12415024
"4302",22,12415528,2295,12417823,1367,12419190,3851,12423041
"4303",22,12423567,1123,12424690,3233,12427923,1984,12429907
"4304",22,12430398,1125,12431523,900,12432423,4318,12436741
"4305",22,12437233,2057,12439290,1850,12441140,3368,12444508
"4306",22,12445026,1130,12446156,1517,12447673,3701,12451374
"4307",22,12451894,1129,12453023,1334,12454357,3884,12458241
"4308",22,12458750,1123,12459873,2701,12462574,2517,12465091
"4309",22,12465593,1130,12466723,834,12467557,4384,12471941
"4310",22,12472457,1167,12473624,3150,12476774,2068,12478842
"4311",22,12479365,2009,12481374,1666,12483040,3552,12486592
"4312",22,12487096,1128,12488224,1150,12489374,4068,12493442
"4313",22,12493989,1135,12495124,3483,12498607,1735,12500342
"4314",22,12500862,3795,12504657,1634,12506291,3584,12509875
"4315",22,12510398,1126,12511524,1317,12512841,3901,12516742
"4316",22,12517250,1724,12518974,1534,12520508,3684,12524192
"4317",22,12524687,1954,12526641,1234,12527875,3984,12531859
"4318",22,12532397,1761,12534158,3233,12537391,1985,12539376
"4319",22,12539867,1124,12540991,1734,12542725,3484,12546209
"4320",22,12546714,1127,12547841,1651,12549492,3567,12553059
"4321",22,12553550,1125,12554675,3400,12558075,1818,12559893
"4322",22,12560408,1134,12561542,1183,12562725,4034,12566759
"4323",22,12567254,1138,12568392,1383,12569775,3835,12573610
"4324",22,12574102,2206,12576308,4701,12581009,1016,12582025
"4325",22,12582549,1126,12583675,1050,12584725,4168,12588893
"4326",22,12589404,1671,12591075,1567,12592642,3651,12596293
"4327",22,12596819,1123,12597942,967,12598909,4251,12603160
"4328",22,12603675,1134,12604809,1317,12606126,3901,12610027
"4329",22,12610560,1132,12611692,1300,12612992,3918,12616910
"4330",22,12617432,1127,12618559,967,12619526,4251,12623777
"4331",22,12624290,1136,12625426,1150,12626576,4068,12630644
"4332",22,12631158,1135,12632293,750,12633043,4467,12637510
"4333",22,12638025,1134,12639159,1584,12640743,3634,12644377
"4334",22,12644869,1574,12646443,900,12647343,4318,12651661
"4335",22,12652166,1127,12653293,1117,12654410,4101,12658511
"4336",22,12659014,1129,12660143,1017,12661160,4201,12665361
"4337",22,12665883,2960,12668843,2484,12671327,2734,12674061
"4338",22,12674587,1123,12675710,1133,12676843,4085,12680928
"4339",22,12681438,1122,12682560,1484,12684044,3734,12687778
"4340",22,12688297,1130,12689427,1617,12691044,3601,12694645
"4341",22,12695155,1122,12696277,1217,12697494,4001,12701495
"4342",22,12701989,2071,12704060,1334,12705394,3884,12709278
"4343",22,12709767,1127,12710894,1017,12711911,4201,12716112
"4344",22,12716603,1124,12717727,1734,12719461,3484,12722945
"4345",22,12723436,1125,12724561,1500,12726061,3717,12729778
"4346",22,12730286,1125,12731411,2633,12734044,2585,12736629
"4347",22,12737148,1296,12738444,1200,12739644,4018,12743662
"4348",22,12744186,1292,12745478,1950,12747428,3267,12750695
"4349",22,12751208,1136,12752344,1451,12753795,3767,12757562
"4350",22,12758072,1122,12759194,2051,12761245,3167,12764412
"4351",22,12764903,2125,12767028,1217,12768245,4001,12772246
"4352",22,12772750,1128,12773878,11067,12784945,1017,12785962
"4353",22,12786487,1125,12787612,2266,12789878,2951,12792829
"4354",22,12793339,1123,12794462,1233,12795695,3985,12799680
"4355",22,12800202,1127,12801329,1016,12802345,4201,12806546
"4356",22,12807052,1127,12808179,5416,12813595,1017,12814612
"4357",22,12815115,1630,12816745,834,12817579,4384,12821963
"4358",22,12822489,1290,12823779,1200,12824979,4018,12828997
"4359",22,12829508,1138,12830646,1433,12832079,3784,12835863
"4360",22,12836396,2066,12838462,2101,12840563,3117,12843680
"4361",22,12844167,2962,12847129,3267,12850396,1951,12852347
"4362",22,12852835,1411,12854246,2000,12856246,3218,12859464
"4363",22,12859977,1136,12861113,2967,12864080,2251,12866331
"4364",22,12866838,1125,12867963,1267,12869230,3951,12873181
"4365",22,12873702,1128,12874830,1283,12876113,3934,12880047
"4366",22,12880554,1676,12882230,833,12883063,4385,12887448
"4367",22,12887936,1127,12889063,850,12889913,4368,12894281
"4368",22,12894787,1126,12895913,967,12896880,4251,12901131
"4369",22,12901660,1137,12902797,833,12903630,4385,12908015
"4370",22,12908530,1283,12909813,3601,12913414,1617,12915031
"4371",22,12915552,1128,12916680,4400,12921080,1017,12922097
"4372",22,12922607,1373,12923980,1317,12925297,3901,12929198
"4373",22,12929701,1129,12930830,1201,12932031,4017,12936048
"4374",22,12936563,1134,12937697,2000,12939697,3218,12942915
"4375",22,12943436,1128,12944564,4134,12948698,1084,12949782
"4376",22,12950299,1132,12951431,1717,12953148,3501,12956649
"4377",22,12957154,1127,12958281,1650,12959931,3568,12963499
"4378",22,12963992,2372,12966364,1117,12967481,4101,12971582
"4379",22,12972087,1127,12973214,2051,12975265,3167,12978432
"4380",22,12978922,1126,12980048,1850,12981898,3368,12985266
"4381",22,12985785,1846,12987631,1467,12989098,3751,12992849
"4382",22,12993360,1121,12994481,751,12995232,4467,12999699
"4383",22,13000192,2556,13002748,1450,13004198,3768,13007966
"4384",22,13008488,2160,13010648,1200,13011848,4018,13015866
"4385",22,13016356,1309,13017665,850,13018515,4368,13022883
"4386",22,13023387,1128,13024515,767,13025282,4451,13029733
"4387",22,13030241,1174,13031415,1500,13032915,3718,13036633
"4388",22,13037146,1136,13038282,2317,13040599,2901,13043500
"4389",22,13044003,1129,13045132,1200,13046332,4018,13050350
"4390",22,13050858,3324,13054182,1150,13055332,4068,13059400
"4391",22,13059901,1131,13061032,801,13061833,4417,13066250
"4392",22,13066769,1130,13067899,3551,13071450,1667,13073117
"4393",22,13073604,1129,13074733,1400,13076133,3818,13079951
"4394",22,13080446,1387,13081833,783,13082616,4435,13087051
"4395",22,13087574,1125,13088699,2151,13090850,3067,13093917
"4396",22,13094418,1131,13095549,1801,13097350,3417,13100767
"4397",22,13101273,4060,13105333,2100,13107433,3118,13110551
"4398",22,13111065,1185,13112250,4333,13116583,1017,13117600
"4399",22,13118115,1135,13119250,833,13120083,4385,13124468
"4400",22,13124970,1130,13126100,1100,13127200,4118,13131318
"4401",23,14896584,1759,14898343,1784,14900127,3434,14903561
"4402",23,14904074,1319,14905393,1384,14906777,3834,14910611
"4403",23,14911102,1125,14912227,2017,14914244,3201,14917445
"4404",23,14917949,1128,14919077,3800,14922877,1418,14924295
"4405",23,14924806,1138,14925944,2367,14928311,2851,14931162
"4406",23,14931650,2027,14933677,3317,14936994,1901,14938895
"4407",23,14939407,1137,14940544,1517,14942061,3701,14945762
"4408",23,14946281,1130,14947411,3867,14951278,1350,14952628
"4409",23,14953137,2057,14955194,3917,14959111,1301,14960412
"4410",23,14960924,1137,14962061,1183,14963244,4035,14967279
"4411",23,14967792,1136,14968928,1583,14970511,3634,14974145
"4412",23,14974663,1131,14975794,1401,14977195,3817,14981012
"4413",23,14981537,1124,14982661,1301,14983962,3917,14987879
"4414",23,14988385,1360,14989745,2533,14992278,2685,14994963
"4415",23,14995467,1128,14996595,2183,14998778,3035,15001813
"4416",23,15002321,1324,15003645,2683,15006328,2535,15008863
"4417",23,15009351,1127,15010478,917,15011395,4301,15015696
"4418",23,15016198,1130,15017328,2151,15019479,3067,15022546
"4419",23,15023041,1137,15024178,4934,15029112,1017,15030129
"4420",23,15030645,1134,15031779,1617,15033396,3600,15036996
"4421",23,15037503,1292,15038795,1334,15040129,3884,15044013
"4422",23,15044532,1130,15045662,1250,15046912,3968,15050880
"4423",23,15051409,1137,15052546,2967,15055513,2251,15057764
"4424",23,15058282,1130,15059412,1917,15061329,3301,15064630
"4425",23,15065141,1122,15066263,1066,15067329,4151,15071480
"4426",23,15071994,1135,15073129,1350,15074479,3868,15078347
"4427",23,15078858,1121,15079979,1134,15081113,4084,15085197
"4428",23,15085718,1128,15086846,1484,15088330,3734,15092064
"4429",23,15092575,1121,15093696,3700,15097396,1518,15098914
"4430",23,15099420,1393,15100813,1434,15102247,3784,15106031
"4431",23,15106554,1126,15107680,1333,15109013,3885,15112898
"4432",23,15113401,1129,15114530,1467,15115997,3751,15119748
"4433",23,15120239,1124,15121363,3184,15124547,2034,15126581
"4434",23,15127096,1301,15128397,883,15129280,4335,15133615
"4435",23,15134136,1127,15135263,2284,15137547,2934,15140481
"4436",23,15140993,1137,15142130,1167,15143297,4051,15147348
"4437",23,15147865,1349,15149214,1083,15150297,4135,15154432
"4438",23,15154942,1122,15156064,1783,15157847,3435,15161282
"4439",23,15161791,1123,15162914,733,15163647,4485,15168132
"4440",23,15168650,1281,15169931,1917,15171848,3301,15175149
"4441",23,15175654,1127,15176781,1817,15178598,3401,15181999
"4442",23,15182495,1136,15183631,3017,15186648,2201,15188849
"4443",23,15189368,1263,15190631,2700,15193331,2518,15195849
"4444",23,15196354,1127,15197481,4617,15202098,1017,15203115
"4445",23,15203605,1360,15204965,1300,15206265,3917,15210182
"4446",23,15210711,1137,15211848,717,15212565,4501,15217066
"4447",23,15217579,1136,15218715,1750,15220465,3468,15223933
"4448",23,15224450,1132,15225582,1100,15226682,4117,15230799
"4449",23,15231305,1127,15232432,1233,15233665,3985,15237650
"4450",23,15238168,1130,15239298,1067,15240365,4151,15244516
"4451",23,15245024,1124,15246148,784,15246932,4434,15251366
"4452",23,15251881,1134,15253015,1534,15254549,3684,15258233
"4453",23,15258718,1131,15259849,1283,15261132,3935,15265067
"4454",23,15265554,1128,15266682,1751,15268433,3467,15271900
"4455",23,15272404,1128,15273532,984,15274516,4234,15278750
"4456",23,15279265,1134,15280399,1517,15281916,3701,15285617
"4457",23,15286128,1171,15287299,1834,15289133,3384,15292517
"4458",23,15293015,1134,15294149,2450,15296599,2768,15299367
"4459",23,15299878,1338,15301216,1383,15302599,3835,15306434
"4460",23,15306950,1350,15308300,2016,15310316,3201,15313517
"4461",23,15314008,1125,15315133,1250,15316383,3968,15320351
"4462",23,15320863,1137,15322000,1000,15323000,4218,15327218
"4463",23,15327734,1132,15328866,2767,15331633,2451,15334084
"4464",23,15334589,1128,15335717,966,15336683,4252,15340935
"4465",23,15341424,1126,15342550,1250,15343800,3968,15347768
"4466",23,15348269,1131,15349400,767,15350167,4451,15354618
"4467",23,15355132,1135,15356267,1150,15357417,4068,15361485
"4468",23,15362000,1284,15363284,1216,15364500,4002,15368502
"4469",23,15369003,1131,15370134,1150,15371284,4067,15375351
"4470",23,15375883,1134,15377017,734,15377751,4484,15382235
"4471",23,15382757,1127,15383884,1217,15385101,4001,15389102
"4472",23,15389608,1126,15390734,1284,15392018,3934,15395952
"4473",23,15396467,1134,15397601,1417,15399018,3801,15402819
"4474",23,15403344,1124,15404468,683,15405151,4535,15409686
"4475",23,15410191,1127,15411318,1733,15413051,3485,15416536
"4476",23,15417047,1304,15418351,900,15419251,4318,15423569
"4477",23,15424080,1288,15425368,2583,15427951,2635,15430586
"4478",23,15431114,1304,15432418,1367,15433785,3851,15437636
"4479",23,15438164,1137,15439301,1701,15441002,3517,15444519
"4480",23,15445039,2413,15447452,1316,15448768,3902,15452670
"4481",23,15453190,1128,15454318,1267,15455585,3951,15459536
"4482",23,15460036,1132,15461168,717,15461885,4501,15466386
"4483",23,15466892,1127,15468019,1816,15469835,3402,15473237
"4484",23,15473774,1128,15474902,1950,15476852,3268,15480120
"4485",23,15480634,1135,15481769,2283,15484052,2935,15486987
"4486",23,15487501,1518,15489019,883,15489902,4335,15494237
"4487",23,15494739,1147,15495886,1217,15497103,4001,15501104
"4488",23,15501633,1569,15503202,2284,15505486,2934,15508420
"4489",23,15508905,1131,15510036,4100,15514136,1118,15515254
"4490",23,15515775,1244,15517019,1100,15518119,4118,15522237
"4491",23,15522726,1127,15523853,1417,15525270,3801,15529071
"4492",23,15529559,1194,15530753,1700,15532453,3518,15535971
"4493",23,15536480,1240,15537720,833,15538553,4384,15542937
"4494",23,15543434,1136,15544570,1017,15545587,4201,15549788
"4495",23,15550295,1125,15551420,1683,15553103,3535,15556638
"4496",23,15557153,1134,15558287,1150,15559437,4068,15563505
"4497",23,15564007,1130,15565137,1983,15567120,3235,15570355
"4498",23,15570870,1133,15572003,1101,15573104,4117,15577221
"4499",23,15577712,1125,15578837,1317,15580154,3901,15584055
"4500",23,15584561,1126,15585687,1184,15586871,4034,15590905
"4501",23,15591398,1122,15592520,884,15593404,4334,15597738
"4502",23,15598244,1127,15599371,2166,15601537,3051,15604588
"4503",23,15605103,1134,15606237,884,15607121,4334,15611455
"4504",23,15611971,1133,15613104,900,15614004,4318,15618322
"4505",23,15618813,1124,15619937,634,15620571,4584,15625155
"4506",23,15625668,1136,15626804,751,15627555,4467,15632022
"4507",23,15632525,1129,15633654,4867,15638521,1017,15639538
"4508",23,15640066,1122,15641188,733,15641921,4485,15646406
"4509",23,15646901,1137,15648038,617,15648655,4601,15653256
"4510",23,15653749,1122,15654871,2901,15657772,2317,15660089
"4511",23,15660613,1192,15661805,1250,15663055,3968,15667023
"4512",23,15667548,1124,15668672,4650,15673322,1016,15674338
"4513",23,15674841,1131,15675972,1317,15677289,3900,15681189
"4514",23,15681693,1129,15682822,2217,15685039,3001,15688040
"4515",23,15688544,1378,15689922,817,15690739,4401,15695140
"4516",23,15695653,1136,15696789,917,15697706,4301,15702007
"4517",23,15702509,1280,15703789,1217,15705006,4001,15709007
"4518",23,15709518,1138,15710656,950,15711606,4267,15715873
"4519",23,15716374,1132,15717506,1167,15718673,4051,15722724
"4520",23,15723237,1135,15724372,1301,15725673,3917,15729590
"4521",23,15730092,1397,15731489,2334,15733823,2884,15736707
"4522",23,15737195,1461,15738656,1817,15740473,3401,15743874
"4523",23,15744385,1121,15745506,1667,15747173,3551,15750724
"4524",23,15751237,1286,15752523,1417,15753940,3801,15757741
"4525",23,15758266,1124,15759390,2000,15761390,3218,15764608
"4526",23,15765099,1124,15766223,967,15767190,4251,15771441
"4527",23,15771938,1135,15773073,1884,15774957,3334,15778291
"4528",23,15778809,1131,15779940,800,15780740,4418,15785158
"4529",23,15785673,1784,15787457,1050,15788507,4168,15792675
"4530",23,15793184,1540,15794724,1600,15796324,3618,15799942
"4531",23,15800444,1130,15801574,733,15802307,4485,15806792
"4532",23,15807332,1125,15808457,700,15809157,4518,15813675
"4533",23,15814191,1133,15815324,833,15816157,4385,15820542
"4534",23,15821045,1129,15822174,1450,15823624,3768,15827392
"4535",23,15827892,1132,15829024,1417,15830441,3801,15834242
"4536",23,15834766,1325,15836091,1350,15837441,3868,15841309
"4537",23,15841810,1131,15842941,1117,15844058,4101,15848159
"4538",23,15848648,1127,15849775,1050,15850825,4167,15854992
"4539",23,15855526,1132,15856658,1317,15857975,3901,15861876
"4540",23,15862400,1125,15863525,1083,15864608,4134,15868742
"4541",23,15869269,1122,15870391,1134,15871525,4084,15875609
"4542",23,15876113,1128,15877241,1701,15878942,3517,15882459
"4543",23,15882958,1767,15884725,1333,15886058,3885,15889943
"4544",23,15890444,1381,15891825,1467,15893292,3751,15897043
"4545",23,15897563,1129,15898692,1000,15899692,4218,15903910
"4546",23,15904419,1123,15905542,867,15906409,4351,15910760
"4547",23,15911277,1315,15912592,850,15913442,4368,15917810
"4548",23,15918326,1366,15919692,1817,15921509,3401,15924910
"4549",23,15925418,1324,15926742,967,15927709,4251,15931960
"4550",23,15932496,1863,15934359,1617,15935976,3601,15939577
"4551",23,15940088,1138,15941226,1150,15942376,4068,15946444
"4552",23,15946969,1124,15948093,833,15948926,4384,15953310
"4553",23,15953814,1129,15954943,850,15955793,4368,15960161
"4554",23,15960680,1863,15962543,1117,15963660,4101,15967761
"4555",23,15968277,2016,15970293,933,15971226,4285,15975511
"4556",23,15976002,1124,15977126,850,15977976,4368,15982344
"4557",23,15982846,1130,15983976,1501,15985477,3717,15989194
"4558",23,15989711,1132,15990843,1917,15992760,3301,15996061
"4559",23,15996568,1125,15997693,684,15998377,4534,16002911
"4560",23,16003424,1136,16004560,767,16005327,4451,16009778
"4561",23,16010304,1123,16011427,1300,16012727,3918,16016645
"4562",23,16017131,1129,16018260,784,16019044,4434,16023478
"4563",23,16023994,1133,16025127,967,16026094,4251,16030345
"4564",23,16030859,1135,16031994,783,16032777,4435,16037212
"4565",23,16037711,1133,16038844,667,16039511,4551,16044062
"4566",23,16044579,1132,16045711,1417,16047128,3801,16050929
"4567",23,16051422,1122,16052544,1350,16053894,3868,16057762
"4568",23,16058276,1135,16059411,1117,16060528,4101,16064629
"4569",23,16065138,1123,16066261,1034,16067295,4184,16071479
"4570",23,16071983,1128,16073111,650,16073761,4568,16078329
"4571",23,16078820,1124,16079944,3467,16083411,1751,16085162
"4572",23,16085659,3319,16088978,1067,16090045,4151,16094196
"4573",23,16094702,1126,16095828,1350,16097178,3868,16101046
"4574",23,16101565,1130,16102695,2300,16104995,2918,16107913
"4575",23,16108430,1132,16109562,1250,16110812,3968,16114780
"4576",23,16115304,1124,16116428,1101,16117529,4117,16121646
"4577",23,16122157,1121,16123278,2034,16125312,3184,16128496
"4578",23,16129012,1300,16130312,1550,16131862,3668,16135530
"4579",23,16136030,3232,16139262,1484,16140746,3734,16144480
"4580",23,16145003,1109,16146112,767,16146879,4451,16151330
"4581",23,16151843,1369,16153212,1084,16154296,4134,16158430
"4582",23,16158954,1125,16160079,934,16161013,4284,16165297
"4583",23,16165813,1133,16166946,1217,16168163,4001,16172164
"4584",23,16172682,1414,16174096,850,16174946,4368,16179314
"4585",23,16179830,1333,16181163,1200,16182363,4017,16186380
"4586",23,16186898,1365,16188263,2467,16190730,2751,16193481
"4587",23,16193986,1127,16195113,1634,16196747,3584,16200331
"4588",23,16200819,1127,16201946,1401,16203347,3817,16207164
"4589",23,16207673,1123,16208796,1484,16210280,3734,16214014
"4590",23,16214507,1123,16215630,783,16216413,4435,16220848
"4591",23,16221340,1123,16222463,801,16223264,4417,16227681
"4592",23,16228185,1128,16229313,834,16230147,4384,16234531
"4593",23,16235047,1133,16236180,884,16237064,4334,16241398
"4594",23,16241911,1136,16243047,917,16243964,4301,16248265
"4595",23,16248771,1126,16249897,850,16250747,4368,16255115
"4596",23,16255601,1130,16256731,966,16257697,4252,16261949
"4597",23,16262460,1137,16263597,1150,16264747,4068,16268815
"4598",23,16269346,1135,16270481,1133,16271614,4085,16275699
"4599",23,16276212,1135,16277347,1667,16279014,3551,16282565
"4600",23,16283083,1348,16284431,1183,16285614,4035,16289649
"4601",24,18833204,1299,18834503,4500,18839003,1017,18840020
"4602",24,18840546,1124,18841670,2600,18844270,2618,18846888
"4603",24,18847389,1197,18848586,1251,18849837,3967,18853804
"4604",24,18854306,1130,18855436,2001,18857437,3217,18860654
"4605",24,18861165,1138,18862303,2601,18864904,2617,18867521
"4606",24,18868016,1137,18869153,4117,18873270,1101,18874371
"4607",24,18874891,1129,18876020,1550,18877570,3668,18881238
"4608",24,18881746,1124,18882870,2717,18885587,2501,18888088
"4609",24,18888595,1125,18889720,1550,18891270,3668,18894938
"4610",24,18895452,1135,18896587,5350,18901937,1017,18902954
"4611",24,18903462,1125,18904587,3050,18907637,2168,18909805
"4612",24,18910321,1133,18911454,3317,18914771,1901,18916672
"4613",24,18917191,1130,18918321,3533,18921854,1684,18923538
"4614",24,18924049,1122,18925171,3417,18928588,1801,18930389
"4615",24,18930897,1124,18932021,1533,18933554,3685,18937239
"4616",24,18937752,1136,18938888,3433,18942321,1784,18944105
"4617",24,18944616,1122,18945738,2967,18948705,2251,18950956
"4618",24,18951484,1137,18952621,2134,18954755,3084,18957839
"4619",24,18958342,1129,18959471,3200,18962671,2018,18964689
"4620",24,18965201,1137,18966338,1267,18967605,3951,18971556
"4621",24,18972060,1128,18973188,2367,18975555,2851,18978406
"4622",24,18978929,1126,18980055,1867,18981922,3351,18985273
"4623",24,18985760,1128,18986888,2367,18989255,2851,18992106
"4624",24,18992607,1131,18993738,1717,18995455,3501,18998956
"4625",24,18999469,1136,19000605,2600,19003205,2618,19005823
"4626",24,19006310,1129,19007439,2167,19009606,3051,19012657
"4627",24,19013160,1129,19014289,1733,19016022,3485,19019507
"4628",24,19020021,1135,19021156,6966,19028122,1017,19029139
"4629",24,19029657,1132,19030789,2217,19033006,3001,19036007
"4630",24,19036517,1122,19037639,1684,19039323,3534,19042857
"4631",24,19043360,1129,19044489,3000,19047489,2218,19049707
"4632",24,19050225,1898,19052123,4967,19057090,1016,19058106
"4633",24,19058591,1132,19059723,1467,19061190,3751,19064941
"4634",24,19065442,1131,19066573,2400,19068973,2818,19071791
"4635",24,19072279,1127,19073406,2401,19075807,2817,19078624
"4636",24,19079129,1127,19080256,2284,19082540,2934,19085474
"4637",24,19085997,1126,19087123,3617,19090740,1601,19092341
"4638",24,19092830,1127,19093957,2450,19096407,2768,19099175
"4639",24,19099677,1130,19100807,4983,19105790,1017,19106807
"4640",24,19107315,1225,19108540,1584,19110124,3634,19113758
"4641",24,19114259,1998,19116257,3917,19120174,1301,19121475
"4642",24,19121962,1128,19123090,7718,19130808,1016,19131824
"4643",24,19132318,1122,19133440,2918,19136358,2300,19138658
"4644",24,19139172,3535,19142707,1934,19144641,3284,19147925
"4645",24,19148427,1130,19149557,4267,19153824,1017,19154841
"4646",24,19155352,1122,19156474,3584,19160058,1634,19161692
"4647",24,19162200,1124,19163324,3067,19166391,2151,19168542
"4648",24,19169034,1124,19170158,1733,19171891,3485,19175376
"4649",24,19175890,1135,19177025,3850,19180875,1367,19182242
"4650",24,19182748,1127,19183875,2383,19186258,2835,19189093
"4651",24,19189607,1134,19190741,2001,19192742,3217,19195959
"4652",24,19196447,1128,19197575,1033,19198608,4185,19202793
"4653",24,19203298,2110,19205408,3234,19208642,1984,19210626
"4654",24,19211128,1130,19212258,1501,19213759,3717,19217476
"4655",24,19217996,2179,19220175,3967,19224142,1251,19225393
"4656",24,19225915,1277,19227192,1334,19228526,3884,19232410
"4657",24,19232941,1134,19234075,1701,19235776,3517,19239293
"4658",24,19239829,1280,19241109,2317,19243426,2901,19246327
"4659",24,19246838,1138,19247976,2983,19250959,2234,19253193
"4660",24,19253700,1259,19254959,4434,19259393,1016,19260409
"4661",24,19260947,1212,19262159,5434,19267593,1017,19268610
"4662",24,19269103,1223,19270326,2000,19272326,3218,19275544
"4663",24,19276059,1134,19277193,3300,19280493,1918,19282411
"4664",24,19282903,1123,19284026,1367,19285393,3851,19289244
"4665",24,19289731,1279,19291010,1350,19292360,3867,19296227
"4666",24,19296719,1124,19297843,1784,19299627,3434,19303061
"4667",24,19303576,1134,19304710,4383,19309093,1017,19310110
"4668",24,19310610,1133,19311743,1200,19312943,4018,19316961
"4669",24,19317474,1136,19318610,1734,19320344,3484,19323828
"4670",24,19324332,1128,19325460,3017,19328477,2201,19330678
"4671",24,19331166,1227,19332393,3284,19335677,1934,19337611
"4672",24,19338118,1292,19339410,2601,19342011,2617,19344628
"4673",24,19345149,1128,19346277,2917,19349194,2301,19351495
"4674",24,19351987,1174,19353161,6100,19359261,1017,19360278
"4675",24,19360769,1125,19361894,1417,19363311,3801,19367112
"4676",24,19367622,1122,19368744,1900,19370644,3318,19373962
"4677",24,19374487,1124,19375611,1850,19377461,3368,19380829
"4678",24,19381321,2123,19383444,1451,19384895,3767,19388662
"4679",24,19389172,1122,19390294,2451,19392745,2767,19395512
"4680",24,19396034,1127,19397161,3300,19400461,1918,19402379
"4681",24,19402889,1322,19404211,2534,19406745,2684,19409429
"4682",24,19409934,1261,19411195,1100,19412295,4118,19416413
"4683",24,19416926,1136,19418062,4683,19422745,1017,19423762
"4684",24,19424263,1249,19425512,2483,19427995,2735,19430730
"4685",24,19431251,1128,19432379,1283,19433662,3934,19437596
"4686",24,19438105,2724,19440829,2566,19443395,2652,19446047
"4687",24,19446563,1282,19447845,2151,19449996,3067,19453063
"4688",24,19453577,1135,19454712,2434,19457146,2784,19459930
"4689",24,19460444,1135,19461579,3834,19465413,1384,19466797
"4690",24,19467315,1164,19468479,1034,19469513,4184,19473697
"4691",24,19474211,1285,19475496,3667,19479163,1551,19480714
"4692",24,19481230,1133,19482363,1466,19483829,3751,19487580
"4693",24,19488088,1125,19489213,2733,19491946,2484,19494430
"4694",24,19494943,1320,19496263,4583,19500846,1017,19501863
"4695",24,19502385,1995,19504380,1983,19506363,3234,19509597
"4696",24,19510109,1137,19511246,1751,19512997,3467,19516464
"4697",24,19517000,2513,19519513,1651,19521164,3567,19524731
"4698",24,19525222,1125,19526347,1833,19528180,3384,19531564
"4699",24,19532084,1296,19533380,3884,19537264,1334,19538598
"4700",24,19539087,1243,19540330,2534,19542864,2684,19545548
"4701",24,19546064,1283,19547347,2267,19549614,2951,19552565
"4702",24,19553069,1161,19554230,3167,19557397,2051,19559448
"4703",24,19559940,1124,19561064,2433,19563497,2785,19566282
"4704",24,19566799,1132,19567931,2400,19570331,2817,19573148
"4705",24,19573664,1133,19574797,2250,19577047,2968,19580015
"4706",24,19580522,1125,19581647,2534,19584181,2684,19586865
"4707",24,19587365,1282,19588647,2684,19591331,2534,19593865
"4708",24,19594393,1121,19595514,1851,19597365,3367,19600732
"4709",24,19601251,1130,19602381,1634,19604015,3584,19607599
"4710",24,19608087,1128,19609215,1716,19610931,3501,19614432
"4711",24,19614936,2545,19617481,5151,19622632,1016,19623648
"4712",24,19624148,1133,19625281,2534,19627815,2684,19630499
"4713",24,19631010,2555,19633565,2383,19635948,2835,19638783
"4714",24,19639312,1136,19640448,2117,19642565,3101,19645666
"4715",24,19646168,1230,19647398,2101,19649499,3117,19652616
"4716",24,19653140,3909,19657049,1883,19658932,3334,19662266
"4717",24,19662794,1138,19663932,833,19664765,4385,19669150
"4718",24,19669657,1125,19670782,2067,19672849,3151,19676000
"4719",24,19676488,1444,19677932,5001,19682933,1016,19683949
"4720",24,19684467,3515,19687982,3067,19691049,2151,19693200
"4721",24,19693722,1294,19695016,2533,19697549,2685,19700234
"4722",24,19700739,3377,19704116,1783,19705899,3435,19709334
"4723",24,19709823,1126,19710949,1951,19712900,3267,19716167
"4724",24,19716685,2348,19719033,1033,19720066,4185,19724251
"4725",24,19724759,1124,19725883,1517,19727400,3701,19731101
"4726",24,19731616,1134,19732750,1933,19734683,3285,19737968
"4727",24,19738485,4032,19742517,1733,19744250,3484,19747734
"4728",24,19748223,1260,19749483,2067,19751550,3151,19754701
"4729",24,19755209,1124,19756333,751,19757084,4467,19761551
"4730",24,19762069,1131,19763200,4750,19767950,1017,19768967
"4731",24,19769459,1708,19771167,1500,19772667,3718,19776385
"4732",24,19776899,1268,19778167,3483,19781650,1735,19783385
"4733",24,19783909,1125,19785034,3600,19788634,1618,19790252
"4734",24,19790764,1303,19792067,2017,19794084,3201,19797285
"4735",24,19797797,1470,19799267,1267,19800534,3951,19804485
"4736",24,19805008,1259,19806267,2484,19808751,2734,19811485
"4737",24,19811979,2889,19814868,1883,19816751,3335,19820086
"4738",24,19820597,1137,19821734,1834,19823568,3384,19826952
"4739",24,19827468,1867,19829335,1666,19831001,3551,19834552
"4740",24,19835080,1121,19836201,2901,19839102,2317,19841419
"4741",24,19841930,1138,19843068,1367,19844435,3851,19848286
"4742",24,19848783,2502,19851285,883,19852168,4335,19856503
"4743",24,19857018,1134,19858152,1367,19859519,3851,19863370
"4744",24,19863878,1124,19865002,1050,19866052,4168,19870220
"4745",24,19870736,1399,19872135,3184,19875319,2034,19877353
"4746",24,19877856,1179,19879035,1600,19880635,3618,19884253
"4747",24,19884758,5177,19889935,1634,19891569,3584,19895153
"4748",24,19895643,1126,19896769,1467,19898236,3751,19901987
"4749",24,19902504,1132,19903636,3317,19906953,1901,19908854
"4750",24,19909356,1130,19910486,1250,19911736,3968,19915704
"4751",24,19916222,1130,19917352,1751,19919103,3467,19922570
"4752",24,19923059,1127,19924186,2767,19926953,2451,19929404
"4753",24,19929922,1131,19931053,1650,19932703,3568,19936271
"4754",24,19936791,1129,19937920,1150,19939070,4067,19943137
"4755",24,19943642,1128,19944770,8017,19952787,1016,19953803
"4756",24,19954314,1122,19955436,4034,19959470,1184,19960654
"4757",24,19961179,1124,19962303,1534,19963837,3684,19967521
"4758",24,19968030,1107,19969137,1633,19970770,3585,19974355
"4759",24,19974884,1270,19976154,1833,19977987,3384,19981371
"4760",24,19981890,1130,19983020,2217,19985237,3001,19988238
"4761",24,19988751,1136,19989887,2050,19991937,3168,19995105
"4762",24,19995622,1282,19996904,950,19997854,4268,20002122
"4763",24,20002633,5321,20007954,1767,20009721,3451,20013172
"4764",24,20013675,1129,20014804,1084,20015888,4134,20020022
"4765",24,20020549,1122,20021671,2033,20023704,3185,20026889
"4766",24,20027386,1135,20028521,3667,20032188,1551,20033739
"4767",24,20034257,1131,20035388,2150,20037538,3068,20040606
"4768",24,20041130,1274,20042404,2417,20044821,2801,20047622
"4769",24,20048135,1286,20049421,4917,20054338,1017,20055355
"4770",24,20055843,1495,20057338,3050,20060388,2168,20062556
"4771",24,20063051,1220,20064271,1734,20066005,3484,20069489
"4772",24,20070001,1137,20071138,1400,20072538,3818,20076356
"4773",24,20076875,3980,20080855,1134,20081989,4084,20086073
"4774",24,20086583,1822,20088405,2384,20090789,2834,20093623
"4775",24,20094131,1124,20095255,1300,20096555,3918,20100473
"4776",24,20100962,1277,20102239,1367,20103606,3851,20107457
"4777",24,20107960,1929,20109889,833,20110722,4385,20115107
"4778",24,20115606,2283,20117889,1517,20119406,3701,20123107
"4779",24,20123603,6153,20129756,700,20130456,4518,20134974
"4780",24,20135490,1133,20136623,1883,20138506,3334,20141840
"4781",24,20142341,1132,20143473,2383,20145856,2835,20148691
"4782",24,20149180,1126,20150306,1567,20151873,3651,20155524
"4783",24,20156037,1136,20157173,1350,20158523,3868,20162391
"4784",24,20162895,1278,20164173,9867,20174040,1017,20175057
"4785",24,20175547,1126,20176673,1667,20178340,3551,20181891
"4786",24,20182397,1126,20183523,1800,20185323,3418,20188741
"4787",24,20189224,1983,20191207,1617,20192824,3601,20196425
"4788",24,20196908,1699,20198607,1300,20199907,3918,20203825
"4789",24,20204313,1644,20205957,1900,20207857,3318,20211175
"4790",24,20211690,1134,20212824,2517,20215341,2701,20218042
"4791",24,20218555,1136,20219691,3666,20223357,1551,20224908
"4792",24,20225421,1136,20226557,1234,20227791,3984,20231775
"4793",24,20232281,2410,20234691,1767,20236458,3451,20239909
"4794",24,20240424,1133,20241557,4551,20246108,1016,20247124
"4795",24,20247639,1135,20248774,1500,20250274,3718,20253992
"4796",24,20254495,1129,20255624,2017,20257641,3201,20260842
"4797",24,20261362,1129,20262491,1234,20263725,3984,20267709
"4798",24,20268222,1869,20270091,1051,20271142,4167,20275309
"4799",24,20275826,1132,20276958,1067,20278025,4151,20282176
"4800",24,20282695,3513,20286208,3384,20289592,1834,20291426
"4801",25,22727395,4067,22731462,6801,22738263,1016,22739279
"4802",25,22739776,1620,22741396,2617,22744013,2601,22746614
"4803",25,22747125,1121,22748246,2000,22750246,3218,22753464
"4804",25,22753980,1133,22755113,1617,22756730,3601,22760331
"4805",25,22760836,1127,22761963,2617,22764580,2601,22767181
"4806",25,22767697,1133,22768830,3250,22772080,1967,22774047
"4807",25,22774539,1124,22775663,1400,22777063,3818,22780881
"4808",25,22781399,1414,22782813,1851,22784664,3367,22788031
"4809",25,22788537,1260,22789797,2350,22792147,2868,22795015
"4810",25,22795536,1127,22796663,4201,22800864,1017,22801881
"4811",25,22802402,1262,22803664,1666,22805330,3551,22808881
"4812",25,22809384,1396,22810780,2234,22813014,2984,22815998
"4813",25,22816505,1125,22817630,3267,22820897,1951,22822848
"4814",25,22823369,1661,22825030,4234,22829264,1017,22830281
"4815",25,22830771,1126,22831897,5601,22837498,1016,22838514
"4816",25,22839037,1127,22840164,1684,22841848,3534,22845382
"4817",25,22845889,1125,22847014,3184,22850198,2034,22852232
"4818",25,22852718,1413,22854131,3400,22857531,1818,22859349
"4819",25,22859864,1134,22860998,4667,22865665,1016,22866681
"4820",25,22867182,1383,22868565,2383,22870948,2834,22873782
"4821",25,22874304,1127,22875431,2267,22877698,2951,22880649
"4822",25,22881165,1133,22882298,4217,22886515,1017,22887532
"4823",25,22888012,1236,22889248,2634,22891882,2584,22894466
"4824",25,22894983,1265,22896248,3350,22899598,1868,22901466
"4825",25,22901983,1132,22903115,2550,22905665,2668,22908333
"4826",25,22908836,1129,22909965,4350,22914315,1017,22915332
"4827",25,22915828,1137,22916965,1967,22918932,3251,22922183
"4828",25,22922706,1126,22923832,1400,22925232,3818,22929050
"4829",25,22929572,1127,22930699,1850,22932549,3368,22935917
"4830",25,22936427,1122,22937549,2350,22939899,2868,22942767
"4831",25,22943291,1425,22944716,3767,22948483,1450,22949933
"4832",25,22950454,1262,22951716,1583,22953299,3635,22956934
"4833",25,22957435,1131,22958566,3083,22961649,2135,22963784
"4834",25,22964289,1294,22965583,2500,22968083,2718,22970801
"4835",25,22971312,1137,22972449,4784,22977233,1017,22978250
"4836",25,22978773,1243,22980016,1517,22981533,3701,22985234
"4837",25,22985750,1416,22987166,1817,22988983,3401,22992384
"4838",25,22992905,1311,22994216,3817,22998033,1401,22999434
"4839",25,22999937,1130,23001067,5850,23006917,1017,23007934
"4840",25,23008450,1150,23009600,1467,23011067,3751,23014818
"4841",25,23015344,1323,23016667,2217,23018884,3001,23021885
"4842",25,23022411,1123,23023534,1200,23024734,4018,23028752
"4843",25,23029251,1133,23030384,4933,23035317,1017,23036334
"4844",25,23036852,1282,23038134,3200,23041334,2018,23043352
"4845",25,23043844,1123,23044967,2434,23047401,2784,23050185
"4846",25,23050701,1283,23051984,1717,23053701,3501,23057202
"4847",25,23057694,1390,23059084,1734,23060818,3484,23064302
"4848",25,23064806,1362,23066168,3900,23070068,1318,23071386
"4849",25,23071878,1290,23073168,2067,23075235,3151,23078386
"4850",25,23078894,1190,23080084,1234,23081318,3984,23085302
"4851",25,23085820,1131,23086951,1484,23088435,3734,23092169
"4852",25,23092674,1411,23094085,4350,23098435,1017,23099452
"4853",25,23099948,1270,23101218,1367,23102585,3851,23106436
"4854",25,23106946,1122,23108068,2600,23110668,2618,23113286
"4855",25,23113804,2581,23116385,2334,23118719,2884,23121603
"4856",25,23122107,1311,23123418,10051,23133469,1016,23134485
"4857",25,23135014,2805,23137819,5300,23143119,1017,23144136
"4858",25,23144638,2481,23147119,1483,23148602,3735,23152337
"4859",25,23152847,1339,23154186,2617,23156803,2600,23159403
"4860",25,23159908,1128,23161036,4633,23165669,1017,23166686
"4861",25,23167196,1656,23168852,3151,23172003,2067,23174070
"4862",25,23174589,1330,23175919,4634,23180553,1017,23181570
"4863",25,23182073,3046,23185119,1684,23186803,3534,23190337
"4864",25,23190827,1443,23192270,1950,23194220,3267,23197487
"4865",25,23197988,1132,23199120,2133,23201253,3085,23204338
"4866",25,23204860,1360,23206220,4367,23210587,1016,23211603
"4867",25,23212118,2252,23214370,1667,23216037,3551,23219588
"4868",25,23220101,1786,23221887,2383,23224270,2835,23227105
"4869",25,23227625,1328,23228953,1251,23230204,3967,23234171
"4870",25,23234674,1129,23235803,4151,23239954,1068,23241022
"4871",25,23241543,1294,23242837,3117,23245954,2101,23248055
"4872",25,23248566,4171,23252737,1184,23253921,4034,23257955
"4873",25,23258460,1377,23259837,1367,23261204,3851,23265055
"4874",25,23265565,1939,23267504,3367,23270871,1851,23272722
"4875",25,23273226,1378,23274604,1434,23276038,3784,23279822
"4876",25,23280341,1130,23281471,3383,23284854,1835,23286689
"4877",25,23287190,1414,23288604,3834,23292438,1384,23293822
"4878",25,23294334,1337,23295671,1600,23297271,3618,23300889
"4879",25,23301393,1128,23302521,4067,23306588,1151,23307739
"4880",25,23308265,2923,23311188,6167,23317355,1017,23318372
"4881",25,23318890,1131,23320021,2184,23322205,3034,23325239
"4882",25,23325744,2628,23328372,1050,23329422,4167,23333589
"4883",25,23334091,1264,23335355,2067,23337422,3151,23340573
"4884",25,23341090,1298,23342388,3351,23345739,1867,23347606
"4885",25,23348091,1331,23349422,1500,23350922,3718,23354640
"4886",25,23355142,7013,23362155,2151,23364306,3067,23367373
"4887",25,23367863,1409,23369272,1567,23370839,3651,23374490
"4888",25,23375007,2665,23377672,2534,23380206,2684,23382890
"4889",25,23383403,1486,23384889,8501,23393390,1016,23394406
"4890",25,23394906,1333,23396239,1217,23397456,4001,23401457
"4891",25,23401950,1406,23403356,2084,23405440,3134,23408574
"4892",25,23409072,1651,23410723,2767,23413490,2451,23415941
"4893",25,23416432,1974,23418406,2701,23421107,2517,23423624
"4894",25,23424112,1678,23425790,1983,23427773,3235,23431008
"4895",25,23431520,3020,23434540,1617,23436157,3601,23439758
"4896",25,23440257,2900,23443157,1633,23444790,3585,23448375
"4897",25,23448864,1126,23449990,3700,23453690,1518,23455208
"4898",25,23455708,1149,23456857,1367,23458224,3851,23462075
"4899",25,23462581,1459,23464040,3417,23467457,1801,23469258
"4900",25,23469762,3062,23472824,1317,23474141,3901,23478042
"4901",25,23478542,1132,23479674,1217,23480891,4001,23484892
"4902",25,23485375,1399,23486774,2300,23489074,2918,23491992
"4903",25,23492506,1301,23493807,3734,23497541,1484,23499025
"4904",25,23499551,3140,23502691,2400,23505091,2818,23507909
"4905",25,23508445,1396,23509841,6617,23516458,1017,23517475
"4906",25,23517987,4238,23522225,2666,23524891,2552,23527443
"4907",25,23527950,1325,23529275,1767,23531042,3451,23534493
"4908",25,23535003,1122,23536125,3083,23539208,2135,23541343
"4909",25,23541849,1559,23543408,4101,23547509,1117,23548626
"4910",25,23549130,1512,23550642,2267,23552909,2951,23555860
"4911",25,23556361,1398,23557759,2200,23559959,3017,23562976
"4912",25,23563484,1441,23564925,1717,23566642,3501,23570143
"4913",25,23570658,1401,23572059,1817,23573876,3401,23577277
"4914",25,23577774,1552,23579326,1133,23580459,4084,23584543
"4915",25,23585053,1406,23586459,1583,23588042,3635,23591677
"4916",25,23592192,1617,23593809,2034,23595843,3184,23599027
"4917",25,23599540,1136,23600676,1317,23601993,3901,23605894
"4918",25,23606398,1495,23607893,1350,23609243,3867,23613110
"4919",25,23613603,1456,23615059,2351,23617410,2867,23620277
"4920",25,23620809,1417,23622226,3167,23625393,2051,23627444
"4921",25,23627946,1380,23629326,2167,23631493,3051,23634544
"4922",25,23635064,1129,23636193,1700,23637893,3518,23641411
"4923",25,23641912,1415,23643327,4050,23647377,1167,23648544
"4924",25,23649057,3853,23652910,2300,23655210,2918,23658128
"4925",25,23658648,1562,23660210,1150,23661360,4068,23665428
"4926",25,23665919,1124,23667043,1384,23668427,3834,23672261
"4927",25,23672764,1563,23674327,2150,23676477,3068,23679545
"4928",25,23680067,1493,23681560,1567,23683127,3651,23686778
"4929",25,23687280,1980,23689260,3334,23692594,1884,23694478
"4930",25,23694986,1708,23696694,6150,23702844,1017,23703861
"4931",25,23704378,1766,23706144,4200,23710344,1018,23711362
"4932",25,23711855,2039,23713894,3750,23717644,1468,23719112
"4933",25,23719627,1301,23720928,2716,23723644,2502,23726146
"4934",25,23726657,1337,23727994,1801,23729795,3417,23733212
"4935",25,23733721,1490,23735211,2701,23737912,2517,23740429
"4936",25,23740946,1799,23742745,2450,23745195,2768,23747963
"4937",25,23748448,1297,23749745,6517,23756262,1016,23757278
"4938",25,23757784,1344,23759128,1817,23760945,3401,23764346
"4939",25,23764827,1285,23766112,1683,23767795,3535,23771330
"4940",25,23771816,1279,23773095,1267,23774362,3951,23778313
"4941",25,23778813,1132,23779945,1834,23781779,3384,23785163
"4942",25,23785655,1257,23786912,2567,23789479,2651,23792130
"4943",25,23792640,1289,23793929,1017,23794946,4201,23799147
"4944",25,23799657,1255,23800912,1817,23802729,3401,23806130
"4945",25,23806646,1266,23807912,3684,23811596,1534,23813130
"4946",25,23813641,1272,23814913,2366,23817279,2851,23820130
"4947",25,23820634,1129,23821763,4917,23826680,1016,23827696
"4948",25,23828207,1122,23829329,1934,23831263,3284,23834547
"4949",25,23835070,1126,23836196,1834,23838030,3384,23841414
"4950",25,23841928,1135,23843063,4133,23847196,1085,23848281
"4951",25,23848772,2724,23851496,1651,23853147,3567,23856714
"4952",25,23857249,2597,23859846,4334,23864180,1017,23865197
"4953",25,23865728,1285,23867013,2417,23869430,2801,23872231
"4954",25,23872742,1138,23873880,3000,23876880,2218,23879098
"4955",25,23879610,1287,23880897,1533,23882430,3685,23886115
"4956",25,23886641,1289,23887930,1667,23889597,3551,23893148
"4957",25,23893655,1275,23894930,1384,23896314,3834,23900148
"4958",25,23900657,1123,23901780,4617,23906397,1017,23907414
"4959",25,23907914,1317,23909231,1716,23910947,3502,23914449
"4960",25,23914968,1129,23916097,3067,23919164,2151,23921315
"4961",25,23921821,1277,23923098,1800,23924898,3417,23928315
"4962",25,23928833,1298,23930131,2583,23932714,2635,23935349
"4963",25,23935861,2520,23938381,3467,23941848,1751,23943599
"4964",25,23944120,2461,23946581,8234,23954815,1017,23955832
"4965",25,23956346,1319,23957665,2100,23959765,3118,23962883
"4966",25,23963387,1344,23964731,3051,23967782,2167,23969949
"4967",25,23970468,2514,23972982,1400,23974382,3818,23978200
"4968",25,23978698,1134,23979832,1317,23981149,3901,23985050
"4969",25,23985553,1312,23986865,2951,23989816,2267,23992083
"4970",25,23992607,1208,23993815,1717,23995532,3501,23999033
"4971",25,23999532,1133,24000665,1551,24002216,3667,24005883
"4972",25,24006408,1124,24007532,3484,24011016,1734,24012750
"4973",25,24013259,3273,24016532,2384,24018916,2834,24021750
"4974",25,24022257,2525,24024782,1301,24026083,3917,24030000
"4975",25,24030511,1622,24032133,1933,24034066,3285,24037351
"4976",25,24037877,1122,24038999,9317,24048316,1017,24049333
"4977",25,24049858,1341,24051199,1251,24052450,3967,24056417
"4978",25,24056936,1130,24058066,2167,24060233,3051,24063284
"4979",25,24063786,1264,24065050,1133,24066183,4085,24070268
"4980",25,24070790,1410,24072200,1517,24073717,3701,24077418
"4981",25,24077919,2864,24080783,3034,24083817,2184,24086001
"4982",25,24086513,2970,24089483,1534,24091017,3684,24094701
"4983",25,24095205,1795,24097000,1134,24098134,4084,24102218
"4984",25,24102739,1295,24104034,3583,24107617,1635,24109252
"4985",25,24109747,1653,24111400,1901,24113301,3317,24116618
"4986",25,24117138,1296,24118434,2783,24121217,2435,24123652
"4987",25,24124150,1434,24125584,1367,24126951,3851,24130802
"4988",25,24131294,1373,24132667,1551,24134218,3667,24137885
"4989",25,24138392,1592,24139984,2734,24142718,2484,24145202
"4990",25,24145694,1124,24146818,2033,24148851,3185,24152036
"4991",25,24152528,1123,24153651,1833,24155484,3385,24158869
"4992",25,24159370,1648,24161018,2484,24163502,2734,24166236
"4993",25,24166758,1293,24168051,2384,24170435,2834,24173269
"4994",25,24173772,1413,24175185,1433,24176618,3785,24180403
"4995",25,24180907,1128,24182035,1383,24183418,3835,24187253
"4996",25,24187775,1260,24189035,1583,24190618,3635,24194253
"4997",25,24194762,1306,24196068,1984,24198052,3234,24201286
"4998",25,24201792,1276,24203068,1551,24204619,3667,24208286
"4999",25,24208787,1965,24210752,3234,24213986,1984,24215970
"5000",25,24216463,1422,24217885,1400,24219285,3818,24223103
"5001",26,4276415,1858,4278273,1447,4279720,3770,4283490
"5002",26,4284004,1133,4285137,3250,4288387,1968,4290355
"5003",26,4290874,1130,4292004,1683,4293687,3535,4297222
"5004",26,4297719,1135,4298854,1600,4300454,3618,4304072
"5005",26,4304606,1131,4305737,3450,4309187,1768,4310955
"5006",26,4311456,1265,4312721,1517,4314238,3700,4317938
"5007",26,4318445,1126,4319571,1533,4321104,3685,4324789
"5008",26,4325280,1508,4326788,1600,4328388,3617,4332005
"5009",26,4332512,1125,4333637,4851,4338488,1017,4339505
"5010",26,4340012,1126,4341138,1166,4342304,4051,4346355
"5011",26,4346863,1125,4347988,1567,4349555,3651,4353206
"5012",26,4353719,1135,4354854,2001,4356855,3217,4360072
"5013",26,4360586,1135,4361721,1950,4363671,3268,4366939
"5014",26,4367427,1128,4368555,6283,4374838,1017,4375855
"5015",26,4376379,1126,4377505,1283,4378788,3935,4382723
"5016",26,4383239,1699,4384938,5167,4390105,1017,4391122
"5017",26,4391636,1252,4392888,1351,4394239,3867,4398106
"5018",26,4398618,1987,4400605,2400,4403005,2818,4405823
"5019",26,4406336,1136,4407472,3467,4410939,1751,4412690
"5020",26,4413180,1425,4414605,2650,4417255,2568,4419823
"5021",26,4420327,1128,4421455,2001,4423456,3217,4426673
"5022",26,4427189,1133,4428322,2467,4430789,2751,4433540
"5023",26,4434042,1480,4435522,1700,4437222,3518,4440740
"5024",26,4441231,1125,4442356,1467,4443823,3751,4447574
"5025",26,4448085,1121,4449206,4783,4453989,1017,4455006
"5026",26,4455501,1121,4456622,1984,4458606,3234,4461840
"5027",26,4462360,1129,4463489,2350,4465839,2868,4468707
"5028",26,4469228,1128,4470356,1417,4471773,3801,4475574
"5029",26,4476091,1132,4477223,1500,4478723,3718,4482441
"5030",26,4482960,1130,4484090,1216,4485306,4001,4489307
"5031",26,4489810,1130,4490940,1450,4492390,3768,4496158
"5032",26,4496671,1135,4497806,2384,4500190,2834,4503024
"5033",26,4503516,1241,4504757,1217,4505974,4000,4509974
"5034",26,4510477,1130,4511607,1300,4512907,3917,4516824
"5035",26,4517349,1124,4518473,1934,4520407,3284,4523691
"5036",26,4524179,1711,4525890,1300,4527190,3918,4531108
"5037",26,4531631,1126,4532757,1167,4533924,4051,4537975
"5038",26,4538476,1131,4539607,884,4540491,4334,4544825
"5039",26,4545353,1121,4546474,2183,4548657,3035,4551692
"5040",26,4552213,1894,4554107,3500,4557607,1718,4559325
"5041",26,4559836,1138,4560974,4617,4565591,1017,4566608
"5042",26,4567095,1296,4568391,2533,4570924,2685,4573609
"5043",26,4574108,1133,4575241,2617,4577858,2601,4580459
"5044",26,4580985,1123,4582108,2033,4584141,3184,4587325
"5045",26,4587847,1127,4588974,3384,4592358,1834,4594192
"5046",26,4594685,1123,4595808,1300,4597108,3918,4601026
"5047",26,4601528,1747,4603275,1333,4604608,3884,4608492
"5048",26,4608985,1123,4610108,2867,4612975,2351,4615326
"5049",26,4615833,1825,4617658,3434,4621092,1784,4622876
"5050",26,4623400,1758,4625158,1017,4626175,4201,4630376
"5051",26,4630865,1127,4631992,1533,4633525,3685,4637210
"5052",26,4637709,1133,4638842,1400,4640242,3818,4644060
"5053",26,4644572,2236,4646808,1267,4648075,3951,4652026
"5054",26,4652515,1127,4653642,1567,4655209,3651,4658860
"5055",26,4659367,1125,4660492,2950,4663442,2268,4665710
"5056",26,4666209,1133,4667342,2067,4669409,3151,4672560
"5057",26,4673069,1123,4674192,1717,4675909,3501,4679410
"5058",26,4679915,1127,4681042,4150,4685192,1068,4686260
"5059",26,4686754,1122,4687876,1500,4689376,3718,4693094
"5060",26,4693612,1130,4694742,1001,4695743,4217,4699960
"5061",26,4700465,1127,4701592,1217,4702809,4001,4706810
"5062",26,4707316,1127,4708443,1350,4709793,3867,4713660
"5063",26,4714175,1801,4715976,1700,4717676,3518,4721194
"5064",26,4721718,2358,4724076,900,4724976,4318,4729294
"5065",26,4729820,1640,4731460,1716,4733176,3501,4736677
"5066",26,4737201,1142,4738343,1584,4739927,3634,4743561
"5067",26,4744080,1130,4745210,1767,4746977,3451,4750428
"5068",26,4750941,1136,4752077,1050,4753127,4167,4757294
"5069",26,4757801,1126,4758927,2350,4761277,2868,4764145
"5070",26,4764635,1125,4765760,2417,4768177,2801,4770978
"5071",26,4771481,1129,4772610,2267,4774877,2951,4777828
"5072",26,4778354,1123,4779477,917,4780394,4301,4784695
"5073",26,4785208,1136,4786344,1967,4788311,3251,4791562
"5074",26,4792063,1647,4793710,1551,4795261,3667,4798928
"5075",26,4799436,1125,4800561,3200,4803761,2018,4805779
"5076",26,4806294,1300,4807594,2750,4810344,2468,4812812
"5077",26,4813324,1137,4814461,2250,4816711,2968,4819679
"5078",26,4820191,1136,4821327,1851,4823178,3367,4826545
"5079",26,4827048,1913,4828961,2084,4831045,3134,4834179
"5080",26,4834701,4610,4839311,1700,4841011,3518,4844529
"5081",26,4845044,3267,4848311,1834,4850145,3384,4853529
"5082",26,4854032,2263,4856295,2017,4858312,3201,4861513
"5083",26,4862028,1133,4863161,4034,4867195,1184,4868379
"5084",26,4868896,2049,4870945,4533,4875478,1017,4876495
"5085",26,4876981,1281,4878262,1566,4879828,3652,4883480
"5086",26,4883985,1260,4885245,2167,4887412,3051,4890463
"5087",26,4890969,2960,4893929,2500,4896429,2717,4899146
"5088",26,4899649,2063,4901712,900,4902612,4318,4906930
"5089",26,4907435,1294,4908729,1267,4909996,3951,4913947
"5090",26,4914458,1138,4915596,2333,4917929,2884,4920813
"5091",26,4921320,1309,4922629,2467,4925096,2751,4927847
"5092",26,4928348,3581,4931929,4167,4936096,1051,4937147
"5093",26,4937652,2927,4940579,1634,4942213,3584,4945797
"5094",26,4946313,1349,4947662,1534,4949196,3685,4952881
"5095",26,4953370,1743,4955113,1750,4956863,3467,4960330
"5096",26,4960850,1129,4961979,3501,4965480,1717,4967197
"5097",26,4967704,1125,4968829,2567,4971396,2651,4974047
"5098",26,4974548,1132,4975680,1117,4976797,4100,4980897
"5099",26,4981383,1130,4982513,1667,4984180,3551,4987731
"5100",26,4988233,1130,4989363,934,4990297,4284,4994581
"5101",26,4995111,1136,4996247,1916,4998163,3302,5001465
"5102",26,5001983,1130,5003113,934,5004047,4284,5008331
"5103",26,5008823,1124,5009947,1683,5011630,3535,5015165
"5104",26,5015673,1657,5017330,1117,5018447,4101,5022548
"5105",26,5023060,1137,5024197,1183,5025380,4035,5029415
"5106",26,5029937,1127,5031064,1500,5032564,3718,5036282
"5107",26,5036797,1133,5037930,1784,5039714,3434,5043148
"5108",26,5043641,1540,5045181,5167,5050348,1016,5051364
"5109",26,5051868,1129,5052997,1251,5054248,3967,5058215
"5110",26,5058729,1135,5059864,1517,5061381,3701,5065082
"5111",26,5065574,1123,5066697,1584,5068281,3634,5071915
"5112",26,5072431,1133,5073564,1684,5075248,3534,5078782
"5113",26,5079287,1127,5080414,1817,5082231,3401,5085632
"5114",26,5086124,1124,5087248,1683,5088931,3535,5092466
"5115",26,5092971,1644,5094615,1367,5095982,3850,5099832
"5116",26,5100334,1131,5101465,5167,5106632,1016,5107648
"5117",26,5108137,1128,5109265,3333,5112598,1885,5114483
"5118",26,5114984,1131,5116115,1217,5117332,4001,5121333
"5119",26,5121858,1124,5122982,1616,5124598,3602,5128200
"5120",26,5128715,1133,5129848,4184,5134032,1034,5135066
"5121",26,5135580,1135,5136715,1650,5138365,3568,5141933
"5122",26,5142446,1136,5143582,1684,5145266,3534,5148800
"5123",26,5149314,1135,5150449,1783,5152232,3435,5155667
"5124",26,5156177,1922,5158099,1317,5159416,3901,5163317
"5125",26,5163825,1741,5165566,1933,5167499,3284,5170783
"5126",26,5171302,1130,5172432,2050,5174482,3168,5177650
"5127",26,5178178,1688,5179866,1267,5181133,3951,5185084
"5128",26,5185603,1663,5187266,1483,5188749,3735,5192484
"5129",26,5192986,1930,5194916,1350,5196266,3868,5200134
"5130",26,5200635,1798,5202433,1150,5203583,4068,5207651
"5131",26,5208160,1123,5209283,833,5210116,4385,5214501
"5132",26,5215017,1966,5216983,883,5217866,4335,5222201
"5133",26,5222721,1129,5223850,1233,5225083,3985,5229068
"5134",26,5229580,1570,5231150,1333,5232483,3885,5236368
"5135",26,5236872,1128,5238000,1250,5239250,3968,5243218
"5136",26,5243743,1124,5244867,3717,5248584,1501,5250085
"5137",26,5250589,1128,5251717,7133,5258850,1017,5259867
"5138",26,5260380,1137,5261517,1717,5263234,3501,5266735
"5139",26,5267253,1131,5268384,1617,5270001,3601,5273602
"5140",26,5274104,1130,5275234,5150,5280384,1017,5281401
"5141",26,5281902,1132,5283034,1233,5284267,3985,5288252
"5142",26,5288744,1657,5290401,1283,5291684,3935,5295619
"5143",26,5296122,1129,5297251,1483,5298734,3735,5302469
"5144",26,5302959,1125,5304084,2484,5306568,2734,5309302
"5145",26,5309803,1698,5311501,1700,5313201,3518,5316719
"5146",26,5317207,1127,5318334,1284,5319618,3934,5323552
"5147",26,5324056,1128,5325184,2501,5327685,2717,5330402
"5148",26,5330920,1131,5332051,1667,5333718,3551,5337269
"5149",26,5337780,1121,5338901,1084,5339985,4134,5344119
"5150",26,5344646,1122,5345768,2584,5348352,2634,5350986
"5151",26,5351479,1122,5352601,1001,5353602,4217,5357819
"5152",26,5358329,1123,5359452,1533,5360985,3684,5364669
"5153",26,5365191,1127,5366318,1317,5367635,3901,5371536
"5154",26,5372052,1133,5373185,817,5374002,4401,5378403
"5155",26,5378915,1753,5380668,1584,5382252,3634,5385886
"5156",26,5386405,1130,5387535,5201,5392736,1016,5393752
"5157",26,5394257,1128,5395385,5184,5400569,1017,5401586
"5158",26,5402086,1133,5403219,1183,5404402,4035,5408437
"5159",26,5408931,1138,5410069,1500,5411569,3718,5415287
"5160",26,5415781,1138,5416919,884,5417803,4334,5422137
"5161",26,5422639,1130,5423769,1517,5425286,3701,5428987
"5162",26,5429507,1129,5430636,1883,5432519,3335,5435854
"5163",26,5436339,1830,5438169,1317,5439486,3901,5443387
"5164",26,5443898,1138,5445036,2667,5447703,2551,5450254
"5165",26,5450739,1131,5451870,1700,5453570,3518,5457088
"5166",26,5457594,1109,5458703,1483,5460186,3735,5463921
"5167",26,5464424,1129,5465553,2484,5468037,2734,5470771
"5168",26,5471267,1136,5472403,2134,5474537,3084,5477621
"5169",26,5478133,1137,5479270,1033,5480303,4185,5484488
"5170",26,5485008,1129,5486137,1783,5487920,3435,5491355
"5171",26,5491845,1125,5492970,4417,5497387,1017,5498404
"5172",26,5498895,1125,5500020,1384,5501404,3834,5505238
"5173",26,5505741,1129,5506870,1917,5508787,3301,5512088
"5174",26,5512604,1133,5513737,1200,5514937,4018,5518955
"5175",26,5519443,1127,5520570,3151,5523721,2067,5525788
"5176",26,5526304,1133,5527437,1350,5528787,3868,5532655
"5177",26,5533164,1123,5534287,1717,5536004,3501,5539505
"5178",26,5540017,1137,5541154,2101,5543255,3117,5546372
"5179",26,5546882,1122,5548004,1900,5549904,3318,5553222
"5180",26,5553752,1136,5554888,2133,5557021,3085,5560106
"5181",26,5560625,1129,5561754,3284,5565038,1934,5566972
"5182",26,5567461,1710,5569171,1200,5570371,4018,5574389
"5183",26,5574891,1130,5576021,2217,5578238,3001,5581239
"5184",26,5581765,1123,5582888,950,5583838,4268,5588106
"5185",26,5588620,1135,5589755,1333,5591088,3885,5594973
"5186",26,5595464,1124,5596588,867,5597455,4351,5601806
"5187",26,5602327,1128,5603455,1550,5605005,3668,5608673
"5188",26,5609190,1132,5610322,1367,5611689,3851,5615540
"5189",26,5616036,1136,5617172,1083,5618255,4135,5622390
"5190",26,5622904,1135,5624039,1800,5625839,3417,5629256
"5191",26,5629755,1134,5630889,950,5631839,4268,5636107
"5192",26,5636628,1127,5637755,1751,5639506,3467,5642973
"5193",26,5643490,1132,5644622,1200,5645822,4018,5649840
"5194",26,5650328,1128,5651456,2733,5654189,2485,5656674
"5195",26,5657162,1127,5658289,817,5659106,4401,5663507
"5196",26,5664031,1125,5665156,1633,5666789,3585,5670374
"5197",26,5670881,1241,5672122,1651,5673773,3567,5677340
"5198",26,5677845,1128,5678973,1533,5680506,3685,5684191
"5199",26,5684683,1123,5685806,1767,5687573,3451,5691024
"5200",26,5691526,1130,5692656,1000,5693656,4218,5697874
"5201",27,7631169,4248,7635417,2933,7638350,2285,7640635
"5202",27,7641132,1868,7643000,1234,7644234,3984,7648218
"5203",27,7648723,1677,7650400,2834,7653234,2384,7655618
"5204",27,7656147,1136,7657283,2367,7659650,2852,7662502
"5205",27,7663006,1128,7664134,1333,7665467,3885,7669352
"5206",27,7669839,1128,7670967,4000,7674967,1218,7676185
"5207",27,7676690,3544,7680234,2133,7682367,3085,7685452
"5208",27,7685973,1128,7687101,1333,7688434,3885,7692319
"5209",27,7692837,1664,7694501,1817,7696318,3401,7699719
"5210",27,7700239,1129,7701368,1216,7702584,4002,7706586
"5211",27,7707101,1133,7708234,984,7709218,4234,7713452
"5212",27,7713942,1126,7715068,833,7715901,4385,7720286
"5213",27,7720798,1137,7721935,1650,7723585,3567,7727152
"5214",27,7727674,2060,7729734,2134,7731868,3084,7734952
"5215",27,7735466,1135,7736601,1284,7737885,3934,7741819
"5216",27,7742325,1326,7743651,1117,7744768,4101,7748869
"5217",27,7749377,1975,7751352,1416,7752768,3801,7756569
"5218",27,7757106,2429,7759535,1217,7760752,4001,7764753
"5219",27,7765262,1123,7766385,1750,7768135,3468,7771603
"5220",27,7772110,1125,7773235,1834,7775069,3384,7778453
"5221",27,7778958,1127,7780085,1967,7782052,3251,7785303
"5222",27,7785814,1138,7786952,1817,7788769,3401,7792170
"5223",27,7792684,1135,7793819,1417,7795236,3801,7799037
"5224",27,7799569,1117,7800686,1800,7802486,3418,7805904
"5225",27,7806414,1122,7807536,1717,7809253,3501,7812754
"5226",27,7813254,1265,7814519,1434,7815953,3784,7819737
"5227",27,7820228,1125,7821353,1033,7822386,4184,7826570
"5228",27,7827075,1128,7828203,2100,7830303,3118,7833421
"5229",27,7833922,1131,7835053,850,7835903,4368,7840271
"5230",27,7840788,1132,7841920,950,7842870,4267,7847137
"5231",27,7847649,1771,7849420,1133,7850553,4085,7854638
"5232",27,7855155,1131,7856286,2084,7858370,3134,7861504
"5233",27,7862023,3963,7865986,1367,7867353,3851,7871204
"5234",27,7871703,5550,7877253,2201,7879454,3017,7882471
"5235",27,7882981,1122,7884103,1951,7886054,3267,7889321
"5236",27,7889845,1725,7891570,1950,7893520,3268,7896788
"5237",27,7897279,1125,7898404,2233,7900637,2985,7903622
"5238",27,7904136,1134,7905270,2017,7907287,3201,7910488
"5239",27,7910998,1122,7912120,1667,7913787,3551,7917338
"5240",27,7917827,1127,7918954,2417,7921371,2801,7924172
"5241",27,7924684,1137,7925821,1417,7927238,3801,7931039
"5242",27,7931552,1769,7933321,1600,7934921,3618,7938539
"5243",27,7939066,1122,7940188,1667,7941855,3550,7945405
"5244",27,7945925,1129,7947054,3700,7950754,1518,7952272
"5245",27,7952783,1138,7953921,2917,7956838,2301,7959139
"5246",27,7959657,1131,7960788,1517,7962305,3701,7966006
"5247",27,7966526,1128,7967654,1234,7968888,3984,7972872
"5248",27,7973373,1132,7974505,1100,7975605,4118,7979723
"5249",27,7980235,1520,7981755,1433,7983188,3785,7986973
"5250",27,7987492,1763,7989255,1317,7990572,3901,7994473
"5251",27,7995000,1522,7996522,1317,7997839,3901,8001740
"5252",27,8002260,1478,8003738,1217,8004955,4001,8008956
"5253",27,8009440,1132,8010572,1000,8011572,4218,8015790
"5254",27,8016305,1134,8017439,1483,8018922,3734,8022656
"5255",27,8023171,1134,8024305,3051,8027356,2167,8029523
"5256",27,8030034,1121,8031155,2684,8033839,2534,8036373
"5257",27,8036862,1294,8038156,1033,8039189,4185,8043374
"5258",27,8043883,2056,8045939,1967,8047906,3251,8051157
"5259",27,8051656,3017,8054673,1100,8055773,4118,8059891
"5260",27,8060397,1126,8061523,1350,8062873,3868,8066741
"5261",27,8067243,1130,8068373,1233,8069606,3985,8073591
"5262",27,8074096,1127,8075223,967,8076190,4251,8080441
"5263",27,8080963,1126,8082089,1901,8083990,3317,8087307
"5264",27,8087813,1127,8088940,1717,8090657,3501,8094158
"5265",27,8094645,1128,8095773,2867,8098640,2351,8100991
"5266",27,8101492,2198,8103690,1467,8105157,3751,8108908
"5267",27,8109423,1134,8110557,1266,8111823,3952,8115775
"5268",27,8116281,1243,8117524,1216,8118740,4001,8122741
"5269",27,8123259,1131,8124390,850,8125240,4368,8129608
"5270",27,8130135,1122,8131257,950,8132207,4268,8136475
"5271",27,8136993,1981,8138974,1500,8140474,3718,8144192
"5272",27,8144702,1122,8145824,967,8146791,4251,8151042
"5273",27,8151541,1133,8152674,2167,8154841,3051,8157892
"5274",27,8158395,1129,8159524,1217,8160741,4001,8164742
"5275",27,8165257,2217,8167474,884,8168358,4334,8172692
"5276",27,8173206,2252,8175458,1517,8176975,3700,8180675
"5277",27,8181176,1348,8182524,1401,8183925,3817,8187742
"5278",27,8188249,1125,8189374,1251,8190625,3967,8194592
"5279",27,8195106,3319,8198425,1866,8200291,3351,8203642
"5280",27,8204138,1137,8205275,1933,8207208,3285,8210493
"5281",27,8211005,1136,8212141,1634,8213775,3584,8217359
"5282",27,8217864,1128,8218992,1583,8220575,3634,8224209
"5283",27,8224703,1255,8225958,2434,8228392,2784,8231176
"5284",27,8231693,2749,8234442,950,8235392,4268,8239660
"5285",27,8240154,1138,8241292,1150,8242442,4068,8246510
"5286",27,8247016,1126,8248142,850,8248992,4368,8253360
"5287",27,8253863,1279,8255142,1267,8256409,3951,8260360
"5288",27,8260853,1123,8261976,1816,8263792,3401,8267193
"5289",27,8267692,1134,8268826,1100,8269926,4117,8274043
"5290",27,8274531,1128,8275659,1600,8277259,3618,8280877
"5291",27,8281360,1132,8282492,1417,8283909,3801,8287710
"5292",27,8288226,1133,8289359,1034,8290393,4184,8294577
"5293",27,8295093,2200,8297293,1450,8298743,3768,8302511
"5294",27,8303032,1127,8304159,2634,8306793,2584,8309377
"5295",27,8309892,1134,8311026,1784,8312810,3434,8316244
"5296",27,8316755,1121,8317876,1200,8319076,4018,8323094
"5297",27,8323618,1125,8324743,1100,8325843,4118,8329961
"5298",27,8330451,1125,8331576,1101,8332677,4117,8336794
"5299",27,8337312,1131,8338443,2051,8340494,3167,8343661
"5300",27,8344178,2182,8346360,1517,8347877,3701,8351578
"5301",27,8352084,1726,8353810,1534,8355344,3684,8359028
"5302",27,8359556,1138,8360694,1650,8362344,3567,8365911
"5303",27,8366434,1443,8367877,1033,8368910,4185,8373095
"5304",27,8373599,1128,8374727,1667,8376394,3551,8379945
"5305",27,8380465,3529,8383994,3033,8387027,2185,8389212
"5306",27,8389699,2562,8392261,733,8392994,4485,8397479
"5307",27,8397988,1123,8399111,1017,8400128,4201,8404329
"5308",27,8404843,1134,8405977,867,8406844,4351,8411195
"5309",27,8411714,2380,8414094,1151,8415245,4067,8419312
"5310",27,8419819,1125,8420944,2101,8423045,3117,8426162
"5311",27,8426668,3260,8429928,1467,8431395,3751,8435146
"5312",27,8435638,1123,8436761,1117,8437878,4101,8441979
"5313",27,8442482,1129,8443611,1601,8445212,3617,8448829
"5314",27,8449346,1132,8450478,1567,8452045,3651,8455696
"5315",27,8456230,1132,8457362,2483,8459845,2734,8462579
"5316",27,8463079,1133,8464212,4450,8468662,1017,8469679
"5317",27,8470203,2809,8473012,900,8473912,4318,8478230
"5318",27,8478739,4106,8482845,1367,8484212,3851,8488063
"5319",27,8488583,2612,8491195,1201,8492396,4017,8496413
"5320",27,8496932,1130,8498062,800,8498862,4418,8503280
"5321",27,8503792,1137,8504929,800,8505729,4418,8510147
"5322",27,8510673,1123,8511796,1317,8513113,3901,8517014
"5323",27,8517523,1123,8518646,1383,8520029,3835,8523864
"5324",27,8524374,1255,8525629,2334,8527963,2884,8530847
"5325",27,8531359,1704,8533063,950,8534013,4268,8538281
"5326",27,8538775,1904,8540679,951,8541630,4267,8545897
"5327",27,8546402,1128,8547530,1266,8548796,3951,8552747
"5328",27,8553274,1122,8554396,751,8555147,4467,8559614
"5329",27,8560107,1123,8561230,700,8561930,4518,8566448
"5330",27,8566963,1134,8568097,1083,8569180,4135,8573315
"5331",27,8573827,1136,8574963,900,8575863,4318,8580181
"5332",27,8580700,1130,8581830,1167,8582997,4051,8587048
"5333",27,8587571,1126,8588697,933,8589630,4285,8593915
"5334",27,8594436,2361,8596797,2117,8598914,3101,8602015
"5335",27,8602541,1256,8603797,2333,8606130,2885,8609015
"5336",27,8609539,2175,8611714,1700,8613414,3518,8616932
"5337",27,8617439,1175,8618614,1317,8619931,3901,8623832
"5338",27,8624349,1665,8626014,1250,8627264,3968,8631232
"5339",27,8631752,1129,8632881,1533,8634414,3685,8638099
"5340",27,8638635,1246,8639881,1817,8641698,3401,8645099
"5341",27,8645606,1242,8646848,1600,8648448,3618,8652066
"5342",27,8652570,1128,8653698,1333,8655031,3885,8658916
"5343",27,8659409,1906,8661315,1433,8662748,3784,8666532
"5344",27,8667037,1128,8668165,1233,8669398,3985,8673383
"5345",27,8673894,2254,8676148,1167,8677315,4051,8681366
"5346",27,8681877,1504,8683381,1217,8684598,4001,8688599
"5347",27,8689102,1130,8690232,1867,8692099,3350,8695449
"5348",27,8695954,1128,8697082,1300,8698382,3918,8702300
"5349",27,8702814,1201,8704015,1334,8705349,3884,8709233
"5350",27,8709743,1122,8710865,1534,8712399,3684,8716083
"5351",27,8716601,3414,8720015,684,8720699,4534,8725233
"5352",27,8725752,1130,8726882,1084,8727966,4134,8732100
"5353",27,8732617,1132,8733749,3850,8737599,1368,8738967
"5354",27,8739476,1123,8740599,1600,8742199,3618,8745817
"5355",27,8746321,1261,8747582,1834,8749416,3384,8752800
"5356",27,8753307,1126,8754433,1733,8756166,3484,8759650
"5357",27,8760170,1129,8761299,1317,8762616,3901,8766517
"5358",27,8767019,2180,8769199,1234,8770433,3984,8774417
"5359",27,8774907,1259,8776166,1017,8777183,4201,8781384
"5360",27,8781890,1126,8783016,1434,8784450,3784,8788234
"5361",27,8788749,1134,8789883,3784,8793667,1434,8795101
"5362",27,8795618,1282,8796900,1233,8798133,3985,8802118
"5363",27,8802639,2344,8804983,817,8805800,4401,8810201
"5364",27,8810704,1813,8812517,1767,8814284,3451,8817735
"5365",27,8818249,3718,8821967,1083,8823050,4135,8827185
"5366",27,8827704,1213,8828917,1033,8829950,4185,8834135
"5367",27,8834642,1125,8835767,1300,8837067,3918,8840985
"5368",27,8841476,1124,8842600,784,8843384,4434,8847818
"5369",27,8848318,1133,8849451,1616,8851067,3601,8854668
"5370",27,8855184,1133,8856317,1100,8857417,4118,8861535
"5371",27,8862043,1124,8863167,1251,8864418,3967,8868385
"5372",27,8868909,1125,8870034,850,8870884,4368,8875252
"5373",27,8875790,1128,8876918,1283,8878201,3935,8882136
"5374",27,8882642,1126,8883768,817,8884585,4401,8888986
"5375",27,8889482,1136,8890618,1983,8892601,3235,8895836
"5376",27,8896366,1135,8897501,1484,8898985,3734,8902719
"5377",27,8903222,1129,8904351,1067,8905418,4151,8909569
"5378",27,8910088,1130,8911218,3317,8914535,1901,8916436
"5379",27,8916939,1129,8918068,817,8918885,4401,8923286
"5380",27,8923815,1137,8924952,2066,8927018,3152,8930170
"5381",27,8930697,1821,8932518,917,8933435,4301,8937736
"5382",27,8938228,1124,8939352,1650,8941002,3568,8944570
"5383",27,8945088,1397,8946485,851,8947336,4367,8951703
"5384",27,8952220,3132,8955352,850,8956202,4368,8960570
"5385",27,8961081,1638,8962719,1417,8964136,3801,8967937
"5386",27,8968456,1130,8969586,1233,8970819,3984,8974803
"5387",27,8975294,1908,8977202,1101,8978303,4117,8982420
"5388",27,8982924,1128,8984052,1084,8985136,4134,8989270
"5389",27,8989776,2127,8991903,1283,8993186,3935,8997121
"5390",27,8997628,1291,8998919,1234,9000153,3984,9004137
"5391",27,9004649,1870,9006519,2901,9009420,2317,9011737
"5392",27,9012257,2079,9014336,1134,9015470,4084,9019554
"5393",27,9020042,3194,9023236,801,9024037,4417,9028454
"5394",27,9028949,1604,9030553,1267,9031820,3951,9035771
"5395",27,9036271,1132,9037403,767,9038170,4451,9042621
"5396",27,9043139,2131,9045270,1017,9046287,4201,9050488
"5397",27,9051007,1130,9052137,750,9052887,4468,9057355
"5398",27,9057888,1799,9059687,1117,9060804,4101,9064905
"5399",27,9065405,1732,9067137,1100,9068237,4118,9072355
"5400",27,9072839,2015,9074854,1150,9076004,4068,9080072
"5401",28,11093167,1299,11094466,3617,11098083,1601,11099684
"5402",28,11100171,1128,11101299,3867,11105166,1351,11106517
"5403",28,11107020,1129,11108149,1251,11109400,3967,11113367
"5404",28,11113883,1583,11115466,1600,11117066,3618,11120684
"5405",28,11121175,1125,11122300,1400,11123700,3818,11127518
"5406",28,11128035,1131,11129166,1567,11130733,3652,11134385
"5407",28,11134904,1129,11136033,1384,11137417,3834,11141251
"5408",28,11141773,1127,11142900,1334,11144234,3884,11148118
"5409",28,11148644,1123,11149767,3617,11153384,1601,11154985
"5410",28,11155513,1137,11156650,1600,11158250,3618,11161868
"5411",28,11162387,1130,11163517,3834,11167351,1384,11168735
"5412",28,11169242,1675,11170917,2284,11173201,2934,11176135
"5413",28,11176649,1135,11177784,2283,11180067,2935,11183002
"5414",28,11183496,1138,11184634,2550,11187184,2668,11189852
"5415",28,11190345,1122,11191467,4117,11195584,1101,11196685
"5416",28,11197175,1576,11198751,3300,11202051,1918,11203969
"5417",28,11204473,1128,11205601,1684,11207285,3534,11210819
"5418",28,11211338,1130,11212468,1767,11214235,3451,11217686
"5419",28,11218196,1122,11219318,2850,11222168,2368,11224536
"5420",28,11225067,1651,11226718,5217,11231935,1017,11232952
"5421",28,11233452,1616,11235068,2700,11237768,2518,11240286
"5422",28,11240803,1132,11241935,2417,11244352,2801,11247153
"5423",28,11247670,1132,11248802,1417,11250219,3800,11254019
"5424",28,11254555,1130,11255685,2517,11258202,2701,11260903
"5425",28,11261420,1132,11262552,2267,11264819,2951,11267770
"5426",28,11268297,1122,11269419,3150,11272569,2068,11274637
"5427",28,11275141,1128,11276269,2933,11279202,2285,11281487
"5428",28,11281985,1117,11283102,3067,11286169,2151,11288320
"5429",28,11288835,1250,11290085,1951,11292036,3267,11295303
"5430",28,11295821,1665,11297486,1616,11299102,3602,11302704
"5431",28,11303223,1663,11304886,7117,11312003,1016,11313019
"5432",28,11313534,1452,11314986,2867,11317853,2351,11320204
"5433",28,11320720,1133,11321853,2033,11323886,3185,11327071
"5434",28,11327581,1122,11328703,2850,11331553,2368,11333921
"5435",28,11334425,1794,11336219,2051,11338270,3167,11341437
"5436",28,11341952,1118,11343070,5933,11349003,1017,11350020
"5437",28,11350537,1833,11352370,1633,11354003,3585,11357588
"5438",28,11358092,1128,11359220,4183,11363403,1035,11364438
"5439",28,11364956,1631,11366587,6766,11373353,1017,11374370
"5440",28,11374856,1397,11376253,1884,11378137,3334,11381471
"5441",28,11381983,1587,11383570,7917,11391487,1017,11392504
"5442",28,11392998,1339,11394337,1467,11395804,3751,11399555
"5443",28,11400079,1125,11401204,7484,11408688,1016,11409704
"5444",28,11410218,1136,11411354,2367,11413721,2851,11416572
"5445",28,11417088,1649,11418737,1667,11420404,3551,11423955
"5446",28,11424470,1134,11425604,2351,11427955,2867,11430822
"5447",28,11431338,1133,11432471,1683,11434154,3535,11437689
"5448",28,11438193,1128,11439321,1417,11440738,3801,11444539
"5449",28,11445046,1125,11446171,3250,11449421,1968,11451389
"5450",28,11451900,1121,11453021,1150,11454171,4068,11458239
"5451",28,11458747,1124,11459871,4200,11464071,1018,11465089
"5452",28,11465575,1630,11467205,2000,11469205,3218,11472423
"5453",28,11472948,1574,11474522,1183,11475705,4034,11479739
"5454",28,11480259,1129,11481388,2867,11484255,2351,11486606
"5455",28,11487120,1135,11488255,1983,11490238,3235,11493473
"5456",28,11493978,1127,11495105,4484,11499589,1016,11500605
"5457",28,11501110,1129,11502239,6150,11508389,1017,11509406
"5458",28,11509930,1225,11511155,2484,11513639,2734,11516373
"5459",28,11516885,1120,11518005,4451,11522456,1016,11523472
"5460",28,11523988,1768,11525756,4800,11530556,1017,11531573
"5461",28,11532089,1300,11533389,1484,11534873,3734,11538607
"5462",28,11539112,1127,11540239,4000,11544239,1218,11545457
"5463",28,11545955,1134,11547089,2567,11549656,2651,11552307
"5464",28,11552833,1123,11553956,2567,11556523,2651,11559174
"5465",28,11559661,1128,11560789,6151,11566940,1016,11567956
"5466",28,11568456,1134,11569590,2716,11572306,2502,11574808
"5467",28,11575337,1136,11576473,3634,11580107,1584,11581691
"5468",28,11582208,1748,11583956,5084,11589040,1017,11590057
"5469",28,11590578,1129,11591707,4950,11596657,1017,11597674
"5470",28,11598185,1338,11599523,1567,11601090,3651,11604741
"5471",28,11605254,1136,11606390,1650,11608040,3568,11611608
"5472",28,11612109,1565,11613674,1816,11615490,3402,11618892
"5473",28,11619408,1132,11620540,7767,11628307,1017,11629324
"5474",28,11629850,1124,11630974,3683,11634657,1535,11636192
"5475",28,11636715,1542,11638257,1950,11640207,3268,11643475
"5476",28,11643971,1136,11645107,1917,11647024,3301,11650325
"5477",28,11650840,1134,11651974,4334,11656308,1016,11657324
"5478",28,11657844,1130,11658974,3167,11662141,2051,11664192
"5479",28,11664697,1127,11665824,1500,11667324,3718,11671042
"5480",28,11671552,1122,11672674,2834,11675508,2384,11677892
"5481",28,11678413,1128,11679541,1950,11681491,3268,11684759
"5482",28,11685273,1735,11687008,1450,11688458,3768,11692226
"5483",28,11692731,1127,11693858,1600,11695458,3618,11699076
"5484",28,11699595,1130,11700725,3750,11704475,1468,11705943
"5485",28,11706438,1254,11707692,4833,11712525,1017,11713542
"5486",28,11714049,1126,11715175,7534,11722709,1016,11723725
"5487",28,11724237,1122,11725359,1483,11726842,3735,11730577
"5488",28,11731097,1128,11732225,3151,11735376,2067,11737443
"5489",28,11737953,1306,11739259,2817,11742076,2401,11744477
"5490",28,11744980,1612,11746592,3184,11749776,2034,11751810
"5491",28,11752341,1135,11753476,1600,11755076,3617,11758693
"5492",28,11759213,1129,11760342,2467,11762809,2751,11765560
"5493",28,11766073,1136,11767209,2367,11769576,2851,11772427
"5494",28,11772959,1134,11774093,3050,11777143,2167,11779310
"5495",28,11779804,1122,11780926,4017,11784943,1201,11786144
"5496",28,11786664,1129,11787793,3600,11791393,1618,11793011
"5497",28,11793495,1531,11795026,3950,11798976,1268,11800244
"5498",28,11800756,1270,11802026,2100,11804126,3118,11807244
"5499",28,11807729,1131,11808860,2167,11811027,3051,11814078
"5500",28,11814594,1133,11815727,1800,11817527,3417,11820944
"5501",28,11821449,1127,11822576,3384,11825960,1834,11827794
"5502",28,11828282,1545,11829827,5550,11835377,1017,11836394
"5503",28,11836894,1133,11838027,4633,11842660,1017,11843677
"5504",28,11844192,1135,11845327,3717,11849044,1501,11850545
"5505",28,11851069,1125,11852194,1717,11853911,3501,11857412
"5506",28,11857925,1552,11859477,2117,11861594,3101,11864695
"5507",28,11865186,1125,11866311,1400,11867711,3818,11871529
"5508",28,11872036,1125,11873161,2800,11875961,2418,11878379
"5509",28,11878864,1280,11880144,3100,11883244,2118,11885362
"5510",28,11885877,1134,11887011,3683,11890694,1535,11892229
"5511",28,11892729,1132,11893861,4550,11898411,1017,11899428
"5512",28,11899944,1634,11901578,3600,11905178,1618,11906796
"5513",28,11907289,1122,11908411,2900,11911311,2318,11913629
"5514",28,11914151,1127,11915278,3333,11918611,1885,11920496
"5515",28,11920981,1130,11922111,2101,11924212,3117,11927329
"5516",28,11927841,1137,11928978,5634,11934612,1016,11935628
"5517",28,11936118,1360,11937478,2834,11940312,2384,11942696
"5518",28,11943187,1541,11944728,1800,11946528,3418,11949946
"5519",28,11950465,1130,11951595,2384,11953979,2834,11956813
"5520",28,11957320,1125,11958445,1484,11959929,3734,11963663
"5521",28,11964161,1134,11965295,2701,11967996,2517,11970513
"5522",28,11971023,1122,11972145,1167,11973312,4051,11977363
"5523",28,11977885,1644,11979529,2183,11981712,3035,11984747
"5524",28,11985262,1134,11986396,3483,11989879,1735,11991614
"5525",28,11992134,1128,11993262,1551,11994813,3667,11998480
"5526",28,11998975,1138,12000113,2100,12002213,3118,12005331
"5527",28,12005850,1129,12006979,4484,12011463,1017,12012480
"5528",28,12012971,1192,12014163,2550,12016713,2668,12019381
"5529",28,12019872,1124,12020996,2850,12023846,2368,12026214
"5530",28,12026718,1128,12027846,4834,12032680,1017,12033697
"5531",28,12034205,1125,12035330,2183,12037513,3035,12040548
"5532",28,12041052,1128,12042180,2750,12044930,2468,12047398
"5533",28,12047887,1126,12049013,1917,12050930,3301,12054231
"5534",28,12054730,1133,12055863,1401,12057264,3817,12061081
"5535",28,12061574,1673,12063247,2083,12065330,3135,12068465
"5536",28,12068971,1126,12070097,6600,12076697,1017,12077714
"5537",28,12078195,1135,12079330,3617,12082947,1601,12084548
"5538",28,12085070,1127,12086197,1500,12087697,3718,12091415
"5539",28,12091938,1126,12093064,1550,12094614,3668,12098282
"5540",28,12098773,1124,12099897,1584,12101481,3634,12105115
"5541",28,12105614,1133,12106747,1751,12108498,3467,12111965
"5542",28,12112462,1252,12113714,4700,12118414,1017,12119431
"5543",28,12119918,1613,12121531,2050,12123581,3168,12126749
"5544",28,12127239,1125,12128364,1534,12129898,3684,12133582
"5545",28,12134093,1121,12135214,5634,12140848,1017,12141865
"5546",28,12142364,1134,12143498,1783,12145281,3435,12148716
"5547",28,12149238,1127,12150365,3333,12153698,1885,12155583
"5548",28,12156075,1123,12157198,2250,12159448,2968,12162416
"5549",28,12162914,1134,12164048,2217,12166265,3001,12169266
"5550",28,12169764,1134,12170898,1234,12172132,3984,12176116
"5551",28,12176623,1125,12177748,1467,12179215,3751,12182966
"5552",28,12183483,1449,12184932,1483,12186415,3735,12190150
"5553",28,12190661,1404,12192065,5267,12197332,1017,12198349
"5554",28,12198861,1338,12200199,1333,12201532,3885,12205417
"5555",28,12205945,1137,12207082,1234,12208316,3984,12212300
"5556",28,12212821,1128,12213949,3183,12217132,2035,12219167
"5557",28,12219683,1133,12220816,3666,12224482,1552,12226034
"5558",28,12226552,1297,12227849,1617,12229466,3601,12233067
"5559",28,12233567,1132,12234699,1117,12235816,4101,12239917
"5560",28,12240432,1134,12241566,2367,12243933,2851,12246784
"5561",28,12247292,1124,12248416,3000,12251416,2218,12253634
"5562",28,12254150,1133,12255283,1684,12256967,3534,12260501
"5563",28,12260994,1122,12262116,1417,12263533,3801,12267334
"5564",28,12267826,1124,12268950,2067,12271017,3151,12274168
"5565",28,12274675,1125,12275800,1367,12277167,3851,12281018
"5566",28,12281525,1125,12282650,1600,12284250,3618,12287868
"5567",28,12288389,1128,12289517,1767,12291284,3451,12294735
"5568",28,12295257,1126,12296383,1851,12298234,3367,12301601
"5569",28,12302124,1126,12303250,3650,12306900,1568,12308468
"5570",28,12308981,1219,12310200,4817,12315017,1017,12316034
"5571",28,12316555,1712,12318267,3567,12321834,1651,12323485
"5572",28,12323978,1122,12325100,3767,12328867,1451,12330318
"5573",28,12330796,1138,12331934,2350,12334284,2868,12337152
"5574",28,12337663,1121,12338784,3134,12341918,2084,12344002
"5575",28,12344509,1125,12345634,2567,12348201,2651,12350852
"5576",28,12351342,1126,12352468,4333,12356801,1017,12357818
"5577",28,12358318,1133,12359451,2767,12362218,2451,12364669
"5578",28,12365175,1126,12366301,4284,12370585,1016,12371601
"5579",28,12372108,1310,12373418,2017,12375435,3201,12378636
"5580",28,12379131,1137,12380268,5134,12385402,1016,12386418
"5581",28,12386911,1290,12388201,4534,12392735,1017,12393752
"5582",28,12394274,1294,12395568,3850,12399418,1368,12400786
"5583",28,12401294,1124,12402418,2334,12404752,2884,12407636
"5584",28,12408139,1129,12409268,2401,12411669,2818,12414487
"5585",28,12414981,1137,12416118,3684,12419802,1534,12421336
"5586",28,12421853,1132,12422985,3184,12426169,2034,12428203
"5587",28,12428724,1128,12429852,2017,12431869,3201,12435070
"5588",28,12435598,2571,12438169,3383,12441552,1835,12443387
"5589",28,12443900,1136,12445036,1150,12446186,4068,12450254
"5590",28,12450763,1123,12451886,1733,12453619,3485,12457104
"5591",28,12457608,1311,12458919,1100,12460019,4118,12464137
"5592",28,12464625,1128,12465753,1783,12467536,3435,12470971
"5593",28,12471462,1124,12472586,2500,12475086,2718,12477804
"5594",28,12478307,1129,12479436,2067,12481503,3151,12484654
"5595",28,12485143,1127,12486270,1733,12488003,3484,12491487
"5596",28,12491977,1126,12493103,4800,12497903,1017,12498920
"5597",28,12499439,1131,12500570,3317,12503887,1901,12505788
"5598",28,12506301,1135,12507436,5051,12512487,1016,12513503
"5599",28,12514020,1300,12515320,1750,12517070,3468,12520538
"5600",28,12521048,1122,12522170,3734,12525904,1484,12527388
"5601",29,15333326,1851,15335177,1434,15336611,3784,15340395
"5602",29,15340911,1133,15342044,1050,15343094,4168,15347262
"5603",29,15347753,1124,15348877,2867,15351744,2351,15354095
"5604",29,15354602,1809,15356411,1133,15357544,4085,15361629
"5605",29,15362118,1626,15363744,1300,15365044,3918,15368962
"5606",29,15369472,1122,15370594,1050,15371644,4168,15375812
"5607",29,15376331,1130,15377461,767,15378228,4451,15382679
"5608",29,15383184,1127,15384311,1017,15385328,4201,15389529
"5609",29,15390009,1135,15391144,1534,15392678,3684,15396362
"5610",29,15396867,2144,15399011,917,15399928,4301,15404229
"5611",29,15404734,1127,15405861,884,15406745,4334,15411079
"5612",29,15411592,1136,15412728,1034,15413762,4184,15417946
"5613",29,15418461,1301,15419762,1850,15421612,3367,15424979
"5614",29,15425483,1129,15426612,1467,15428079,3751,15431830
"5615",29,15432360,1135,15433495,1184,15434679,4034,15438713
"5616",29,15439224,1138,15440362,1350,15441712,3868,15445580
"5617",29,15446093,1419,15447512,1133,15448645,4085,15452730
"5618",29,15453246,1849,15455095,1101,15456196,4117,15460313
"5619",29,15460849,1130,15461979,1400,15463379,3818,15467197
"5620",29,15467701,1128,15468829,1117,15469946,4101,15474047
"5621",29,15474564,1132,15475696,1350,15477046,3868,15480914
"5622",29,15481421,1492,15482913,1250,15484163,3967,15488130
"5623",29,15488638,1758,15490396,1217,15491613,4001,15495614
"5624",29,15496122,1124,15497246,2333,15499579,2885,15502464
"5625",29,15502984,1529,15504513,1367,15505880,3851,15509731
"5626",29,15510233,1130,15511363,1850,15513213,3368,15516581
"5627",29,15517096,1134,15518230,1600,15519830,3618,15523448
"5628",29,15523946,1700,15525646,1501,15527147,3717,15530864
"5629",29,15531382,1131,15532513,950,15533463,4268,15537731
"5630",29,15538224,1123,15539347,1216,15540563,4002,15544565
"5631",29,15545065,1132,15546197,1400,15547597,3818,15551415
"5632",29,15551924,1123,15553047,1467,15554514,3751,15558265
"5633",29,15558773,1791,15560564,1100,15561664,4118,15565782
"5634",29,15566274,1990,15568264,1183,15569447,4035,15573482
"5635",29,15573997,1167,15575164,900,15576064,4318,15580382
"5636",29,15580886,1128,15582014,917,15582931,4301,15587232
"5637",29,15587723,1258,15588981,1017,15589998,4201,15594199
"5638",29,15594691,1306,15595997,1217,15597214,4001,15601215
"5639",29,15601730,1684,15603414,984,15604398,4234,15608632
"5640",29,15609130,1734,15610864,1034,15611898,4184,15616082
"5641",29,15616603,1611,15618214,3667,15621881,1552,15623433
"5642",29,15623968,2147,15626115,1116,15627231,4102,15631333
"5643",29,15631851,1130,15632981,967,15633948,4251,15638199
"5644",29,15638691,2024,15640715,1050,15641765,4168,15645933
"5645",29,15646449,1983,15648432,1016,15649448,4201,15653649
"5646",29,15654149,1433,15655582,1583,15657165,3635,15660800
"5647",29,15661290,1292,15662582,1350,15663932,3868,15667800
"5648",29,15668305,2010,15670315,1950,15672265,3268,15675533
"5649",29,15676072,1127,15677199,1467,15678666,3751,15682417
"5650",29,15682922,1477,15684399,1150,15685549,4068,15689617
"5651",29,15690130,1419,15691549,1667,15693216,3551,15696767
"5652",29,15697254,1662,15698916,1467,15700383,3751,15704134
"5653",29,15704644,1405,15706049,1284,15707333,3934,15711267
"5654",29,15711776,1123,15712899,817,15713716,4401,15718117
"5655",29,15718624,1342,15719966,850,15720816,4368,15725184
"5656",29,15725711,1288,15726999,1117,15728116,4101,15732217
"5657",29,15732721,1129,15733850,1050,15734900,4167,15739067
"5658",29,15739558,2358,15741916,784,15742700,4434,15747134
"5659",29,15747635,1131,15748766,1234,15750000,3984,15753984
"5660",29,15754474,1126,15755600,1617,15757217,3601,15760818
"5661",29,15761330,2020,15763350,800,15764150,4418,15768568
"5662",29,15769081,1136,15770217,1333,15771550,3885,15775435
"5663",29,15775972,2345,15778317,1067,15779384,4151,15783535
"5664",29,15784043,1374,15785417,1583,15787000,3635,15790635
"5665",29,15791152,1615,15792767,1317,15794084,3901,15797985
"5666",29,15798485,1132,15799617,1200,15800817,4018,15804835
"5667",29,15805354,1797,15807151,1066,15808217,4151,15812368
"5668",29,15812877,1540,15814417,1234,15815651,3984,15819635
"5669",29,15820151,1250,15821401,1150,15822551,4068,15826619
"5670",29,15827149,1135,15828284,1184,15829468,4034,15833502
"5671",29,15834001,1600,15835601,817,15836418,4401,15840819
"5672",29,15841330,1738,15843068,1117,15844185,4101,15848286
"5673",29,15848787,1131,15849918,1117,15851035,4101,15855136
"5674",29,15855631,1854,15857485,1083,15858568,4135,15862703
"5675",29,15863217,1701,15864918,1617,15866535,3601,15870136
"5676",29,15870627,1675,15872302,1700,15874002,3517,15877519
"5677",29,15878006,1596,15879602,1150,15880752,4068,15884820
"5678",29,15885347,1138,15886485,1300,15887785,3918,15891703
"5679",29,15892203,2749,15894952,1533,15896485,3685,15900170
"5680",29,15900662,1757,15902419,1533,15903952,3684,15907636
"5681",29,15908156,1129,15909285,1084,15910369,4134,15914503
"5682",29,15915002,1467,15916469,1100,15917569,4118,15921687
"5683",29,15922199,1137,15923336,1050,15924386,4167,15928553
"5684",29,15929047,1122,15930169,1117,15931286,4101,15935387
"5685",29,15935899,1137,15937036,983,15938019,4235,15942254
"5686",29,15942768,1618,15944386,1250,15945636,3968,15949604
"5687",29,15950105,4998,15955103,1400,15956503,3818,15960321
"5688",29,15960820,2083,15962903,1117,15964020,4101,15968121
"5689",29,15968610,1293,15969903,1217,15971120,4001,15975121
"5690",29,15975641,2312,15977953,1100,15979053,4118,15983171
"5691",29,15983683,1137,15984820,850,15985670,4368,15990038
"5692",29,15990544,1126,15991670,1050,15992720,4168,15996888
"5693",29,15997382,1138,15998520,700,15999220,4518,16003738
"5694",29,16004249,1138,16005387,1183,16006570,4035,16010605
"5695",29,16011118,1136,16012254,1000,16013254,4217,16017471
"5696",29,16017959,1695,16019654,1167,16020821,4051,16024872
"5697",29,16025388,1216,16026604,1566,16028170,3652,16031822
"5698",29,16032330,1124,16033454,967,16034421,4251,16038672
"5699",29,16039181,1123,16040304,983,16041287,4235,16045522
"5700",29,16046007,1130,16047137,2267,16049404,2951,16052355
"5701",29,16052867,1804,16054671,1267,16055938,3951,16059889
"5702",29,16060401,1387,16061788,1316,16063104,3902,16067006
"5703",29,16067532,1122,16068654,1301,16069955,3917,16073872
"5704",29,16074387,1151,16075538,1367,16076905,3851,16080756
"5705",29,16081263,1258,16082521,1534,16084055,3684,16087739
"5706",29,16088256,1682,16089938,1234,16091172,3984,16095156
"5707",29,16095666,1422,16097088,1334,16098422,3884,16102306
"5708",29,16102822,1133,16103955,1483,16105438,3735,16109173
"5709",29,16109689,2216,16111905,1300,16113205,3918,16117123
"5710",29,16117615,6257,16123872,1333,16125205,3885,16129090
"5711",29,16129596,1976,16131572,1650,16133222,3568,16136790
"5712",29,16137316,1873,16139189,2000,16141189,3218,16144407
"5713",29,16144905,1467,16146372,1334,16147706,3884,16151590
"5714",29,16152097,1125,16153222,1484,16154706,3734,16158440
"5715",29,16158929,1710,16160639,1500,16162139,3718,16165857
"5716",29,16166378,1128,16167506,1217,16168723,4001,16172724
"5717",29,16173216,1807,16175023,1766,16176789,3451,16180240
"5718",29,16180754,2002,16182756,1167,16183923,4051,16187974
"5719",29,16188496,1677,16190173,967,16191140,4250,16195390
"5720",29,16195897,1126,16197023,767,16197790,4451,16202241
"5721",29,16202752,1738,16204490,1767,16206257,3451,16209708
"5722",29,16210222,1551,16211773,1084,16212857,4134,16216991
"5723",29,16217510,1880,16219390,1433,16220823,3785,16224608
"5724",29,16225114,1593,16226707,1083,16227790,4134,16231924
"5725",29,16232444,1213,16233657,2467,16236124,2751,16238875
"5726",29,16239365,1125,16240490,867,16241357,4351,16245708
"5727",29,16246209,1698,16247907,1183,16249090,4035,16253125
"5728",29,16253643,1131,16254774,1817,16256591,3401,16259992
"5729",29,16260502,1122,16261624,1067,16262691,4151,16266842
"5730",29,16267358,1133,16268491,1667,16270158,3550,16273708
"5731",29,16274222,1735,16275957,1334,16277291,3884,16281175
"5732",29,16281683,2025,16283708,1116,16284824,4101,16288925
"5733",29,16289448,1660,16291108,1000,16292108,4218,16296326
"5734",29,16296815,1126,16297941,1184,16299125,4034,16303159
"5735",29,16303669,1522,16305191,1084,16306275,4134,16310409
"5736",29,16310914,2077,16312991,1167,16314158,4051,16318209
"5737",29,16318716,1159,16319875,1217,16321092,4001,16325093
"5738",29,16325579,1646,16327225,1117,16328342,4101,16332443
"5739",29,16332956,1152,16334108,1184,16335292,4034,16339326
"5740",29,16339843,1849,16341692,1233,16342925,3985,16346910
"5741",29,16347435,1407,16348842,1133,16349975,4085,16354060
"5742",29,16354563,1295,16355858,1384,16357242,3834,16361076
"5743",29,16361581,1661,16363242,1083,16364325,4135,16368460
"5744",29,16368966,1126,16370092,1217,16371309,4001,16375310
"5745",29,16375822,1803,16377625,1001,16378626,4217,16382843
"5746",29,16383335,1657,16384992,2000,16386992,3218,16390210
"5747",29,16390710,1566,16392276,1183,16393459,4035,16397494
"5748",29,16398004,1622,16399626,1633,16401259,3585,16404844
"5749",29,16405378,1898,16407276,1333,16408609,3885,16412494
"5750",29,16413000,1126,16414126,934,16415060,4284,16419344
"5751",29,16419861,1132,16420993,1100,16422093,4118,16426211
"5752",29,16426732,1744,16428476,1017,16429493,4201,16433694
"5753",29,16434205,1121,16435326,1384,16436710,3834,16440544
"5754",29,16441049,1127,16442176,1467,16443643,3751,16447394
"5755",29,16447914,1863,16449777,1333,16451110,3884,16454994
"5756",29,16455525,1268,16456793,1067,16457860,4151,16462011
"5757",29,16462526,1134,16463660,1034,16464694,4184,16468878
"5758",29,16469382,1312,16470694,750,16471444,4468,16475912
"5759",29,16476426,2051,16478477,917,16479394,4301,16483695
"5760",29,16484232,1128,16485360,851,16486211,4367,16490578
"5761",29,16491073,1137,16492210,1134,16493344,4084,16497428
"5762",29,16497927,1717,16499644,1367,16501011,3851,16504862
"5763",29,16505339,1605,16506944,1034,16507978,4184,16512162
"5764",29,16512652,1875,16514527,767,16515294,4451,16519745
"5765",29,16520275,1303,16521578,900,16522478,4318,16526796
"5766",29,16527318,1660,16528978,1350,16530328,3868,16534196
"5767",29,16534687,1241,16535928,1067,16536995,4151,16541146
"5768",29,16541641,1387,16543028,1450,16544478,3768,16548246
"5769",29,16548754,1124,16549878,934,16550812,4284,16555096
"5770",29,16555602,1576,16557178,1500,16558678,3718,16562396
"5771",29,16562899,1129,16564028,1200,16565228,4018,16569246
"5772",29,16569760,1118,16570878,1484,16572362,3734,16576096
"5773",29,16576614,1131,16577745,1467,16579212,3751,16582963
"5774",29,16583456,1422,16584878,767,16585645,4451,16590096
"5775",29,16590622,1507,16592129,1383,16593512,3835,16597347
"5776",29,16597836,1909,16599745,1451,16601196,3767,16604963
"5777",29,16605461,9685,16615146,1700,16616846,3518,16620364
"5778",29,16620854,3692,16624546,1450,16625996,3768,16629764
"5779",29,16630270,3743,16634013,866,16634879,4352,16639231
"5780",29,16639746,1267,16641013,1433,16642446,3785,16646231
"5781",29,16646739,1124,16647863,1367,16649230,3851,16653081
"5782",29,16653583,3047,16656630,750,16657380,4467,16661847
"5783",29,16662337,3243,16665580,1417,16666997,3801,16670798
"5784",29,16671322,1624,16672946,1067,16674013,4151,16678164
"5785",29,16678658,1122,16679780,1600,16681380,3618,16684998
"5786",29,16685502,1628,16687130,933,16688063,4285,16692348
"5787",29,16692855,1259,16694114,1516,16695630,3701,16699331
"5788",29,16699838,1259,16701097,1433,16702530,3785,16706315
"5789",29,16706829,1318,16708147,1067,16709214,4151,16713365
"5790",29,16713888,1226,16715114,1200,16716314,4018,16720332
"5791",29,16720839,1792,16722631,1783,16724414,3434,16727848
"5792",29,16728364,1917,16730281,1233,16731514,3985,16735499
"5793",29,16736015,1749,16737764,3234,16740998,1984,16742982
"5794",29,16743510,1904,16745414,1567,16746981,3651,16750632
"5795",29,16751157,1124,16752281,1817,16754098,3401,16757499
"5796",29,16758008,1590,16759598,1133,16760731,4085,16764816
"5797",29,16765310,1671,16766981,1067,16768048,4151,16772199
"5798",29,16772711,1287,16773998,1533,16775531,3685,16779216
"5799",29,16779726,1389,16781115,1333,16782448,3885,16786333
"5800",29,16786855,1476,16788331,1351,16789682,3867,16793549
"5801",30,19246776,2375,19249151,3183,19252334,2035,19254369
"5802",30,19254895,1123,19256018,1233,19257251,3984,19261235
"5803",30,19261728,1123,19262851,3434,19266285,1784,19268069
"5804",30,19268588,1130,19269718,1483,19271201,3735,19274936
"5805",30,19275435,1133,19276568,3550,19280118,1668,19281786
"5806",30,19282270,1131,19283401,1751,19285152,3467,19288619
"5807",30,19289118,1133,19290251,1417,19291668,3801,19295469
"5808",30,19296002,1133,19297135,1667,19298802,3551,19302353
"5809",30,19302859,2426,19305285,3050,19308335,2168,19310503
"5810",30,19311030,1255,19312285,1050,19313335,4168,19317503
"5811",30,19318027,1158,19319185,3667,19322852,1551,19324403
"5812",30,19324922,3263,19328185,1417,19329602,3801,19333403
"5813",30,19333919,1133,19335052,2900,19337952,2318,19340270
"5814",30,19340770,1132,19341902,5184,19347086,1016,19348102
"5815",30,19348603,1483,19350086,1200,19351286,4017,19355303
"5816",30,19355810,1126,19356936,1833,19358769,3384,19362153
"5817",30,19362667,1135,19363802,4484,19368286,1017,19369303
"5818",30,19369833,1319,19371152,2234,19373386,2984,19376370
"5819",30,19376874,1129,19378003,3233,19381236,1985,19383221
"5820",30,19383743,1126,19384869,5017,19389886,1017,19390903
"5821",30,19391443,1510,19392953,2950,19395903,2268,19398171
"5822",30,19398693,1127,19399820,3817,19403637,1401,19405038
"5823",30,19405578,4392,19409970,1817,19411787,3401,19415188
"5824",30,19415688,1132,19416820,2000,19418820,3218,19422038
"5825",30,19422561,5076,19427637,8250,19435887,1017,19436904
"5826",30,19437437,1883,19439320,2567,19441887,2651,19444538
"5827",30,19445032,1122,19446154,2150,19448304,3068,19451372
"5828",30,19451888,1249,19453137,5350,19458487,1017,19459504
"5829",30,19460022,2532,19462554,4167,19466721,1051,19467772
"5830",30,19468295,1476,19469771,1383,19471154,3835,19474989
"5831",30,19475504,1400,19476904,1200,19478104,4018,19482122
"5832",30,19482633,7805,19490438,1583,19492021,3635,19495656
"5833",30,19496187,1201,19497388,2300,19499688,2918,19502606
"5834",30,19503115,1123,19504238,3367,19507605,1851,19509456
"5835",30,19509945,2126,19512071,3167,19515238,2051,19517289
"5836",30,19517801,5654,19523455,1717,19525172,3501,19528673
"5837",30,19529195,3160,19532355,2200,19534555,3018,19537573
"5838",30,19538097,2075,19540172,1983,19542155,3235,19545390
"5839",30,19545885,13787,19559672,2484,19562156,2734,19564890
"5840",30,19565395,5861,19571256,1583,19572839,3634,19576473
"5841",30,19576988,7001,19583989,1767,19585756,3451,19589207
"5842",30,19589740,2999,19592739,5601,19598340,1016,19599356
"5843",30,19599860,4179,19604039,2584,19606623,2634,19609257
"5844",30,19609764,1509,19611273,2367,19613640,2851,19616491
"5845",30,19617005,4635,19621640,1900,19623540,3318,19626858
"5846",30,19627380,1126,19628506,4201,19632707,1017,19633724
"5847",30,19634234,3123,19637357,3316,19640673,1902,19642575
"5848",30,19643112,1261,19644373,1650,19646023,3568,19649591
"5849",30,19650120,1137,19651257,2050,19653307,3168,19656475
"5850",30,19656983,1307,19658290,2900,19661190,2318,19663508
"5851",30,19664017,1257,19665274,1533,19666807,3684,19670491
"5852",30,19670993,8297,19679290,4284,19683574,1017,19684591
"5853",30,19685111,1396,19686507,1284,19687791,3934,19691725
"5854",30,19692251,1606,19693857,3501,19697358,1717,19699075
"5855",30,19699580,2044,19701624,1067,19702691,4151,19706842
"5856",30,19707361,2647,19710008,1616,19711624,3601,19715225
"5857",30,19715757,4967,19720724,1834,19722558,3384,19725942
"5858",30,19726457,10801,19737258,1067,19738325,4151,19742476
"5859",30,19742989,5402,19748391,2951,19751342,2267,19753609
"5860",30,19754135,1406,19755541,2084,19757625,3134,19760759
"5861",30,19761266,1126,19762392,3983,19766375,1235,19767610
"5862",30,19768113,2845,19770958,4017,19774975,1201,19776176
"5863",30,19776663,1129,19777792,1483,19779275,3735,19783010
"5864",30,19783539,4103,19787642,1500,19789142,3718,19792860
"5865",30,19793357,1135,19794492,5484,19799976,1017,19800993
"5866",30,19801494,1298,19802792,1500,19804292,3718,19808010
"5867",30,19808515,1127,19809642,5384,19815026,1017,19816043
"5868",30,19816554,5305,19821859,1634,19823493,3584,19827077
"5869",30,19827574,1135,19828709,4234,19832943,1017,19833960
"5870",30,19834455,2771,19837226,1567,19838793,3651,19842444
"5871",30,19842967,2526,19845493,1100,19846593,4118,19850711
"5872",30,19851208,4068,19855276,2651,19857927,2567,19860494
"5873",30,19860988,4722,19865710,7700,19873410,1017,19874427
"5874",30,19874945,2332,19877277,1650,19878927,3568,19882495
"5875",30,19883007,2553,19885560,2584,19888144,2634,19890778
"5876",30,19891281,1129,19892410,2584,19894994,2634,19897628
"5877",30,19898134,19343,19917477,1417,19918894,3801,19922695
"5878",30,19923203,3174,19926377,1667,19928044,3551,19931595
"5879",30,19932082,3929,19936011,3217,19939228,2001,19941229
"5880",30,19941750,3594,19945344,1434,19946778,3784,19950562
"5881",30,19951079,1332,19952411,2450,19954861,2768,19957629
"5882",30,19958131,2347,19960478,2200,19962678,3018,19965696
"5883",30,19966212,3899,19970111,1801,19971912,3417,19975329
"5884",30,19975831,1431,19977262,4350,19981612,1016,19982628
"5885",30,19983164,1298,19984462,1900,19986362,3318,19989680
"5886",30,19990173,1522,19991695,1300,19992995,3918,19996913
"5887",30,19997433,1129,19998562,1250,19999812,3968,20003780
"5888",30,20004293,13086,20017379,5283,20022662,1017,20023679
"5889",30,20024189,17407,20041596,2983,20044579,2235,20046814
"5890",30,20047333,2196,20049529,2000,20051529,3218,20054747
"5891",30,20055252,1261,20056513,1117,20057630,4101,20061731
"5892",30,20062237,29526,20091763,1850,20093613,3368,20096981
"5893",30,20097494,1569,20099063,2517,20101580,2701,20104281
"5894",30,20104789,14008,20118797,1450,20120247,3768,20124015
"5895",30,20124507,132442,20256949,1783,20258732,3435,20262167
"5896",30,20262670,1129,20263799,1217,20265016,4001,20269017
"5897",30,20269518,1831,20271349,2267,20273616,2951,20276567
"5898",30,20277084,1132,20278216,2217,20280433,3001,20283434
"5899",30,20283933,1133,20285066,1917,20286983,3301,20290284
"5900",30,20290815,1134,20291949,1001,20292950,4217,20297167
"5901",30,20297703,1130,20298833,983,20299816,4235,20304051
"5902",30,20304569,3247,20307816,1751,20309567,3467,20313034
"5903",30,20313510,1123,20314633,984,20315617,4234,20319851
"5904",30,20320373,2510,20322883,850,20323733,4368,20328101
"5905",30,20328621,1412,20330033,2884,20332917,2334,20335251
"5906",30,20335742,1308,20337050,1200,20338250,4018,20342268
"5907",30,20342784,1133,20343917,1017,20344934,4201,20349135
"5908",30,20349636,1331,20350967,1267,20352234,3951,20356185
"5909",30,20356682,1135,20357817,1117,20358934,4101,20363035
"5910",30,20363569,2048,20365617,1334,20366951,3884,20370835
"5911",30,20371356,1128,20372484,750,20373234,4468,20377702
"5912",30,20378222,6329,20384551,2167,20386718,3051,20389769
"5913",30,20390289,2212,20392501,1200,20393701,4018,20397719
"5914",30,20398233,1135,20399368,1917,20401285,3301,20404586
"5915",30,20405111,1357,20406468,1117,20407585,4101,20411686
"5916",30,20412222,2363,20414585,1450,20416035,3768,20419803
"5917",30,20420314,1138,20421452,1233,20422685,3984,20426669
"5918",30,20427193,1125,20428318,1067,20429385,4151,20433536
"5919",30,20434063,1122,20435185,867,20436052,4351,20440403
"5920",30,20440906,1129,20442035,1317,20443352,3901,20447253
"5921",30,20447764,1138,20448902,1067,20449969,4151,20454120
"5922",30,20454628,1307,20455935,950,20456885,4268,20461153
"5923",30,20461656,1129,20462785,1251,20464036,3967,20468003
"5924",30,20468515,2521,20471036,4166,20475202,1051,20476253
"5925",30,20476750,1269,20478019,1234,20479253,3984,20483237
"5926",30,20483739,2530,20486269,1184,20487453,4034,20491487
"5927",30,20491998,1138,20493136,1017,20494153,4201,20498354
"5928",30,20498855,1131,20499986,1634,20501620,3584,20505204
"5929",30,20505696,1390,20507086,4134,20511220,1084,20512304
"5930",30,20512806,1447,20514253,1033,20515286,4185,20519471
"5931",30,20519993,1127,20521120,5316,20526436,1017,20527453
"5932",30,20527971,1282,20529253,933,20530186,4285,20534471
"5933",30,20534983,1137,20536120,2550,20538670,2668,20541338
"5934",30,20541844,1426,20543270,1000,20544270,4218,20548488
"5935",30,20548990,1130,20550120,1034,20551154,4184,20555338
"5936",30,20555848,1405,20557253,1317,20558570,3901,20562471
"5937",30,20562977,1260,20564237,1000,20565237,4218,20569455
"5938",30,20569959,1345,20571304,1133,20572437,4085,20576522
"5939",30,20577063,1124,20578187,1134,20579321,4084,20583405
"5940",30,20583920,1134,20585054,2117,20587171,3101,20590272
"5941",30,20590796,1241,20592037,5434,20597471,1017,20598488
"5942",30,20599015,2472,20601487,1417,20602904,3801,20606705
"5943",30,20607207,1131,20608338,2216,20610554,3002,20613556
"5944",30,20614058,1480,20615538,1433,20616971,3785,20620756
"5945",30,20621277,1127,20622404,2517,20624921,2701,20627622
"5946",30,20628143,1345,20629488,1250,20630738,3968,20634706
"5947",30,20635206,1215,20636421,1550,20637971,3668,20641639
"5948",30,20642141,1130,20643271,2151,20645422,3067,20648489
"5949",30,20649025,5130,20654155,1283,20655438,3935,20659373
"5950",30,20659886,4486,20664372,2467,20666839,2751,20669590
"5951",30,20670096,1126,20671222,1434,20672656,3784,20676440
"5952",30,20676938,2501,20679439,733,20680172,4485,20684657
"5953",30,20685175,9014,20694189,2883,20697072,2335,20699407
"5954",30,20699926,1363,20701289,4034,20705323,1184,20706507
"5955",30,20707021,1368,20708389,1467,20709856,3751,20713607
"5956",30,20714120,1336,20715456,1850,20717306,3368,20720674
"5957",30,20721180,1126,20722306,2750,20725056,2468,20727524
"5958",30,20728044,1129,20729173,1400,20730573,3818,20734391
"5959",30,20734910,1129,20736039,1634,20737673,3584,20741257
"5960",30,20741778,3812,20745590,3300,20748890,1918,20750808
"5961",30,20751318,1122,20752440,2150,20754590,3068,20757658
"5962",30,20758186,1137,20759323,1267,20760590,3951,20764541
"5963",30,20765034,3673,20768707,983,20769690,4235,20773925
"5964",30,20774437,1136,20775573,1651,20777224,3567,20780791
"5965",30,20781323,1134,20782457,1300,20783757,3918,20787675
"5966",30,20788179,1128,20789307,1250,20790557,3968,20794525
"5967",30,20795015,1125,20796140,1451,20797591,3767,20801358
"5968",30,20801868,1339,20803207,2467,20805674,2751,20808425
"5969",30,20808947,1127,20810074,1483,20811557,3735,20815292
"5970",30,20815820,1537,20817357,1751,20819108,3467,20822575
"5971",30,20823067,1407,20824474,1967,20826441,3251,20829692
"5972",30,20830226,1132,20831358,1400,20832758,3817,20836575
"5973",30,20837093,1131,20838224,5417,20843641,1017,20844658
"5974",30,20845184,1124,20846308,1817,20848125,3401,20851526
"5975",30,20852027,1131,20853158,1133,20854291,4085,20858376
"5976",30,20858900,1125,20860025,916,20860941,4302,20865243
"5977",30,20865767,4058,20869825,1500,20871325,3718,20875043
"5978",30,20875556,1185,20876741,1184,20877925,4034,20881959
"5979",30,20882475,7517,20889992,2167,20892159,3051,20895210
"5980",30,20895739,1403,20897142,1317,20898459,3901,20902360
"5981",30,20902870,4639,20907509,1083,20908592,4135,20912727
"5982",30,20913244,1131,20914375,1267,20915642,3951,20919593
"5983",30,20920118,1124,20921242,1500,20922742,3718,20926460
"5984",30,20926962,2664,20929626,1317,20930943,3901,20934844
"5985",30,20935367,1125,20936492,1034,20937526,4184,20941710
"5986",30,20942225,1134,20943359,1284,20944643,3934,20948577
"5987",30,20949068,1125,20950193,2516,20952709,2702,20955411
"5988",30,20955922,1304,20957226,1084,20958310,4134,20962444
"5989",30,20962957,1136,20964093,2183,20966276,3035,20969311
"5990",30,20969868,1125,20970993,1083,20972076,4135,20976211
"5991",30,20976731,2362,20979093,1200,20980293,4018,20984311
"5992",30,20984827,1133,20985960,950,20986910,4268,20991178
"5993",30,20991669,1324,20992993,1334,20994327,3884,20998211
"5994",30,20998736,1241,20999977,1117,21001094,4101,21005195
"5995",30,21005706,4654,21010360,1267,21011627,3951,21015578
"5996",30,21016102,1158,21017260,1617,21018877,3601,21022478
"5997",30,21022990,1320,21024310,1351,21025661,3867,21029528
"5998",30,21030023,1138,21031161,1216,21032377,4001,21036378
"5999",30,21036880,1131,21038011,1233,21039244,3985,21043229
"6000",30,21043725,1252,21044977,1534,21046511,3684,21050195
"6001",31,2093763,1494,2095257,1282,2096539,3936,2100475
"6002",31,2100991,1264,2102255,1717,2103972,3501,2107473
"6003",31,2107995,1127,2109122,1217,2110339,4001,2114340
"6004",31,2114865,1124,2115989,1116,2117105,4102,2121207
"6005",31,2121722,1733,2123455,1834,2125289,3384,2128673
"6006",31,2129189,1133,2130322,1584,2131906,3634,2135540
"6007",31,2136041,1131,2137172,2017,2139189,3201,2142390
"6008",31,2142904,1135,2144039,2950,2146989,2268,2149257
"6009",31,2149782,1724,2151506,1683,2153189,3535,2156724
"6010",31,2157218,1138,2158356,1383,2159739,3835,2163574
"6011",31,2164095,1128,2165223,2100,2167323,3117,2170440
"6012",31,2170954,1135,2172089,2700,2174789,2518,2177307
"6013",31,2177798,1125,2178923,1850,2180773,3368,2184141
"6014",31,2184643,1763,2186406,3450,2189856,1768,2191624
"6015",31,2192134,1122,2193256,1967,2195223,3251,2198474
"6016",31,2198979,1944,2200923,2567,2203490,2651,2206141
"6017",31,2206650,1123,2207773,1500,2209273,3718,2212991
"6018",31,2213510,1213,2214723,2034,2216757,3184,2219941
"6019",31,2220455,1135,2221590,1667,2223257,3551,2226808
"6020",31,2227338,1902,2229240,2050,2231290,3168,2234458
"6021",31,2234966,1124,2236090,1100,2237190,4118,2241308
"6022",31,2241813,1661,2243474,1533,2245007,3685,2248692
"6023",31,2249204,1136,2250340,2351,2252691,2867,2255558
"6024",31,2256066,1124,2257190,3601,2260791,1618,2262409
"6025",31,2262901,1206,2264107,1651,2265758,3567,2269325
"6026",31,2269833,1874,2271707,1867,2273574,3351,2276925
"6027",31,2277446,1662,2279108,1500,2280608,3717,2284325
"6028",31,2284837,1321,2286158,2833,2288991,2385,2291376
"6029",31,2291861,1930,2293791,1200,2294991,4018,2299009
"6030",31,2299524,1734,2301258,3733,2304991,1485,2306476
"6031",31,2306991,1884,2308875,1516,2310391,3702,2314093
"6032",31,2314596,1162,2315758,1550,2317308,3668,2320976
"6033",31,2321469,1706,2323175,1417,2324592,3801,2328393
"6034",31,2328906,1669,2330575,1583,2332158,3635,2335793
"6035",31,2336291,1134,2337425,1000,2338425,4218,2342643
"6036",31,2343168,1790,2344958,2834,2347792,2384,2350176
"6037",31,2350685,1124,2351809,1666,2353475,3552,2357027
"6038",31,2357538,2137,2359675,2034,2361709,3184,2364893
"6039",31,2365407,1235,2366642,1284,2367926,3934,2371860
"6040",31,2372386,2039,2374425,1217,2375642,4001,2379643
"6041",31,2380160,1132,2381292,1784,2383076,3434,2386510
"6042",31,2387028,1764,2388792,1651,2390443,3567,2394010
"6043",31,2394519,1807,2396326,1367,2397693,3851,2401544
"6044",31,2402047,1762,2403809,1717,2405526,3501,2409027
"6045",31,2409518,1125,2410643,1616,2412259,3602,2415861
"6046",31,2416376,1133,2417509,3151,2420660,2067,2422727
"6047",31,2423229,1764,2424993,3300,2428293,1918,2430211
"6048",31,2430717,2059,2432776,1284,2434060,3934,2437994
"6049",31,2438507,2136,2440643,1650,2442293,3568,2445861
"6050",31,2446365,1128,2447493,2750,2450243,2468,2452711
"6051",31,2453237,1323,2454560,1767,2456327,3451,2459778
"6052",31,2460278,1699,2461977,2650,2464627,2568,2467195
"6053",31,2467702,2091,2469793,1734,2471527,3484,2475011
"6054",31,2475549,1128,2476677,2050,2478727,3168,2481895
"6055",31,2482412,1132,2483544,2533,2486077,2685,2488762
"6056",31,2489254,1123,2490377,984,2491361,4234,2495595
"6057",31,2496103,1891,2497994,1183,2499177,4035,2503212
"6058",31,2503720,2657,2506377,984,2507361,4234,2511595
"6059",31,2512085,1909,2513994,1234,2515228,3984,2519212
"6060",31,2519727,1717,2521444,900,2522344,4318,2526662
"6061",31,2527156,1722,2528878,883,2529761,4335,2534096
"6062",31,2534586,1742,2536328,1367,2537695,3851,2541546
"6063",31,2542068,1127,2543195,1116,2544311,4101,2548412
"6064",31,2548923,2105,2551028,1817,2552845,3401,2556246
"6065",31,2556771,2057,2558828,900,2559728,4318,2564046
"6066",31,2564558,1887,2566445,3433,2569878,1785,2571663
"6067",31,2572175,1170,2573345,1267,2574612,3951,2578563
"6068",31,2579079,1133,2580212,1450,2581662,3768,2585430
"6069",31,2585947,4598,2590545,817,2591362,4401,2595763
"6070",31,2596286,1693,2597979,2483,2600462,2735,2603197
"6071",31,2603718,1761,2605479,3683,2609162,1535,2610697
"6072",31,2611218,2461,2613679,1583,2615262,3635,2618897
"6073",31,2619400,2462,2621862,3534,2625396,1684,2627080
"6074",31,2627593,1986,2629579,3917,2633496,1301,2634797
"6075",31,2635311,1518,2636829,1367,2638196,3851,2642047
"6076",31,2642557,1939,2644496,1400,2645896,3818,2649714
"6077",31,2650223,1123,2651346,1500,2652846,3718,2656564
"6078",31,2657095,1718,2658813,3433,2662246,1785,2664031
"6079",31,2664526,2037,2666563,3233,2669796,1985,2671781
"6080",31,2672305,1125,2673430,1983,2675413,3235,2678648
"6081",31,2679146,1684,2680830,1900,2682730,3318,2686048
"6082",31,2686578,1752,2688330,1550,2689880,3668,2693548
"6083",31,2694053,1860,2695913,1767,2697680,3451,2701131
"6084",31,2701644,1869,2703513,3651,2707164,1567,2708731
"6085",31,2709234,1129,2710363,1201,2711564,4017,2715581
"6086",31,2716095,1852,2717947,3467,2721414,1751,2723165
"6087",31,2723676,1288,2724964,1400,2726364,3818,2730182
"6088",31,2730698,1916,2732614,933,2733547,4285,2737832
"6089",31,2738351,1130,2739481,1250,2740731,3967,2744698
"6090",31,2745192,1122,2746314,1483,2747797,3735,2751532
"6091",31,2752043,1854,2753897,1101,2754998,4117,2759115
"6092",31,2759633,1131,2760764,1567,2762331,3651,2765982
"6093",31,2766501,1730,2768231,2367,2770598,2851,2773449
"6094",31,2773962,1136,2775098,1700,2776798,3518,2780316
"6095",31,2780843,1121,2781964,2667,2784631,2551,2787182
"6096",31,2787688,1127,2788815,1350,2790165,3868,2794033
"6097",31,2794532,1749,2796281,1717,2797998,3501,2801499
"6098",31,2802009,1123,2803132,1933,2805065,3284,2808349
"6099",31,2808867,1665,2810532,2850,2813382,2367,2815749
"6100",31,2816237,1661,2817898,2584,2820482,2634,2823116
"6101",31,2823631,1851,2825482,2283,2827765,2935,2830700
"6102",31,2831217,1782,2832999,1600,2834599,3617,2838216
"6103",31,2838743,1122,2839865,1384,2841249,3834,2845083
"6104",31,2845587,2095,2847682,2867,2850549,2351,2852900
"6105",31,2853403,1129,2854532,1384,2855916,3834,2859750
"6106",31,2860265,1817,2862082,1551,2863633,3667,2867300
"6107",31,2867816,2316,2870132,3017,2873149,2201,2875350
"6108",31,2875839,1127,2876966,2133,2879099,3085,2882184
"6109",31,2882690,2043,2884733,1383,2886116,3835,2889951
"6110",31,2890461,1122,2891583,1617,2893200,3601,2896801
"6111",31,2897292,1257,2898549,3417,2901966,1801,2903767
"6112",31,2904282,1134,2905416,1567,2906983,3651,2910634
"6113",31,2911156,1927,2913083,2717,2915800,2501,2918301
"6114",31,2918816,1134,2919950,1550,2921500,3668,2925168
"6115",31,2925689,1744,2927433,2184,2929617,3034,2932651
"6116",31,2933168,1132,2934300,2367,2936667,2851,2939518
"6117",31,2940017,1750,2941767,2867,2944634,2351,2946985
"6118",31,2947490,2760,2950250,1650,2951900,3568,2955468
"6119",31,2955988,1812,2957800,1067,2958867,4151,2963018
"6120",31,2963547,1137,2964684,1383,2966067,3835,2969902
"6121",31,2970405,1129,2971534,2500,2974034,2718,2976752
"6122",31,2977270,1131,2978401,1616,2980017,3601,2983618
"6123",31,2984135,1816,2985951,1617,2987568,3601,2991169
"6124",31,2991676,1125,2992801,2733,2995534,2485,2998019
"6125",31,2998523,1128,2999651,1683,3001334,3535,3004869
"6126",31,3005396,1122,3006518,2416,3008934,2802,3011736
"6127",31,3012247,1137,3013384,1317,3014701,3902,3018603
"6128",31,3019092,1743,3020835,1133,3021968,4085,3026053
"6129",31,3026593,2092,3028685,1700,3030385,3518,3033903
"6130",31,3034419,1749,3036168,2634,3038802,2584,3041386
"6131",31,3041903,1132,3043035,1383,3044418,3835,3048253
"6132",31,3048761,1124,3049885,1250,3051135,3968,3055103
"6133",31,3055628,1124,3056752,1050,3057802,4168,3061970
"6134",31,3062477,2475,3064952,3783,3068735,1435,3070170
"6135",31,3070676,2326,3073002,2934,3075936,2284,3078220
"6136",31,3078735,1134,3079869,2817,3082686,2401,3085087
"6137",31,3085606,1329,3086935,1934,3088869,3284,3092153
"6138",31,3092660,1259,3093919,2250,3096169,2968,3099137
"6139",31,3099660,1126,3100786,2633,3103419,2585,3106004
"6140",31,3106532,3604,3110136,2383,3112519,2835,3115354
"6141",31,3115866,1487,3117353,1867,3119220,3350,3122570
"6142",31,3123077,1126,3124203,1983,3126186,3235,3129421
"6143",31,3129921,1132,3131053,2633,3133686,2585,3136271
"6144",31,3136796,1123,3137919,1334,3139253,3885,3143138
"6145",31,3143627,2326,3145953,1650,3147603,3568,3151171
"6146",31,3151670,1900,3153570,1883,3155453,3335,3158788
"6147",31,3159287,2166,3161453,2734,3164187,2484,3166671
"6148",31,3167194,1126,3168320,1633,3169953,3585,3173538
"6149",31,3174046,1124,3175170,3434,3178604,1784,3180388
"6150",31,3180898,1122,3182020,1500,3183520,3718,3187238
"6151",31,3187765,1122,3188887,2100,3190987,3118,3194105
"6152",31,3194596,1124,3195720,967,3196687,4251,3200938
"6153",31,3201458,1129,3202587,1734,3204321,3484,3207805
"6154",31,3208312,1792,3210104,1833,3211937,3385,3215322
"6155",31,3215845,1976,3217821,1333,3219154,3885,3223039
"6156",31,3223551,1736,3225287,1101,3226388,4117,3230505
"6157",31,3231015,1123,3232138,1550,3233688,3667,3237355
"6158",31,3237862,1126,3238988,1416,3240404,3802,3244206
"6159",31,3244697,1124,3245821,1800,3247621,3418,3251039
"6160",31,3251545,1343,3252888,3150,3256038,2068,3258106
"6161",31,3258631,1424,3260055,3433,3263488,1785,3265273
"6162",31,3265757,1398,3267155,2917,3270072,2301,3272373
"6163",31,3272880,1791,3274671,1317,3275988,3901,3279889
"6164",31,3280389,1649,3282038,3000,3285038,2218,3287256
"6165",31,3287768,2154,3289922,1400,3291322,3818,3295140
"6166",31,3295643,1729,3297372,2817,3300189,2401,3302590
"6167",31,3303085,1287,3304372,1917,3306289,3301,3309590
"6168",31,3310095,1127,3311222,1150,3312372,4068,3316440
"6169",31,3316941,1131,3318072,1300,3319372,3918,3323290
"6170",31,3323820,1735,3325555,1301,3326856,3917,3330773
"6171",31,3331280,1842,3333122,984,3334106,4234,3338340
"6172",31,3338853,1353,3340206,1517,3341723,3701,3345424
"6173",31,3345940,1133,3347073,2550,3349623,2667,3352290
"6174",31,3352794,1812,3354606,1450,3356056,3768,3359824
"6175",31,3360339,1134,3361473,1250,3362723,3968,3366691
"6176",31,3367191,1132,3368323,1317,3369640,3901,3373541
"6177",31,3374035,1138,3375173,2000,3377173,3218,3380391
"6178",31,3380902,1921,3382823,2800,3385623,2418,3388041
"6179",31,3388560,3697,3392257,2116,3394373,3102,3397475
"6180",31,3397988,1135,3399123,2834,3401957,2384,3404341
"6181",31,3404852,2105,3406957,3400,3410357,1818,3412175
"6182",31,3412673,1134,3413807,1750,3415557,3468,3419025
"6183",31,3419537,1720,3421257,1500,3422757,3718,3426475
"6184",31,3426989,1818,3428807,2267,3431074,2951,3434025
"6185",31,3434536,3205,3437741,1233,3438974,3984,3442958
"6186",31,3443476,1131,3444607,1834,3446441,3384,3449825
"6187",31,3450324,1133,3451457,1367,3452824,3851,3456675
"6188",31,3457193,8665,3465858,2633,3468491,2585,3471076
"6189",31,3471616,1125,3472741,1317,3474058,3901,3477959
"6190",31,3478463,1828,3480291,2650,3482941,2568,3485509
"6191",31,3486031,1843,3487874,1884,3489758,3334,3493092
"6192",31,3493612,2013,3495625,1283,3496908,3935,3500843
"6193",31,3501351,1790,3503141,1117,3504258,4101,3508359
"6194",31,3508875,2000,3510875,1250,3512125,3968,3516093
"6195",31,3516578,1764,3518342,3783,3522125,1435,3523560
"6196",31,3524062,1830,3525892,1500,3527392,3718,3531110
"6197",31,3531615,1793,3533408,1351,3534759,3868,3538627
"6198",31,3539140,2152,3541292,1250,3542542,3968,3546510
"6199",31,3547015,1127,3548142,1650,3549792,3568,3553360
"6200",31,3553851,1124,3554975,1784,3556759,3434,3560193
"6201",32,5015514,2283,5017797,4300,5022097,1017,5023114
"6202",32,5023625,1122,5024747,1250,5025997,3968,5029965
"6203",32,5030485,1128,5031613,2034,5033647,3184,5036831
"6204",32,5037343,1137,5038480,1467,5039947,3751,5043698
"6205",32,5044207,1123,5045330,2134,5047464,3084,5050548
"6206",32,5051052,1129,5052181,1566,5053747,3651,5057398
"6207",32,5057888,1126,5059014,1383,5060397,3835,5064232
"6208",32,5064751,1130,5065881,1433,5067314,3785,5071099
"6209",32,5071618,1129,5072747,3184,5075931,2034,5077965
"6210",32,5078470,1427,5079897,1584,5081481,3634,5085115
"6211",32,5085610,1138,5086748,983,5087731,4235,5091966
"6212",32,5092491,1123,5093614,1301,5094915,3917,5098832
"6213",32,5099326,1322,5100648,1167,5101815,4051,5105866
"6214",32,5106357,1124,5107481,967,5108448,4251,5112699
"6215",32,5113220,2195,5115415,1117,5116532,4101,5120633
"6216",32,5121148,2367,5123515,2250,5125765,2968,5128733
"6217",32,5129250,1132,5130382,1566,5131948,3652,5135600
"6218",32,5136117,1131,5137248,6417,5143665,1017,5144682
"6219",32,5145201,1131,5146332,6667,5152999,1016,5154015
"6220",32,5154506,1759,5156265,1234,5157499,3984,5161483
"6221",32,5162003,1129,5163132,4350,5167482,1017,5168499
"6222",32,5169028,1287,5170315,8084,5178399,1017,5179416
"6223",32,5179905,1711,5181616,1183,5182799,4035,5186834
"6224",32,5187342,1124,5188466,1200,5189666,4018,5193684
"6225",32,5194201,1131,5195332,1251,5196583,3967,5200550
"6226",32,5201054,1145,5202199,1267,5203466,3951,5207417
"6227",32,5207935,1131,5209066,1267,5210333,3951,5214284
"6228",32,5214802,1131,5215933,1317,5217250,3901,5221151
"6229",32,5221660,1940,5223600,1767,5225367,3450,5228817
"6230",32,5229338,1678,5231016,3651,5234667,1567,5236234
"6231",32,5236750,2150,5238900,1350,5240250,3868,5244118
"6232",32,5244624,1126,5245750,1650,5247400,3568,5250968
"6233",32,5251497,1136,5252633,1134,5253767,4084,5257851
"6234",32,5258348,1985,5260333,1601,5261934,3617,5265551
"6235",32,5266073,2111,5268184,2883,5271067,2334,5273401
"6236",32,5273892,1125,5275017,833,5275850,4385,5280235
"6237",32,5280741,1126,5281867,1234,5283101,3984,5287085
"6238",32,5287601,1333,5288934,933,5289867,4285,5294152
"6239",32,5294677,1124,5295801,1683,5297484,3535,5301019
"6240",32,5301542,1409,5302951,1283,5304234,3935,5308169
"6241",32,5308661,1123,5309784,1534,5311318,3684,5315002
"6242",32,5315502,1249,5316751,1383,5318134,3835,5321969
"6243",32,5322454,1130,5323584,3151,5326735,2067,5328802
"6244",32,5329323,1128,5330451,2200,5332651,3018,5335669
"6245",32,5336180,1938,5338118,4550,5342668,1017,5343685
"6246",32,5344190,1128,5345318,1067,5346385,4151,5350536
"6247",32,5351054,1131,5352185,2767,5354952,2451,5357403
"6248",32,5357906,2829,5360735,2050,5362785,3168,5365953
"6249",32,5366446,1122,5367568,1301,5368869,3917,5372786
"6250",32,5373291,1311,5374602,983,5375585,4235,5379820
"6251",32,5380318,1134,5381452,3217,5384669,2001,5386670
"6252",32,5387189,1130,5388319,1400,5389719,3818,5393537
"6253",32,5394044,1125,5395169,1267,5396436,3951,5400387
"6254",32,5400889,1896,5402785,1767,5404552,3451,5408003
"6255",32,5408509,1127,5409636,1766,5411402,3452,5414854
"6256",32,5415343,1126,5416469,1134,5417603,4084,5421687
"6257",32,5422187,1132,5423319,1400,5424719,3818,5428537
"6258",32,5429030,1123,5430153,1333,5431486,3884,5435370
"6259",32,5435887,1132,5437019,1817,5438836,3401,5442237
"6260",32,5442749,1137,5443886,1200,5445086,4018,5449104
"6261",32,5449619,1134,5450753,1417,5452170,3801,5455971
"6262",32,5456475,1128,5457603,3367,5460970,1851,5462821
"6263",32,5463319,1334,5464653,1334,5465987,3884,5469871
"6264",32,5470376,1127,5471503,1500,5473003,3718,5476721
"6265",32,5477232,1121,5478353,2634,5480987,2584,5483571
"6266",32,5484078,1975,5486053,1784,5487837,3434,5491271
"6267",32,5491782,1738,5493520,1884,5495404,3334,5498738
"6268",32,5499264,1123,5500387,1167,5501554,4051,5505605
"6269",32,5506107,1130,5507237,2484,5509721,2734,5512455
"6270",32,5512964,1123,5514087,1450,5515537,3768,5519305
"6271",32,5519814,1807,5521621,1916,5523537,3302,5526839
"6272",32,5527345,1126,5528471,3267,5531738,1951,5533689
"6273",32,5534207,1130,5535337,1834,5537171,3384,5540555
"6274",32,5541044,1127,5542171,1450,5543621,3768,5547389
"6275",32,5547892,1129,5549021,1050,5550071,4168,5554239
"6276",32,5554754,1134,5555888,1717,5557605,3501,5561106
"6277",32,5561609,1129,5562738,2133,5564871,3085,5567956
"6278",32,5568474,1331,5569805,1050,5570855,4168,5575023
"6279",32,5575524,4564,5580088,1667,5581755,3551,5585306
"6280",32,5585826,1129,5586955,1733,5588688,3485,5592173
"6281",32,5592679,1126,5593805,3700,5597505,1518,5599023
"6282",32,5599536,1136,5600672,2400,5603072,2818,5605890
"6283",32,5606395,2644,5609039,200,5609239,5018,5614257
"6284",32,5614777,1128,5615905,1600,5617505,3618,5621123
"6285",32,5621614,1125,5622739,1750,5624489,3468,5627957
"6286",32,5628466,1123,5629589,1717,5631306,3501,5634807
"6287",32,5635318,1138,5636456,1666,5638122,3552,5641674
"6288",32,5642180,1792,5643972,1801,5645773,3418,5649191
"6289",32,5649684,1555,5651239,1800,5653039,3418,5656457
"6290",32,5656971,1418,5658389,750,5659139,4468,5663607
"6291",32,5664108,1131,5665239,1501,5666740,3717,5670457
"6292",32,5671000,1123,5672123,4183,5676306,1035,5677341
"6293",32,5677882,1308,5679190,1116,5680306,4102,5684408
"6294",32,5684923,1317,5686240,983,5687223,4235,5691458
"6295",32,5691974,1132,5693106,1651,5694757,3567,5698324
"6296",32,5698825,1131,5699956,1051,5701007,4168,5705175
"6297",32,5705712,1128,5706840,1234,5708074,3984,5712058
"6298",32,5712566,1124,5713690,1450,5715140,3768,5718908
"6299",32,5719419,1138,5720557,1717,5722274,3501,5725775
"6300",32,5726293,1131,5727424,2150,5729574,3067,5732641
"6301",32,5733146,1128,5734274,1683,5735957,3535,5739492
"6302",32,5740008,1133,5741141,1000,5742141,4218,5746359
"6303",32,5746846,1128,5747974,1233,5749207,3985,5753192
"6304",32,5753712,1412,5755124,1350,5756474,3868,5760342
"6305",32,5760845,2062,5762907,984,5763891,4234,5768125
"6306",32,5768634,2057,5770691,2583,5773274,2635,5775909
"6307",32,5776408,1133,5777541,1084,5778625,4134,5782759
"6308",32,5783269,1122,5784391,1367,5785758,3851,5789609
"6309",32,5790130,1128,5791258,3850,5795108,1368,5796476
"6310",32,5796994,1414,5798408,834,5799242,4384,5803626
"6311",32,5804132,1126,5805258,817,5806075,4401,5810476
"6312",32,5810994,3048,5814042,1716,5815758,3501,5819259
"6313",32,5819774,1134,5820908,717,5821625,4501,5826126
"6314",32,5826638,1137,5827775,1234,5829009,3984,5832993
"6315",32,5833492,1883,5835375,2050,5837425,3168,5840593
"6316",32,5841110,1132,5842242,1033,5843275,4185,5847460
"6317",32,5847957,1135,5849092,900,5849992,4318,5854310
"6318",32,5854822,1137,5855959,1050,5857009,4168,5861177
"6319",32,5861664,1128,5862792,1017,5863809,4201,5868010
"6320",32,5868503,2139,5870642,1151,5871793,4067,5875860
"6321",32,5876368,1125,5877493,2316,5879809,2901,5882710
"6322",32,5883202,1124,5884326,1334,5885660,3884,5889544
"6323",32,5890061,1132,5891193,1550,5892743,3668,5896411
"6324",32,5896916,1293,5898209,2001,5900210,3217,5903427
"6325",32,5903952,1358,5905310,1283,5906593,3935,5910528
"6326",32,5911042,1134,5912176,1351,5913527,3867,5917394
"6327",32,5917883,1127,5919010,1750,5920760,3468,5924228
"6328",32,5924741,2886,5927627,1216,5928843,4001,5932844
"6329",32,5933333,1377,5934710,2633,5937343,2585,5939928
"6330",32,5940442,1135,5941577,3400,5944977,1818,5946795
"6331",32,5947283,1127,5948410,1217,5949627,4001,5953628
"6332",32,5954129,1131,5955260,1300,5956560,3918,5960478
"6333",32,5960991,1136,5962127,1650,5963777,3568,5967345
"6334",32,5967860,1134,5968994,2283,5971277,2935,5974212
"6335",32,5974716,1128,5975844,850,5976694,4368,5981062
"6336",32,5981573,1138,5982711,750,5983461,4468,5987929
"6337",32,5988457,1871,5990328,1066,5991394,4152,5995546
"6338",32,5996036,1125,5997161,1533,5998694,3685,6002379
"6339",32,6002883,1128,6004011,767,6004778,4451,6009229
"6340",32,6009756,1122,6010878,1767,6012645,3451,6016096
"6341",32,6016621,1124,6017745,1183,6018928,4035,6022963
"6342",32,6023454,3474,6026928,1684,6028612,3534,6032146
"6343",32,6032660,2001,6034661,917,6035578,4302,6039880
"6344",32,6040356,1122,6041478,1117,6042595,4101,6046696
"6345",32,6047190,1122,6048312,4500,6052812,1017,6053829
"6346",32,6054316,1396,6055712,1783,6057495,3435,6060930
"6347",32,6061437,1125,6062562,2317,6064879,2901,6067780
"6348",32,6068280,1132,6069412,2350,6071762,2868,6074630
"6349",32,6075125,1137,6076262,1634,6077896,3584,6081480
"6350",32,6081999,1980,6083979,2700,6086679,2518,6089197
"6351",32,6089712,1134,6090846,7267,6098113,1016,6099129
"6352",32,6099651,1978,6101629,2634,6104263,2584,6106847
"6353",32,6107335,1144,6108479,1367,6109846,3851,6113697
"6354",32,6114216,1130,6115346,1417,6116763,3801,6120564
"6355",32,6121092,1321,6122413,1417,6123830,3801,6127631
"6356",32,6128134,1129,6129263,1283,6130546,3935,6134481
"6357",32,6135008,3922,6138930,817,6139747,4401,6144148
"6358",32,6144671,1125,6145796,867,6146663,4351,6151014
"6359",32,6151541,1122,6152663,700,6153363,4518,6157881
"6360",32,6158394,1136,6159530,1167,6160697,4051,6164748
"6361",32,6165240,1123,6166363,1701,6168064,3517,6171581
"6362",32,6172073,1124,6173197,1317,6174514,3901,6178415
"6363",32,6178920,1127,6180047,1800,6181847,3418,6185265
"6364",32,6185785,1912,6187697,1400,6189097,3818,6192915
"6365",32,6193417,1530,6194947,1600,6196547,3618,6200165
"6366",32,6200683,1131,6201814,3683,6205497,1535,6207032
"6367",32,6207538,1126,6208664,1384,6210048,3834,6213882
"6368",32,6214386,1528,6215914,2050,6217964,3168,6221132
"6369",32,6221638,1393,6223031,1700,6224731,3518,6228249
"6370",32,6228765,1133,6229898,6733,6236631,1017,6237648
"6371",32,6238139,1125,6239264,3734,6242998,1484,6244482
"6372",32,6245002,4146,6249148,1550,6250698,3668,6254366
"6373",32,6254871,1127,6255998,1400,6257398,3818,6261216
"6374",32,6261733,1132,6262865,1500,6264365,3718,6268083
"6375",32,6268591,1124,6269715,1417,6271132,3801,6274933
"6376",32,6275447,1135,6276582,2100,6278682,3118,6281800
"6377",32,6282284,1131,6283415,1350,6284765,3868,6288633
"6378",32,6289126,1123,6290249,1116,6291365,4102,6295467
"6379",32,6295977,1838,6297815,1084,6298899,4134,6303033
"6380",32,6303548,1134,6304682,1250,6305932,3968,6309900
"6381",32,6310408,1124,6311532,1367,6312899,3851,6316750
"6382",32,6317247,1135,6318382,900,6319282,4318,6323600
"6383",32,6324113,4019,6328132,851,6328983,4367,6333350
"6384",32,6333865,1984,6335849,1550,6337399,3668,6341067
"6385",32,6341589,1127,6342716,2084,6344800,3134,6347934
"6386",32,6348458,1125,6349583,3000,6352583,2218,6354801
"6387",32,6355316,1384,6356700,1783,6358483,3435,6361918
"6388",32,6362427,1123,6363550,1783,6365333,3435,6368768
"6389",32,6369270,1130,6370400,5283,6375683,1017,6376700
"6390",32,6377211,1122,6378333,817,6379150,4401,6383551
"6391",32,6384054,1246,6385300,967,6386267,4251,6390518
"6392",32,6391023,1544,6392567,1633,6394200,3585,6397785
"6393",32,6398292,2608,6400900,1000,6401900,4218,6406118
"6394",32,6406612,1122,6407734,1066,6408800,4152,6412952
"6395",32,6413469,1131,6414600,1784,6416384,3434,6419818
"6396",32,6420344,1123,6421467,1767,6423234,3451,6426685
"6397",32,6427196,1988,6429184,1100,6430284,4118,6434402
"6398",32,6434912,1122,6436034,833,6436867,4385,6441252
"6399",32,6441763,1955,6443718,1333,6445051,3884,6448935
"6400",32,6449446,3505,6452951,1417,6454368,3801,6458169
"6401",33,18691795,1854,18693649,2064,18695713,3153,18698866
"6402",33,18699389,1874,18701263,2100,18703363,3118,18706481
"6403",33,18706990,1123,18708113,2117,18710230,3101,18713331
"6404",33,18713850,2230,18716080,1767,18717847,3451,18721298
"6405",33,18721803,2210,18724013,2817,18726830,2401,18729231
"6406",33,18729735,2645,18732380,1550,18733930,3668,18737598
"6407",33,18738121,1126,18739247,1400,18740647,3818,18744465
"6408",33,18744972,1125,18746097,3383,18749480,1835,18751315
"6409",33,18751823,1457,18753280,3201,18756481,2017,18758498
"6410",33,18758990,1124,18760114,1633,18761747,3585,18765332
"6411",33,18765821,1893,18767714,1133,18768847,4085,18772932
"6412",33,18773442,1855,18775297,3051,18778348,2167,18780515
"6413",33,18781006,2092,18783098,2766,18785864,2451,18788315
"6414",33,18788810,1771,18790581,2483,18793064,2735,18795799
"6415",33,18796288,3593,18799881,1434,18801315,3784,18805099
"6416",33,18805607,3657,18809264,1367,18810631,3851,18814482
"6417",33,18815001,3980,18818981,1867,18820848,3351,18824199
"6418",33,18824704,2144,18826848,4784,18831632,1016,18832648
"6419",33,18833165,5016,18838181,2018,18840199,3200,18843399
"6420",33,18843904,3544,18847448,1351,18848799,3867,18852666
"6421",33,18853155,4194,18857349,1316,18858665,3902,18862567
"6422",33,18863084,1365,18864449,2850,18867299,2368,18869667
"6423",33,18870171,1544,18871715,1167,18872882,4051,18876933
"6424",33,18877434,1948,18879382,1217,18880599,4001,18884600
"6425",33,18885108,2624,18887732,7067,18894799,1017,18895816
"6426",33,18896329,1353,18897682,2434,18900116,2784,18902900
"6427",33,18903413,4586,18907999,2750,18910749,2468,18913217
"6428",33,18913730,2086,18915816,2250,18918066,2968,18921034
"6429",33,18921563,2320,18923883,3400,18927283,1818,18929101
"6430",33,18929592,1124,18930716,1367,18932083,3851,18935934
"6431",33,18936464,2486,18938950,1183,18940133,4035,18944168
"6432",33,18944656,3794,18948450,1250,18949700,3968,18953668
"6433",33,18954169,2398,18956567,1483,18958050,3735,18961785
"6434",33,18962300,2567,18964867,1233,18966100,3985,18970085
"6435",33,18970576,2307,18972883,1184,18974067,4035,18978102
"6436",33,18978618,1132,18979750,2167,18981917,3051,18984968
"6437",33,18985486,1981,18987467,2850,18990317,2368,18992685
"6438",33,18993212,1972,18995184,6233,19001417,1017,19002434
"6439",33,19002929,3172,19006101,1750,19007851,3468,19011319
"6440",33,19011833,3384,19015217,34,19015251,5184,19020435
"6441",33,19020948,2086,19023034,1201,19024235,4017,19028252
"6442",33,19028756,1812,19030568,1633,19032201,3585,19035786
"6443",33,19036288,1230,19037518,2950,19040468,2268,19042736
"6444",33,19043217,2384,19045601,1250,19046851,3968,19050819
"6445",33,19051316,1135,19052451,1817,19054268,3401,19057669
"6446",33,19058177,1124,19059301,1601,19060902,3617,19064519
"6447",33,19065038,1130,19066168,2367,19068535,2851,19071386
"6448",33,19071903,2099,19074002,3567,19077569,1651,19079220
"6449",33,19079740,1795,19081535,2134,19083669,3084,19086753
"6450",33,19087254,2098,19089352,1183,19090535,4035,19094570
"6451",33,19095074,1911,19096985,2334,19099319,2884,19102203
"6452",33,19102718,1134,19103852,1834,19105686,3384,19109070
"6453",33,19109578,2024,19111602,1500,19113102,3718,19116820
"6454",33,19117331,2238,19119569,2150,19121719,3068,19124787
"6455",33,19125303,2466,19127769,3117,19130886,2101,19132987
"6456",33,19133478,2025,19135503,3067,19138570,2150,19140720
"6457",33,19141223,2446,19143669,1484,19145153,3734,19148887
"6458",33,19149384,1885,19151269,1467,19152736,3751,19156487
"6459",33,19157012,1124,19158136,1267,19159403,3951,19163354
"6460",33,19163845,1708,19165553,2050,19167603,3168,19170771
"6461",33,19171282,1854,19173136,2017,19175153,3201,19178354
"6462",33,19178879,3858,19182737,1950,19184687,3267,19187954
"6463",33,19188470,1983,19190453,1117,19191570,4101,19195671
"6464",33,19196172,1698,19197870,1234,19199104,3984,19203088
"6465",33,19203594,1626,19205220,1884,19207104,3334,19210438
"6466",33,19210954,1616,19212570,1700,19214270,3518,19217788
"6467",33,19218296,1908,19220204,2150,19222354,3068,19225422
"6468",33,19225926,2278,19228204,1333,19229537,3885,19233422
"6469",33,19233942,1129,19235071,4000,19239071,1218,19240289
"6470",33,19240801,1136,19241937,1801,19243738,3417,19247155
"6471",33,19247666,1588,19249254,4117,19253371,1101,19254472
"6472",33,19254956,2032,19256988,1983,19258971,3235,19262206
"6473",33,19262695,1209,19263904,1534,19265438,3684,19269122
"6474",33,19269629,2709,19272338,1967,19274305,3251,19277556
"6475",33,19278072,1133,19279205,4317,19283522,1016,19284538
"6476",33,19285046,2159,19287205,2017,19289222,3201,19292423
"6477",33,19292916,2122,19295038,1584,19296622,3634,19300256
"6478",33,19300773,2665,19303438,1867,19305305,3351,19308656
"6479",33,19309155,1133,19310288,2317,19312605,2901,19315506
"6480",33,19316007,1882,19317889,2416,19320305,2801,19323106
"6481",33,19323620,2485,19326105,1734,19327839,3484,19331323
"6482",33,19331812,1127,19332939,1283,19334222,3935,19338157
"6483",33,19338672,1784,19340456,1900,19342356,3318,19345674
"6484",33,19346183,1989,19348172,1567,19349739,3651,19353390
"6485",33,19353894,2078,19355972,1684,19357656,3534,19361190
"6486",33,19361700,1122,19362822,1534,19364356,3684,19368040
"6487",33,19368559,1564,19370123,1283,19371406,3935,19375341
"6488",33,19375852,2104,19377956,1167,19379123,4051,19383174
"6489",33,19383689,1784,19385473,2083,19387556,3135,19390691
"6490",33,19391208,1615,19392823,1767,19394590,3451,19398041
"6491",33,19398561,1562,19400123,1367,19401490,3851,19405341
"6492",33,19405858,2115,19407973,1567,19409540,3651,19413191
"6493",33,19413708,2132,19415840,1300,19417140,3918,19421058
"6494",33,19421549,1741,19423290,1850,19425140,3368,19428508
"6495",33,19429017,2123,19431140,1584,19432724,3634,19436358
"6496",33,19436851,1256,19438107,1334,19439441,3884,19443325
"6497",33,19443819,1988,19445807,867,19446674,4351,19451025
"6498",33,19451520,1854,19453374,1117,19454491,4101,19458592
"6499",33,19459116,1658,19460774,1950,19462724,3268,19465992
"6500",33,19466505,2002,19468507,1701,19470208,3517,19473725
"6501",33,19474232,4426,19478658,1733,19480391,3485,19483876
"6502",33,19484365,2326,19486691,3100,19489791,2118,19491909
"6503",33,19492411,2080,19494491,1750,19496241,3468,19499709
"6504",33,19500223,1935,19502158,1400,19503558,3818,19507376
"6505",33,19507896,1912,19509808,1667,19511475,3551,19515026
"6506",33,19515537,1971,19517508,967,19518475,4251,19522726
"6507",33,19523225,1766,19524991,2051,19527042,3167,19530209
"6508",33,19530729,2229,19532958,1484,19534442,3734,19538176
"6509",33,19538676,1766,19540442,1600,19542042,3618,19545660
"6510",33,19546148,2027,19548175,3784,19551959,1434,19553393
"6511",33,19553903,1756,19555659,2033,19557692,3185,19560877
"6512",33,19561380,1779,19563159,1117,19564276,4101,19568377
"6513",33,19568881,1761,19570642,1434,19572076,3784,19575860
"6514",33,19576353,1839,19578192,2551,19580743,2667,19583410
"6515",33,19583914,1945,19585859,1100,19586959,4118,19591077
"6516",33,19591601,4408,19596009,1050,19597059,4168,19601227
"6517",33,19601743,2183,19603926,1817,19605743,3401,19609144
"6518",33,19609654,1939,19611593,1717,19613310,3501,19616811
"6519",33,19617302,1874,19619176,1200,19620376,4018,19624394
"6520",33,19624892,2201,19627093,767,19627860,4451,19632311
"6521",33,19632831,1912,19634743,3384,19638127,1834,19639961
"6522",33,19640486,1491,19641977,2183,19644160,3035,19647195
"6523",33,19647674,1336,19649010,1600,19650610,3618,19654228
"6524",33,19654749,1694,19656443,1351,19657794,3868,19661662
"6525",33,19662177,2083,19664260,1334,19665594,3884,19669478
"6526",33,19669982,1128,19671110,1284,19672394,3934,19676328
"6527",33,19676819,2058,19678877,1817,19680694,3401,19684095
"6528",33,19684595,1916,19686511,2183,19688694,3034,19691728
"6529",33,19692235,2476,19694711,1250,19695961,3968,19699929
"6530",33,19700432,2179,19702611,1733,19704344,3485,19707829
"6531",33,19708333,1911,19710244,851,19711095,4367,19715462
"6532",33,19715967,2077,19718044,2301,19720345,2917,19723262
"6533",33,19723791,2253,19726044,3867,19729911,1351,19731262
"6534",33,19731779,2066,19733845,1300,19735145,3918,19739063
"6535",33,19739555,1723,19741278,1934,19743212,3284,19746496
"6536",33,19747008,1970,19748978,1467,19750445,3751,19754196
"6537",33,19754712,1133,19755845,1334,19757179,3884,19761063
"6538",33,19761583,2179,19763762,933,19764695,4285,19768980
"6539",33,19769488,2874,19772362,1017,19773379,4201,19777580
"6540",33,19778099,3413,19781512,2284,19783796,2934,19786730
"6541",33,19787221,1708,19788929,1283,19790212,3935,19794147
"6542",33,19794636,1843,19796479,4400,19800879,1017,19801896
"6543",33,19802383,1129,19803512,867,19804379,4351,19808730
"6544",33,19809254,1942,19811196,1283,19812479,3935,19816414
"6545",33,19816921,1592,19818513,3283,19821796,1935,19823731
"6546",33,19824225,1738,19825963,950,19826913,4268,19831181
"6547",33,19831695,1501,19833196,1717,19834913,3501,19838414
"6548",33,19838926,1937,19840863,1934,19842797,3284,19846081
"6549",33,19846593,2270,19848863,1867,19850730,3351,19854081
"6550",33,19854569,2394,19856963,2334,19859297,2884,19862181
"6551",33,19862676,1821,19864497,1116,19865613,4102,19869715
"6552",33,19870228,2135,19872363,1384,19873747,3834,19877581
"6553",33,19878102,2061,19880163,1134,19881297,4084,19885381
"6554",33,19885904,1826,19887730,1100,19888830,4118,19892948
"6555",33,19893469,1878,19895347,1350,19896697,3868,19900565
"6556",33,19901084,3013,19904097,1150,19905247,4068,19909315
"6557",33,19909805,2059,19911864,1050,19912914,4168,19917082
"6558",33,19917594,4437,19922031,1567,19923598,3651,19927249
"6559",33,19927740,2041,19929781,1717,19931498,3501,19934999
"6560",33,19935514,2467,19937981,5084,19943065,1016,19944081
"6561",33,19944589,1576,19946165,1833,19947998,3384,19951382
"6562",33,19951900,1898,19953798,1617,19955415,3601,19959016
"6563",33,19959531,2000,19961531,1451,19962982,3767,19966749
"6564",33,19967271,4211,19971482,816,19972298,4402,19976700
"6565",33,19977225,3590,19980815,1650,19982465,3568,19986033
"6566",33,19986545,1903,19988448,1567,19990015,3651,19993666
"6567",33,19994183,2299,19996482,1934,19998416,3284,20001700
"6568",33,20002207,1975,20004182,1234,20005416,3984,20009400
"6569",33,20009939,2426,20012365,2034,20014399,3184,20017583
"6570",33,20018099,2000,20020099,3017,20023116,2201,20025317
"6571",33,20025814,1952,20027766,1800,20029566,3418,20032984
"6572",33,20033479,3137,20036616,1650,20038266,3568,20041834
"6573",33,20042337,4029,20046366,1483,20047849,3735,20051584
"6574",33,20052102,1147,20053249,1667,20054916,3551,20058467
"6575",33,20058985,3698,20062683,2300,20064983,2918,20067901
"6576",33,20068426,1940,20070366,1684,20072050,3534,20075584
"6577",33,20076106,2327,20078433,867,20079300,4351,20083651
"6578",33,20084164,2286,20086450,1867,20088317,3351,20091668
"6579",33,20092178,3005,20095183,1650,20096833,3568,20100401
"6580",33,20100905,1962,20102867,1033,20103900,4185,20108085
"6581",33,20108586,4981,20113567,3567,20117134,1651,20118785
"6582",33,20119292,1625,20120917,934,20121851,4284,20126135
"6583",33,20126650,1884,20128534,1067,20129601,4151,20133752
"6584",33,20134264,2587,20136851,850,20137701,4368,20142069
"6585",33,20142590,1128,20143718,1916,20145634,3301,20148935
"6586",33,20149453,2181,20151634,2617,20154251,2601,20156852
"6587",33,20157358,1293,20158651,1517,20160168,3701,20163869
"6588",33,20164359,2025,20166384,734,20167118,4484,20171602
"6589",33,20172119,4232,20176351,1184,20177535,4034,20181569
"6590",33,20182052,1833,20183885,916,20184801,4302,20189103
"6591",33,20189629,2889,20192518,1950,20194468,3268,20197736
"6592",33,20198260,2941,20201201,1501,20202702,3718,20206420
"6593",33,20206938,5547,20212485,2184,20214669,3034,20217703
"6594",33,20218212,8223,20226435,850,20227285,4368,20231653
"6595",33,20232171,1548,20233719,1250,20234969,3968,20238937
"6596",33,20239459,3193,20242652,3067,20245719,2151,20247870
"6597",33,20248395,1124,20249519,1767,20251286,3451,20254737
"6598",33,20255265,2354,20257619,2317,20259936,2901,20262837
"6599",33,20263348,2588,20265936,817,20266753,4401,20271154
"6600",33,20271665,4538,20276203,1333,20277536,3885,20281421
"6601",34,22178671,2093,22180764,1267,22182031,3951,22185982
"6602",34,22186481,1133,22187614,1784,22189398,3434,22192832
"6603",34,22193360,1137,22194497,1684,22196181,3535,22199716
"6604",34,22200228,1136,22201364,1784,22203148,3434,22206582
"6605",34,22207085,1129,22208214,1251,22209465,3967,22213432
"6606",34,22213935,1863,22215798,1367,22217165,3851,22221016
"6607",34,22221518,2280,22223798,1900,22225698,3318,22229016
"6608",34,22229524,1124,22230648,1217,22231865,4001,22235866
"6609",34,22236384,1131,22237515,867,22238382,4351,22242733
"6610",34,22243241,1124,22244365,2000,22246365,3218,22249583
"6611",34,22250093,1122,22251215,1167,22252382,4051,22256433
"6612",34,22256955,1127,22258082,1850,22259932,3368,22263300
"6613",34,22263814,1135,22264949,1966,22266915,3252,22270167
"6614",34,22270659,1123,22271782,1184,22272966,4034,22277000
"6615",34,22277499,1133,22278632,1034,22279666,4184,22283850
"6616",34,22284345,1137,22285482,1534,22287016,3684,22290700
"6617",34,22291205,1127,22292332,1234,22293566,3984,22297550
"6618",34,22298063,1136,22299199,1684,22300883,3534,22304417
"6619",34,22304950,1116,22306066,1033,22307099,4185,22311284
"6620",34,22311792,1124,22312916,1383,22314299,3835,22318134
"6621",34,22318623,1126,22319749,2001,22321750,3217,22324967
"6622",34,22325473,1126,22326599,1201,22327800,4017,22331817
"6623",34,22332305,1128,22333433,1317,22334750,3901,22338651
"6624",34,22339154,1129,22340283,1334,22341617,3884,22345501
"6625",34,22346013,1137,22347150,1450,22348600,3768,22352368
"6626",34,22352901,1132,22354033,2084,22356117,3134,22359251
"6627",34,22359771,1129,22360900,1567,22362467,3651,22366118
"6628",34,22366629,1121,22367750,1417,22369167,3801,22372968
"6629",34,22373469,1131,22374600,1200,22375800,4018,22379818
"6630",34,22380311,1656,22381967,1800,22383767,3418,22387185
"6631",34,22387706,1178,22388884,1450,22390334,3768,22394102
"6632",34,22394613,1138,22395751,817,22396568,4400,22400968
"6633",34,22401470,1131,22402601,1200,22403801,4018,22407819
"6634",34,22408328,1123,22409451,1550,22411001,3668,22414669
"6635",34,22415186,1132,22416318,1816,22418134,3402,22421536
"6636",34,22422039,1295,22423334,1000,22424334,4218,22428552
"6637",34,22429056,1128,22430184,1317,22431501,3901,22435402
"6638",34,22435901,1133,22437034,967,22438001,4251,22442252
"6639",34,22442764,1137,22443901,1550,22445451,3668,22449119
"6640",34,22449607,1128,22450735,833,22451568,4385,22455953
"6641",34,22456453,1132,22457585,1233,22458818,3985,22462803
"6642",34,22463330,1122,22464452,1333,22465785,3885,22469670
"6643",34,22470175,1127,22471302,1266,22472568,3952,22476520
"6644",34,22477039,1129,22478168,834,22479002,4384,22483386
"6645",34,22483908,1127,22485035,1200,22486235,4018,22490253
"6646",34,22490739,1130,22491869,1750,22493619,3468,22497087
"6647",34,22497607,1128,22498735,2217,22500952,3001,22503953
"6648",34,22504472,1730,22506202,2300,22508502,2918,22511420
"6649",34,22511935,1134,22513069,1150,22514219,4068,22518287
"6650",34,22518808,1128,22519936,1050,22520986,4168,22525154
"6651",34,22525670,1266,22526936,1467,22528403,3751,22532154
"6652",34,22532652,1134,22533786,1033,22534819,4185,22539004
"6653",34,22539511,1592,22541103,1133,22542236,4085,22546321
"6654",34,22546813,1123,22547936,1917,22549853,3301,22553154
"6655",34,22553653,1117,22554770,1066,22555836,4152,22559988
"6656",34,22560508,1128,22561636,1334,22562970,3884,22566854
"6657",34,22567372,1131,22568503,1267,22569770,3951,22573721
"6658",34,22574242,1261,22575503,1484,22576987,3734,22580721
"6659",34,22581237,3283,22584520,1234,22585754,3984,22589738
"6660",34,22590216,1137,22591353,1284,22592637,3934,22596571
"6661",34,22597076,1561,22598637,1517,22600154,3701,22603855
"6662",34,22604368,1269,22605637,933,22606570,4285,22610855
"6663",34,22611368,1136,22612504,1417,22613921,3801,22617722
"6664",34,22618225,2612,22620837,1200,22622037,4018,22626055
"6665",34,22626560,1127,22627687,1450,22629137,3768,22632905
"6666",34,22633414,1123,22634537,1051,22635588,4167,22639755
"6667",34,22640263,1125,22641388,1300,22642688,3918,22646606
"6668",34,22647102,1136,22648238,816,22649054,4401,22653455
"6669",34,22653960,1294,22655254,951,22656205,4267,22660472
"6670",34,22660993,1128,22662121,984,22663105,4234,22667339
"6671",34,22667855,2116,22669971,1517,22671488,3701,22675189
"6672",34,22675693,1128,22676821,817,22677638,4401,22682039
"6673",34,22682527,1945,22684472,1233,22685705,3985,22689690
"6674",34,22690199,1123,22691322,1117,22692439,4101,22696540
"6675",34,22697052,1653,22698705,1234,22699939,3984,22703923
"6676",34,22704427,1762,22706189,983,22707172,4234,22711406
"6677",34,22711919,1136,22713055,817,22713872,4401,22718273
"6678",34,22718783,1122,22719905,1401,22721306,3817,22725123
"6679",34,22725651,1638,22727289,1033,22728322,4185,22732507
"6680",34,22733030,1759,22734789,2083,22736872,3135,22740007
"6681",34,22740518,2171,22742689,1550,22744239,3668,22747907
"6682",34,22748427,1129,22749556,1667,22751223,3551,22754774
"6683",34,22755297,2092,22757389,1601,22758990,3617,22762607
"6684",34,22763126,1130,22764256,1883,22766139,3335,22769474
"6685",34,22769969,1137,22771106,1300,22772406,3918,22776324
"6686",34,22776840,1133,22777973,867,22778840,4351,22783191
"6687",34,22783709,1264,22784973,1284,22786257,3934,22790191
"6688",34,22790701,1805,22792506,884,22793390,4334,22797724
"6689",34,22798239,1134,22799373,684,22800057,4534,22804591
"6690",34,22805113,1144,22806257,1183,22807440,4035,22811475
"6691",34,22811995,1128,22813123,851,22813974,4367,22818341
"6692",34,22818864,2226,22821090,767,22821857,4451,22826308
"6693",34,22826839,1135,22827974,1100,22829074,4118,22833192
"6694",34,22833715,1125,22834840,1267,22836107,3951,22840058
"6695",34,22840572,1235,22841807,1367,22843174,3851,22847025
"6696",34,22847532,1859,22849391,900,22850291,4318,22854609
"6697",34,22855132,1725,22856857,1067,22857924,4151,22862075
"6698",34,22862594,1830,22864424,1267,22865691,3951,22869642
"6699",34,22870140,1134,22871274,934,22872208,4284,22876492
"6700",34,22877028,1380,22878408,1050,22879458,4168,22883626
"6701",34,22884150,1258,22885408,1050,22886458,4168,22890626
"6702",34,22891129,1879,22893008,1067,22894075,4151,22898226
"6703",34,22898754,1137,22899891,1284,22901175,3934,22905109
"6704",34,22905627,1131,22906758,1117,22907875,4101,22911976
"6705",34,22912500,2308,22914808,1600,22916408,3618,22920026
"6706",34,22920541,1134,22921675,1317,22922992,3901,22926893
"6707",34,22927410,2215,22929625,1050,22930675,4168,22934843
"6708",34,22935337,2288,22937625,1484,22939109,3734,22942843
"6709",34,22943365,1127,22944492,850,22945342,4368,22949710
"6710",34,22950225,2201,22952426,1216,22953642,4001,22957643
"6711",34,22958148,1411,22959559,1200,22960759,4018,22964777
"6712",34,22965286,1156,22966442,1684,22968126,3534,22971660
"6713",34,22972148,1128,22973276,983,22974259,4235,22978494
"6714",34,22979000,1126,22980126,817,22980943,4401,22985344
"6715",34,22985839,2337,22988176,1600,22989776,3618,22993394
"6716",34,22993913,1130,22995043,667,22995710,4551,23000261
"6717",34,23000772,1138,23001910,883,23002793,4335,23007128
"6718",34,23007619,2057,23009676,634,23010310,4584,23014894
"6719",34,23015394,1199,23016593,767,23017360,4451,23021811
"6720",34,23022330,1130,23023460,667,23024127,4551,23028678
"6721",34,23029183,1127,23030310,634,23030944,4584,23035528
"6722",34,23036047,1530,23037577,800,23038377,4418,23042795
"6723",34,23043279,1781,23045060,1250,23046310,3968,23050278
"6724",34,23050788,1239,23052027,717,23052744,4501,23057245
"6725",34,23057747,1130,23058877,717,23059594,4501,23064095
"6726",34,23064584,1260,23065844,767,23066611,4451,23071062
"6727",34,23071574,1287,23072861,967,23073828,4251,23078079
"6728",34,23078568,2509,23081077,734,23081811,4484,23086295
"6729",34,23086801,1126,23087927,1334,23089261,3884,23093145
"6730",34,23093657,1887,23095544,817,23096361,4401,23100762
"6731",34,23101290,1354,23102644,767,23103411,4451,23107862
"6732",34,23108355,1989,23110344,918,23111262,4300,23115562
"6733",34,23116081,1680,23117761,884,23118645,4334,23122979
"6734",34,23123482,1596,23125078,934,23126012,4284,23130296
"6735",34,23130792,1770,23132562,666,23133228,4552,23137780
"6736",34,23138294,2934,23141228,667,23141895,4551,23146446
"6737",34,23146972,1123,23148095,1167,23149262,4051,23153313
"6738",34,23153830,1815,23155645,1234,23156879,3984,23160863
"6739",34,23161369,1126,23162495,717,23163212,4501,23167713
"6740",34,23168219,1126,23169345,1367,23170712,3851,23174563
"6741",34,23175071,1125,23176196,1216,23177412,4002,23181414
"6742",34,23181920,1642,23183562,1700,23185262,3518,23188780
"6743",34,23189297,1649,23190946,1133,23192079,4085,23196164
"6744",34,23196674,1122,23197796,817,23198613,4401,23203014
"6745",34,23203533,2296,23205829,767,23206596,4451,23211047
"6746",34,23211570,1943,23213513,600,23214113,4618,23218731
"6747",34,23219253,1860,23221113,1950,23223063,3268,23226331
"6748",34,23226852,2294,23229146,1134,23230280,4084,23234364
"6749",34,23234872,1124,23235996,967,23236963,4251,23241214
"6750",34,23241726,1654,23243380,1417,23244797,3801,23248598
"6751",34,23249089,1124,23250213,1117,23251330,4101,23255431
"6752",34,23255953,1127,23257080,867,23257947,4351,23262298
"6753",34,23262800,1697,23264497,817,23265314,4401,23269715
"6754",34,23270226,1671,23271897,817,23272714,4401,23277115
"6755",34,23277633,1131,23278764,883,23279647,4335,23283982
"6756",34,23284489,2242,23286731,1350,23288081,3868,23291949
"6757",34,23292438,1759,23294197,1284,23295481,3934,23299415
"6758",34,23299905,2476,23302381,800,23303181,4418,23307599
"6759",34,23308100,1131,23309231,750,23309981,4468,23314449
"6760",34,23314942,1122,23316064,1017,23317081,4201,23321282
"6761",34,23321784,2247,23324031,700,23324731,4518,23329249
"6762",34,23329772,1842,23331614,1484,23333098,3734,23336832
"6763",34,23337348,1200,23338548,633,23339181,4585,23343766
"6764",34,23344288,1127,23345415,950,23346365,4268,23350633
"6765",34,23351142,1840,23352982,733,23353715,4485,23358200
"6766",34,23358728,1637,23360365,583,23360948,4635,23365583
"6767",34,23366102,1130,23367232,833,23368065,4385,23372450
"6768",34,23372975,1690,23374665,634,23375299,4584,23379883
"6769",34,23380372,1127,23381499,733,23382232,4484,23386716
"6770",34,23387222,1860,23389082,633,23389715,4585,23394300
"6771",34,23394818,1647,23396465,1034,23397499,4184,23401683
"6772",34,23402185,1131,23403316,666,23403982,4552,23408534
"6773",34,23409046,1136,23410182,884,23411066,4334,23415400
"6774",34,23415890,1342,23417232,734,23417966,4485,23422451
"6775",34,23422982,1917,23424899,634,23425533,4584,23430117
"6776",34,23430625,1124,23431749,1034,23432783,4184,23436967
"6777",34,23437478,1838,23439316,1050,23440366,4168,23444534
"6778",34,23445045,1121,23446166,1017,23447183,4201,23451384
"6779",34,23451887,1779,23453666,1101,23454767,4117,23458884
"6780",34,23459394,1122,23460516,1117,23461633,4101,23465734
"6781",34,23466239,1127,23467366,1017,23468383,4201,23472584
"6782",34,23473076,1774,23474850,1600,23476450,3618,23480068
"6783",34,23480566,1134,23481700,1317,23483017,3901,23486918
"6784",34,23487432,1451,23488883,1101,23489984,4117,23494101
"6785",34,23494609,3291,23497900,1401,23499301,3817,23503118
"6786",34,23503608,1126,23504734,700,23505434,4518,23509952
"6787",34,23510460,1291,23511751,516,23512267,4702,23516969
"6788",34,23517478,1123,23518601,716,23519317,4502,23523819
"6789",34,23524309,1125,23525434,517,23525951,4701,23530652
"6790",34,23531161,1123,23532284,667,23532951,4551,23537502
"6791",34,23537990,1128,23539118,616,23539734,4602,23544336
"6792",34,23544840,1128,23545968,1150,23547118,4068,23551186
"6793",34,23551712,1122,23552834,617,23553451,4601,23558052
"6794",34,23558569,1132,23559701,700,23560401,4518,23564919
"6795",34,23565424,1127,23566551,901,23567452,4317,23571769
"6796",34,23572279,1122,23573401,767,23574168,4451,23578619
"6797",34,23579120,1132,23580252,850,23581102,4368,23585470
"6798",34,23585982,1320,23587302,583,23587885,4635,23592520
"6799",34,23593022,1130,23594152,583,23594735,4635,23599370
"6800",34,23599882,1136,23601018,534,23601552,4685,23606237
"6801",35,25660294,1189,25661483,1917,25663400,3301,25666701
"6802",35,25667209,1124,25668333,1517,25669850,3701,25673551
"6803",35,25674069,1131,25675200,6150,25681350,1017,25682367
"6804",35,25682878,1122,25684000,2283,25686283,2935,25689218
"6805",35,25689709,1124,25690833,2234,25693067,2984,25696051
"6806",35,25696571,1129,25697700,2550,25700250,2668,25702918
"6807",35,25703436,1131,25704567,5033,25709600,1017,25710617
"6808",35,25711136,1131,25712267,3067,25715334,2151,25717485
"6809",35,25717979,1121,25719100,4367,25723467,1017,25724484
"6810",35,25724976,1124,25726100,3201,25729301,2017,25731318
"6811",35,25731830,1337,25733167,3417,25736584,1801,25738385
"6812",35,25738898,1136,25740034,1933,25741967,3285,25745252
"6813",35,25745759,1125,25746884,2400,25749284,2818,25752102
"6814",35,25752619,1132,25753751,2717,25756468,2501,25758969
"6815",35,25759493,1575,25761068,2300,25763368,2917,25766285
"6816",35,25766786,1132,25767918,7100,25775018,1017,25776035
"6817",35,25776539,1129,25777668,2517,25780185,2701,25782886
"6818",35,25783375,1210,25784585,2666,25787251,2552,25789803
"6819",35,25790317,1134,25791451,1284,25792735,3934,25796669
"6820",35,25797176,1125,25798301,2401,25800702,2817,25803519
"6821",35,25804025,1677,25805702,3100,25808802,2118,25810920
"6822",35,25811427,1258,25812685,4350,25817035,1017,25818052
"6823",35,25818550,2069,25820619,1300,25821919,3917,25825836
"6824",35,25826355,1130,25827485,1267,25828752,3951,25832703
"6825",35,25833220,1799,25835019,1383,25836402,3835,25840237
"6826",35,25840754,1131,25841885,1267,25843152,3951,25847103
"6827",35,25847610,1776,25849386,1500,25850886,3718,25854604
"6828",35,25855118,1134,25856252,967,25857219,4251,25861470
"6829",35,25861979,1607,25863586,1733,25865319,3485,25868804
"6830",35,25869295,1774,25871069,7417,25878486,1017,25879503
"6831",35,25880006,1130,25881136,3917,25885053,1301,25886354
"6832",35,25886841,1128,25887969,3034,25891003,2184,25893187
"6833",35,25893687,1716,25895403,2100,25897503,3118,25900621
"6834",35,25901130,1123,25902253,2534,25904787,2684,25907471
"6835",35,25907987,1349,25909336,3234,25912570,1984,25914554
"6836",35,25915042,1228,25916270,1734,25918004,3484,25921488
"6837",35,25921982,1371,25923353,2534,25925887,2684,25928571
"6838",35,25929099,1671,25930770,5734,25936504,1016,25937520
"6839",35,25938041,1129,25939170,1750,25940920,3468,25944388
"6840",35,25944894,1793,25946687,2150,25948837,3068,25951905
"6841",35,25952416,1138,25953554,1450,25955004,3768,25958772
"6842",35,25959259,1128,25960387,6534,25966921,1017,25967938
"6843",35,25968434,1137,25969571,1883,25971454,3335,25974789
"6844",35,25975289,1682,25976971,4933,25981904,1017,25982921
"6845",35,25983433,1121,25984554,3517,25988071,1701,25989772
"6846",35,25990317,1137,25991454,3151,25994605,2067,25996672
"6847",35,25997201,1137,25998338,3317,26001655,1901,26003556
"6848",35,26004061,1410,26005471,3701,26009172,1517,26010689
"6849",35,26011198,1123,26012321,3117,26015438,2101,26017539
"6850",35,26018060,1128,26019188,4600,26023788,1017,26024805
"6851",35,26025322,1133,26026455,2767,26029222,2451,26031673
"6852",35,26032173,1132,26033305,3100,26036405,2118,26038523
"6853",35,26039032,1123,26040155,2450,26042605,2768,26045373
"6854",35,26045877,1128,26047005,3034,26050039,2184,26052223
"6855",35,26052728,1627,26054355,6451,26060806,1016,26061822
"6856",35,26062323,2133,26064456,2133,26066589,3084,26069673
"6857",35,26070189,1133,26071322,6034,26077356,1017,26078373
"6858",35,26078865,1124,26079989,1750,26081739,3468,26085207
"6859",35,26085728,1128,26086856,3683,26090539,1535,26092074
"6860",35,26092572,2884,26095456,2517,26097973,2701,26100674
"6861",35,26101177,1129,26102306,1117,26103423,4101,26107524
"6862",35,26108048,1125,26109173,2017,26111190,3201,26114391
"6863",35,26114881,1125,26116006,4067,26120073,1151,26121224
"6864",35,26121759,1131,26122890,2167,26125057,3051,26128108
"6865",35,26128630,1776,26130406,2434,26132840,2784,26135624
"6866",35,26136145,3012,26139157,1900,26141057,3317,26144374
"6867",35,26144889,1351,26146240,3167,26149407,2051,26151458
"6868",35,26151959,1898,26153857,2583,26156440,2635,26159075
"6869",35,26159579,1361,26160940,2017,26162957,3201,26166158
"6870",35,26166666,1891,26168557,3267,26171824,1951,26173775
"6871",35,26174282,1125,26175407,2667,26178074,2551,26180625
"6872",35,26181116,1125,26182241,3750,26185991,1468,26187459
"6873",35,26187960,1131,26189091,6300,26195391,1017,26196408
"6874",35,26196932,2226,26199158,1050,26200208,4168,26204376
"6875",35,26204884,2257,26207141,1867,26209008,3351,26212359
"6876",35,26212864,1127,26213991,1717,26215708,3501,26219209
"6877",35,26219719,1122,26220841,1834,26222675,3384,26226059
"6878",35,26226571,1137,26227708,1017,26228725,4201,26232926
"6879",35,26233441,1284,26234725,1500,26236225,3718,26239943
"6880",35,26240470,1122,26241592,3083,26244675,2134,26246809
"6881",35,26247297,1128,26248425,4484,26252909,1016,26253925
"6882",35,26254452,1573,26256025,3017,26259042,2201,26261243
"6883",35,26261757,1135,26262892,2600,26265492,2618,26268110
"6884",35,26268600,1125,26269725,2117,26271842,3101,26274943
"6885",35,26275444,1131,26276575,1834,26278409,3384,26281793
"6886",35,26282279,1130,26283409,3333,26286742,1885,26288627
"6887",35,26289129,1130,26290259,4517,26294776,1016,26295792
"6888",35,26296295,1264,26297559,2350,26299909,2868,26302777
"6889",35,26303286,1273,26304559,2367,26306926,2851,26309777
"6890",35,26310296,1280,26311576,4467,26316043,1017,26317060
"6891",35,26317566,2127,26319693,1517,26321210,3701,26324911
"6892",35,26325435,1125,26326560,2650,26329210,2568,26331778
"6893",35,26332296,1130,26333426,2667,26336093,2551,26338644
"6894",35,26339152,2024,26341176,2967,26344143,2251,26346394
"6895",35,26346893,1133,26348026,1167,26349193,4051,26353244
"6896",35,26353748,1129,26354877,1833,26356710,3385,26360095
"6897",35,26360584,1676,26362260,5967,26368227,1017,26369244
"6898",35,26369736,1124,26370860,2734,26373594,2484,26376078
"6899",35,26376580,1630,26378210,1684,26379894,3534,26383428
"6900",35,26383928,1382,26385310,3117,26388427,2101,26390528
"6901",35,26391046,1714,26392760,2601,26395361,2617,26397978
"6902",35,26398494,2367,26400861,3450,26404311,1767,26406078
"6903",35,26406565,1279,26407844,883,26408727,4335,26413062
"6904",35,26413561,1766,26415327,1734,26417061,3484,26420545
"6905",35,26421037,1124,26422161,2817,26424978,2401,26427379
"6906",35,26427893,1301,26429194,3534,26432728,1684,26434412
"6907",35,26434935,2159,26437094,1517,26438611,3701,26442312
"6908",35,26442825,2003,26444828,2384,26447212,2834,26450046
"6909",35,26450553,2825,26453378,4584,26457962,1016,26458978
"6910",35,26459504,2541,26462045,1233,26463278,3985,26467263
"6911",35,26467795,1133,26468928,3650,26472578,1568,26474146
"6912",35,26474670,1125,26475795,2217,26478012,3001,26481013
"6913",35,26481516,1412,26482928,1867,26484795,3351,26488146
"6914",35,26488668,1127,26489795,3967,26493762,1251,26495013
"6915",35,26495534,1261,26496795,1567,26498362,3651,26502013
"6916",35,26502518,1794,26504312,2334,26506646,2884,26509530
"6917",35,26510043,1269,26511312,3901,26515213,1317,26516530
"6918",35,26517034,1128,26518162,917,26519079,4301,26523380
"6919",35,26523894,2252,26526146,4734,26530880,1016,26531896
"6920",35,26532393,1136,26533529,2767,26536296,2451,26538747
"6921",35,26539246,1467,26540713,1917,26542630,3301,26545931
"6922",35,26546449,2447,26548896,3867,26552763,1351,26554114
"6923",35,26554636,1794,26556430,1950,26558380,3268,26561648
"6924",35,26562163,1367,26563530,3617,26567147,1601,26568748
"6925",35,26569238,3492,26572730,1833,26574563,3385,26577948
"6926",35,26578448,1215,26579663,2750,26582413,2468,26584881
"6927",35,26585379,2101,26587480,1284,26588764,3934,26592698
"6928",35,26593217,1647,26594864,2083,26596947,3135,26600082
"6929",35,26600589,3358,26603947,4467,26608414,1017,26609431
"6930",35,26609947,2050,26611997,1400,26613397,3818,26617215
"6931",35,26617713,1518,26619231,3900,26623131,1317,26624448
"6932",35,26624962,4202,26629164,4800,26633964,1017,26634981
"6933",35,26635511,1303,26636814,2000,26638814,3218,26642032
"6934",35,26642537,1127,26643664,1384,26645048,3834,26648882
"6935",35,26649415,1133,26650548,2283,26652831,2935,26655766
"6936",35,26656276,1605,26657881,1967,26659848,3251,26663099
"6937",35,26663591,1274,26664865,1366,26666231,3851,26670082
"6938",35,26670573,1125,26671698,1934,26673632,3284,26676916
"6939",35,26677433,2115,26679548,2851,26682399,2367,26684766
"6940",35,26685289,1126,26686415,4400,26690815,1017,26691832
"6941",35,26692333,1132,26693465,3017,26696482,2201,26698683
"6942",35,26699206,1842,26701048,1834,26702882,3384,26706266
"6943",35,26706767,2015,26708782,4350,26713132,1017,26714149
"6944",35,26714650,1132,26715782,1867,26717649,3351,26721000
"6945",35,26721490,1126,26722616,1616,26724232,3601,26727833
"6946",35,26728363,2686,26731049,2017,26733066,3201,26736267
"6947",35,26736767,1132,26737899,2600,26740499,2618,26743117
"6948",35,26743613,1136,26744749,3917,26748666,1301,26749967
"6949",35,26750478,1138,26751616,1633,26753249,3585,26756834
"6950",35,26757340,1126,26758466,1600,26760066,3618,26763684
"6951",35,26764177,2156,26766333,1300,26767633,3918,26771551
"6952",35,26772045,1121,26773166,2301,26775467,2917,26778384
"6953",35,26778894,1122,26780016,4051,26784067,1167,26785234
"6954",35,26785750,1133,26786883,1250,26788133,3968,26792101
"6955",35,26792588,1129,26793717,3450,26797167,1767,26798934
"6956",35,26799468,1132,26800600,1434,26802034,3784,26805818
"6957",35,26806323,1127,26807450,2967,26810417,2251,26812668
"6958",35,26813173,1127,26814300,1734,26816034,3484,26819518
"6959",35,26820035,1132,26821167,1317,26822484,3901,26826385
"6960",35,26826896,1138,26828034,1667,26829701,3551,26833252
"6961",35,26833766,2351,26836117,1417,26837534,3801,26841335
"6962",35,26841845,1106,26842951,6383,26849334,1017,26850351
"6963",35,26850838,1129,26851967,3801,26855768,1417,26857185
"6964",35,26857665,1136,26858801,1267,26860068,3951,26864019
"6965",35,26864543,1125,26865668,5866,26871534,1017,26872551
"6966",35,26873052,1132,26874184,2534,26876718,2684,26879402
"6967",35,26879921,1164,26881085,1633,26882718,3585,26886303
"6968",35,26886817,1268,26888085,5483,26893568,1017,26894585
"6969",35,26895106,1245,26896351,2667,26899018,2551,26901569
"6970",35,26902077,1758,26903835,1483,26905318,3735,26909053
"6971",35,26909571,3631,26913202,1433,26914635,3785,26918420
"6972",35,26918924,1128,26920052,2017,26922069,3201,26925270
"6973",35,26925765,1137,26926902,2233,26929135,2985,26932120
"6974",35,26932644,1125,26933769,2400,26936169,2817,26938986
"6975",35,26939497,1122,26940619,1383,26942002,3835,26945837
"6976",35,26946338,1131,26947469,1250,26948719,3968,26952687
"6977",35,26953201,1135,26954336,1667,26956003,3551,26959554
"6978",35,26960068,1134,26961202,2484,26963686,2734,26966420
"6979",35,26966935,1601,26968536,2283,26970819,2935,26973754
"6980",35,26974271,1132,26975403,3000,26978403,2218,26980621
"6981",35,26981139,1130,26982269,3101,26985370,2117,26987487
"6982",35,26987997,1123,26989120,3350,26992470,1867,26994337
"6983",35,26994850,1136,26995986,1550,26997536,3668,27001204
"6984",35,27001697,1839,27003536,1801,27005337,3417,27008754
"6985",35,27009268,1268,27010536,1767,27012303,3451,27015754
"6986",35,27016283,1854,27018137,3933,27022070,1284,27023354
"6987",35,27023876,1127,27025003,4601,27029604,1016,27030620
"6988",35,27031139,1131,27032270,1417,27033687,3801,27037488
"6989",35,27037991,1129,27039120,1617,27040737,3601,27044338
"6990",35,27044832,1122,27045954,1250,27047204,3968,27051172
"6991",35,27051677,1127,27052804,3867,27056671,1351,27058022
"6992",35,27058539,1132,27059671,2200,27061871,3018,27064889
"6993",35,27065390,1131,27066521,1400,27067921,3817,27071738
"6994",35,27072251,1136,27073387,1484,27074871,3734,27078605
"6995",35,27079143,1128,27080271,1350,27081621,3868,27085489
"6996",35,27086008,1130,27087138,1300,27088438,3918,27092356
"6997",35,27092872,1849,27094721,2384,27097105,2834,27099939
"6998",35,27100465,1123,27101588,1333,27102921,3885,27106806
"6999",35,27107293,1295,27108588,2317,27110905,2901,27113806
"7000",35,27114315,1373,27115688,3134,27118822,2084,27120906
"7001",36,7461109,1277,7462386,1331,7463717,3887,7467604
"7002",36,7468105,1129,7469234,1083,7470317,4135,7474452
"7003",36,7474977,1123,7476100,984,7477084,4234,7481318
"7004",36,7481832,1135,7482967,1517,7484484,3701,7488185
"7005",36,7488688,1596,7490284,1234,7491518,3984,7495502
"7006",36,7496014,1137,7497151,1700,7498851,3518,7502369
"7007",36,7502870,1514,7504384,2484,7506868,2734,7509602
"7008",36,7510106,1528,7511634,1517,7513151,3701,7516852
"7009",36,7517375,2709,7520084,1584,7521668,3634,7525302
"7010",36,7525830,1138,7526968,1567,7528535,3651,7532186
"7011",36,7532690,1128,7533818,2750,7536568,2468,7539036
"7012",36,7539552,1133,7540685,1583,7542268,3635,7545903
"7013",36,7546407,2511,7548918,1184,7550102,4034,7554136
"7014",36,7554655,1130,7555785,1600,7557385,3618,7561003
"7015",36,7561514,1138,7562652,1817,7564469,3401,7567870
"7016",36,7568359,1526,7569885,1200,7571085,4018,7575103
"7017",36,7575629,1123,7576752,3983,7580735,1235,7581970
"7018",36,7582484,1435,7583919,1900,7585819,3318,7589137
"7019",36,7589628,1657,7591285,1134,7592419,4084,7596503
"7020",36,7597022,1130,7598152,2317,7600469,2901,7603370
"7021",36,7603886,1133,7605019,2200,7607219,3018,7610237
"7022",36,7610745,1124,7611869,1534,7613403,3684,7617087
"7023",36,7617604,1132,7618736,1033,7619769,4185,7623954
"7024",36,7624474,1129,7625603,1233,7626836,3985,7630821
"7025",36,7631330,1606,7632936,1350,7634286,3868,7638154
"7026",36,7638651,1135,7639786,1800,7641586,3418,7645004
"7027",36,7645516,1137,7646653,1367,7648020,3851,7651871
"7028",36,7652394,1626,7654020,1050,7655070,4168,7659238
"7029",36,7659744,1126,7660870,1550,7662420,3668,7666088
"7030",36,7666598,1122,7667720,1133,7668853,4085,7672938
"7031",36,7673464,1123,7674587,1850,7676437,3368,7679805
"7032",36,7680330,2157,7682487,950,7683437,4268,7687705
"7033",36,7688211,1209,7689420,1417,7690837,3801,7694638
"7034",36,7695142,1128,7696270,1401,7697671,3817,7701488
"7035",36,7702002,1135,7703137,1334,7704471,3884,7708355
"7036",36,7708843,1128,7709971,2000,7711971,3218,7715189
"7037",36,7715713,1124,7716837,1484,7718321,3734,7722055
"7038",36,7722564,1123,7723687,1367,7725054,3851,7728905
"7039",36,7729420,1134,7730554,1584,7732138,3634,7735772
"7040",36,7736281,1123,7737404,2767,7740171,2451,7742622
"7041",36,7743113,1308,7744421,1350,7745771,3868,7749639
"7042",36,7750126,1329,7751455,1383,7752838,3835,7756673
"7043",36,7757180,1125,7758305,1383,7759688,3834,7763522
"7044",36,7764039,1199,7765238,2167,7767405,3051,7770456
"7045",36,7770966,1122,7772088,1234,7773322,3984,7777306
"7046",36,7777816,1122,7778938,1934,7780872,3284,7784156
"7047",36,7784674,1131,7785805,1550,7787355,3668,7791023
"7048",36,7791540,1365,7792905,2317,7795222,2901,7798123
"7049",36,7798638,1134,7799772,1817,7801589,3401,7804990
"7050",36,7805481,1124,7806605,1317,7807922,3901,7811823
"7051",36,7812315,1124,7813439,2883,7816322,2335,7818657
"7052",36,7819164,1125,7820289,1483,7821772,3735,7825507
"7053",36,7826022,1417,7827439,2667,7830106,2551,7832657
"7054",36,7833166,1540,7834706,1517,7836223,3701,7839924
"7055",36,7840447,1576,7842023,1516,7843539,3702,7847241
"7056",36,7847768,1121,7848889,1234,7850123,3984,7854107
"7057",36,7854621,1135,7855756,1550,7857306,3668,7860974
"7058",36,7861492,1131,7862623,1783,7864406,3435,7867841
"7059",36,7868337,1419,7869756,984,7870740,4234,7874974
"7060",36,7875487,1136,7876623,1400,7878023,3818,7881841
"7061",36,7882354,1536,7883890,1567,7885457,3651,7889108
"7062",36,7889610,1213,7890823,1351,7892174,3867,7896041
"7063",36,7896548,2725,7899273,1851,7901124,3367,7904491
"7064",36,7904998,1125,7906123,2784,7908907,2434,7911341
"7065",36,7911830,1127,7912957,1550,7914507,3668,7918175
"7066",36,7918690,1134,7919824,1333,7921157,3885,7925042
"7067",36,7925546,1578,7927124,1750,7928874,3468,7932342
"7068",36,7932858,1499,7934357,1384,7935741,3834,7939575
"7069",36,7940093,1131,7941224,1867,7943091,3351,7946442
"7070",36,7946933,1275,7948208,2000,7950208,3217,7953425
"7071",36,7953930,1544,7955474,1250,7956724,3968,7960692
"7072",36,7961180,1128,7962308,2550,7964858,2668,7967526
"7073",36,7968044,1130,7969174,2684,7971858,2534,7974392
"7074",36,7974898,1127,7976025,1466,7977491,3752,7981243
"7075",36,7981761,1130,7982891,2434,7985325,2784,7988109
"7076",36,7988623,1135,7989758,1067,7990825,4151,7994976
"7077",36,7995487,1121,7996608,2101,7998709,3117,8001826
"7078",36,8002318,1474,8003792,1167,8004959,4051,8009010
"7079",36,8009529,1129,8010658,2051,8012709,3167,8015876
"7080",36,8016395,1447,8017842,1767,8019609,3451,8023060
"7081",36,8023562,1563,8025125,1417,8026542,3801,8030343
"7082",36,8030870,1472,8032342,1484,8033826,3734,8037560
"7083",36,8038085,1124,8039209,1283,8040492,3935,8044427
"7084",36,8044919,1940,8046859,1467,8048326,3751,8052077
"7085",36,8052615,1261,8053876,1650,8055526,3568,8059094
"7086",36,8059609,1133,8060742,1851,8062593,3367,8065960
"7087",36,8066452,1674,8068126,1584,8069710,3634,8073344
"7088",36,8073853,1640,8075493,1333,8076826,3885,8080711
"7089",36,8081231,1129,8082360,1433,8083793,3784,8087577
"7090",36,8088086,2074,8090160,1367,8091527,3851,8095378
"7091",36,8095897,1396,8097293,1434,8098727,3784,8102511
"7092",36,8103038,1505,8104543,1334,8105877,3884,8109761
"7093",36,8110264,1913,8112177,1350,8113527,3868,8117395
"7094",36,8117905,1122,8119027,1100,8120127,4118,8124245
"7095",36,8124762,1398,8126160,2467,8128627,2751,8131378
"7096",36,8131885,1625,8133510,1634,8135144,3584,8138728
"7097",36,8139245,1565,8140810,1017,8141827,4201,8146028
"7098",36,8146543,1134,8147677,900,8148577,4318,8152895
"7099",36,8153411,1133,8154544,1333,8155877,3885,8159762
"7100",36,8160282,1579,8161861,967,8162828,4251,8167079
"7101",36,8167588,1490,8169078,983,8170061,4234,8174295
"7102",36,8174800,1811,8176611,1434,8178045,3784,8181829
"7103",36,8182318,1210,8183528,1183,8184711,4035,8188746
"7104",36,8189249,1946,8191195,1550,8192745,3667,8196412
"7105",36,8196926,1135,8198061,2167,8200228,3051,8203279
"7106",36,8203771,1257,8205028,1400,8206428,3818,8210246
"7107",36,8210753,1492,8212245,1433,8213678,3785,8217463
"7108",36,8217974,1121,8219095,1533,8220628,3685,8224313
"7109",36,8224839,1673,8226512,1500,8228012,3718,8231730
"7110",36,8232250,1128,8233378,1401,8234779,3817,8238596
"7111",36,8239102,1127,8240229,2316,8242545,2902,8245447
"7112",36,8245950,1129,8247079,1116,8248195,4102,8252297
"7113",36,8252814,1448,8254262,2034,8256296,3184,8259480
"7114",36,8260001,1128,8261129,1217,8262346,4001,8266347
"7115",36,8266866,1130,8267996,2200,8270196,3018,8273214
"7116",36,8273728,1351,8275079,1284,8276363,3934,8280297
"7117",36,8280824,1122,8281946,1167,8283113,4051,8287164
"7118",36,8287681,1315,8288996,983,8289979,4235,8294214
"7119",36,8294726,1137,8295863,2933,8298796,2285,8301081
"7120",36,8301591,1288,8302879,1384,8304263,3834,8308097
"7121",36,8308598,1132,8309730,1616,8311346,3602,8314948
"7122",36,8315460,1136,8316596,1817,8318413,3401,8321814
"7123",36,8322344,1136,8323480,1533,8325013,3685,8328698
"7124",36,8329214,1133,8330347,1733,8332080,3484,8335564
"7125",36,8336073,1124,8337197,1233,8338430,3985,8342415
"7126",36,8342922,1591,8344513,1234,8345747,3985,8349732
"7127",36,8350225,1122,8351347,2250,8353597,2968,8356565
"7128",36,8357083,1281,8358364,1967,8360331,3251,8363582
"7129",36,8364091,1289,8365380,1384,8366764,3834,8370598
"7130",36,8371110,1437,8372547,1967,8374514,3251,8377765
"7131",36,8378309,1538,8379847,1451,8381298,3767,8385065
"7132",36,8385587,1127,8386714,1334,8388048,3884,8391932
"7133",36,8392441,1240,8393681,1250,8394931,3968,8398899
"7134",36,8399399,1132,8400531,1150,8401681,4068,8405749
"7135",36,8406238,1126,8407364,1317,8408681,3901,8412582
"7136",36,8413093,1872,8414965,1833,8416798,3384,8420182
"7137",36,8420695,1136,8421831,1351,8423182,3867,8427049
"7138",36,8427567,1131,8428698,1300,8429998,3918,8433916
"7139",36,8434430,1135,8435565,1500,8437065,3718,8440783
"7140",36,8441287,1161,8442448,1067,8443515,4151,8447666
"7141",36,8448178,1137,8449315,1217,8450532,4001,8454533
"7142",36,8455043,1172,8456215,817,8457032,4401,8461433
"7143",36,8461948,1501,8463449,867,8464316,4351,8468667
"7144",36,8469191,1124,8470315,1117,8471432,4101,8475533
"7145",36,8476048,1134,8477182,1534,8478716,3684,8482400
"7146",36,8482890,1126,8484016,1233,8485249,3985,8489234
"7147",36,8489746,1136,8490882,3134,8494016,2084,8496100
"7148",36,8496598,1201,8497799,1300,8499099,3918,8503017
"7149",36,8503558,1558,8505116,1550,8506666,3668,8510334
"7150",36,8510848,1135,8511983,2817,8514800,2401,8517201
"7151",36,8517687,1129,8518816,1617,8520433,3601,8524034
"7152",36,8524536,1130,8525666,1167,8526833,4051,8530884
"7153",36,8531413,1137,8532550,2333,8534883,2885,8537768
"7154",36,8538271,1129,8539400,1633,8541033,3585,8544618
"7155",36,8545119,1131,8546250,2250,8548500,2968,8551468
"7156",36,8551982,1135,8553117,1550,8554667,3668,8558335
"7157",36,8558861,1122,8559983,2717,8562700,2501,8565201
"7158",36,8565693,1124,8566817,2017,8568834,3201,8572035
"7159",36,8572535,1132,8573667,917,8574584,4301,8578885
"7160",36,8579419,1131,8580550,1034,8581584,4184,8585768
"7161",36,8586277,1124,8587401,1466,8588867,3751,8592618
"7162",36,8593127,1290,8594417,1167,8595584,4051,8599635
"7163",36,8600139,1128,8601267,1617,8602884,3601,8606485
"7164",36,8607013,1138,8608151,1033,8609184,4185,8613369
"7165",36,8613873,1128,8615001,1200,8616201,4018,8620219
"7166",36,8620725,1126,8621851,1267,8623118,3951,8627069
"7167",36,8627588,1463,8629051,1217,8630268,4001,8634269
"7168",36,8634780,1138,8635918,1000,8636918,4218,8641136
"7169",36,8641662,1123,8642785,833,8643618,4385,8648003
"7170",36,8648491,1127,8649618,1650,8651268,3568,8654836
"7171",36,8655353,1132,8656485,1683,8658168,3535,8661703
"7172",36,8662208,1127,8663335,2017,8665352,3201,8668553
"7173",36,8669047,1555,8670602,1317,8671919,3901,8675820
"7174",36,8676328,1124,8677452,1383,8678835,3835,8682670
"7175",36,8683187,1132,8684319,1616,8685935,3602,8689537
"7176",36,8690057,1128,8691185,1184,8692369,4034,8696403
"7177",36,8696918,1134,8698052,2050,8700102,3168,8703270
"7178",36,8703769,1133,8704902,1367,8706269,3851,8710120
"7179",36,8710618,1134,8711752,1301,8713053,3917,8716970
"7180",36,8717470,1133,8718603,1500,8720103,3717,8723820
"7181",36,8724334,1302,8725636,1083,8726719,4135,8730854
"7182",36,8731369,1300,8732669,984,8733653,4234,8737887
"7183",36,8738403,1133,8739536,1050,8740586,4168,8744754
"7184",36,8745261,1975,8747236,1617,8748853,3601,8752454
"7185",36,8752974,1129,8754103,983,8755086,4235,8759321
"7186",36,8759839,1464,8761303,1384,8762687,3834,8766521
"7187",36,8767043,1127,8768170,917,8769087,4301,8773388
"7188",36,8773896,1207,8775103,1667,8776770,3551,8780321
"7189",36,8780830,1123,8781953,1284,8783237,3934,8787171
"7190",36,8787687,1133,8788820,1450,8790270,3768,8794038
"7191",36,8794540,1180,8795720,1500,8797220,3718,8800938
"7192",36,8801442,1478,8802920,2017,8804937,3201,8808138
"7193",36,8808652,1335,8809987,1217,8811204,4001,8815205
"7194",36,8815716,1138,8816854,1917,8818771,3301,8822072
"7195",36,8822599,1122,8823721,1383,8825104,3835,8828939
"7196",36,8829464,1124,8830588,916,8831504,4301,8835805
"7197",36,8836303,1268,8837571,983,8838554,4235,8842789
"7198",36,8843301,1503,8844804,1667,8846471,3551,8850022
"7199",36,8850524,1130,8851654,1434,8853088,3784,8856872
"7200",36,8857397,1124,8858521,1250,8859771,3968,8863739
"7201",37,11752118,1130,11753248,1784,11755032,3434,11758466
"7202",37,11758985,1130,11760115,2700,11762815,2518,11765333
"7203",37,11765840,1125,11766965,1200,11768165,4018,11772183
"7204",37,11772687,1128,11773815,1417,11775232,3801,11779033
"7205",37,11779551,1131,11780682,4800,11785482,1017,11786499
"7206",37,11787005,1127,11788132,2984,11791116,2234,11793350
"7207",37,11793873,1126,11794999,1800,11796799,3418,11800217
"7208",37,11800731,1135,11801866,1683,11803549,3535,11807084
"7209",37,11807581,1135,11808716,4300,11813016,1017,11814033
"7210",37,11814536,1230,11815766,2384,11818150,2834,11820984
"7211",37,11821503,1130,11822633,4983,11827616,1017,11828633
"7212",37,11829109,1124,11830233,10500,11840733,1017,11841750
"7213",37,11842268,1148,11843416,3667,11847083,1551,11848634
"7214",37,11849163,1920,11851083,3884,11854967,1334,11856301
"7215",37,11856817,1133,11857950,2217,11860167,3001,11863168
"7216",37,11863689,1861,11865550,2867,11868417,2351,11870768
"7217",37,11871269,1131,11872400,3584,11875984,1634,11877618
"7218",37,11878140,1327,11879467,4034,11883501,1184,11884685
"7219",37,11885198,1136,11886334,3233,11889567,1985,11891552
"7220",37,11892059,1358,11893417,4467,11897884,1017,11898901
"7221",37,11899418,1483,11900901,2150,11903051,3068,11906119
"7222",37,11906627,1124,11907751,4750,11912501,1017,11913518
"7223",37,11914006,1128,11915134,2717,11917851,2501,11920352
"7224",37,11920864,1737,11922601,3150,11925751,2068,11927819
"7225",37,11928324,1427,11929751,5500,11935251,1017,11936268
"7226",37,11936777,7541,11944318,2567,11946885,2651,11949536
"7227",37,11950044,1224,11951268,2984,11954252,2234,11956486
"7228",37,11956998,1254,11958252,3966,11962218,1251,11963469
"7229",37,11963988,1130,11965118,3367,11968485,1851,11970336
"7230",37,11970834,1134,11971968,1684,11973652,3534,11977186
"7231",37,11977688,1514,11979202,1583,11980785,3635,11984420
"7232",37,11984926,1126,11986052,1617,11987669,3601,11991270
"7233",37,11991761,1124,11992885,6201,11999086,1016,12000102
"7234",37,12000617,2919,12003536,1450,12004986,3768,12008754
"7235",37,12009273,1446,12010719,1700,12012419,3518,12015937
"7236",37,12016429,1123,12017552,4617,12022169,1017,12023186
"7237",37,12023690,2479,12026169,4184,12030353,1034,12031387
"7238",37,12031888,1831,12033719,1667,12035386,3551,12038937
"7239",37,12039445,1124,12040569,2334,12042903,2884,12045787
"7240",37,12046276,1127,12047403,2517,12049920,2701,12052621
"7241",37,12053138,1132,12054270,3150,12057420,2068,12059488
"7242",37,12059999,1904,12061903,2400,12064303,2818,12067121
"7243",37,12067612,2258,12069870,4150,12074020,1068,12075088
"7244",37,12075604,1233,12076837,6267,12083104,1016,12084120
"7245",37,12084626,1811,12086437,5333,12091770,1017,12092787
"7246",37,12093292,1612,12094904,1550,12096454,3668,12100122
"7247",37,12100616,1138,12101754,3667,12105421,1551,12106972
"7248",37,12107482,3355,12110837,4650,12115487,1017,12116504
"7249",37,12116993,1828,12118821,1916,12120737,3302,12124039
"7250",37,12124558,1129,12125687,3767,12129454,1451,12130905
"7251",37,12131417,1137,12132554,1234,12133788,3984,12137772
"7252",37,12138295,1259,12139554,1334,12140888,3884,12144772
"7253",37,12145283,1121,12146404,3417,12149821,1801,12151622
"7254",37,12152125,1130,12153255,3150,12156405,2067,12158472
"7255",37,12158964,1124,12160088,1667,12161755,3551,12165306
"7256",37,12165805,1733,12167538,2167,12169705,3051,12172756
"7257",37,12173264,1124,12174388,3250,12177638,1968,12179606
"7258",37,12180113,1125,12181238,2467,12183705,2751,12186456
"7259",37,12186959,1129,12188088,2717,12190805,2501,12193306
"7260",37,12193821,1134,12194955,2017,12196972,3201,12200173
"7261",37,12200711,1128,12201839,2433,12204272,2784,12207056
"7262",37,12207577,1128,12208705,3817,12212522,1401,12213923
"7263",37,12214433,1122,12215555,4651,12220206,1016,12221222
"7264",37,12221759,1130,12222889,4450,12227339,1017,12228356
"7265",37,12228850,1122,12229972,3301,12233273,1917,12235190
"7266",37,12235684,1122,12236806,4250,12241056,1017,12242073
"7267",37,12242572,1134,12243706,5533,12249239,1017,12250256
"7268",37,12250764,5125,12255889,5101,12260990,1016,12262006
"7269",37,12262529,1127,12263656,3150,12266806,2068,12268874
"7270",37,12269364,1126,12270490,4266,12274756,1017,12275773
"7271",37,12276287,1553,12277840,2733,12280573,2485,12283058
"7272",37,12283576,1130,12284706,3617,12288323,1601,12289924
"7273",37,12290432,1125,12291557,1333,12292890,3885,12296775
"7274",37,12297301,1122,12298423,5167,12303590,1017,12304607
"7275",37,12305120,1137,12306257,2783,12309040,2435,12311475
"7276",37,12311989,1135,12313124,4150,12317274,1067,12318341
"7277",37,12318834,1123,12319957,1484,12321441,3734,12325175
"7278",37,12325689,1135,12326824,2750,12329574,2468,12332042
"7279",37,12332557,2384,12334941,4733,12339674,1017,12340691
"7280",37,12341181,1126,12342307,2651,12344958,2567,12347525
"7281",37,12348032,1642,12349674,1534,12351208,3684,12354892
"7282",37,12355403,2371,12357774,2267,12360041,2951,12362992
"7283",37,12363502,1122,12364624,3884,12368508,1334,12369842
"7284",37,12370362,1612,12371974,2967,12374941,2251,12377192
"7285",37,12377709,1132,12378841,5517,12384358,1017,12385375
"7286",37,12385872,1236,12387108,1350,12388458,3868,12392326
"7287",37,12392815,1127,12393942,2016,12395958,3202,12399160
"7288",37,12399657,1135,12400792,1733,12402525,3485,12406010
"7289",37,12406538,1137,12407675,2450,12410125,2768,12412893
"7290",37,12413413,1362,12414775,1834,12416609,3384,12419993
"7291",37,12420520,1489,12422009,2200,12424209,3018,12427227
"7292",37,12427762,1130,12428892,1350,12430242,3868,12434110
"7293",37,12434633,1126,12435759,1717,12437476,3501,12440977
"7294",37,12441483,1126,12442609,1800,12444409,3418,12447827
"7295",37,12448338,1138,12449476,1617,12451093,3601,12454694
"7296",37,12455205,1354,12456559,1150,12457709,4068,12461777
"7297",37,12462269,1390,12463659,1417,12465076,3801,12468877
"7298",37,12469390,1269,12470659,3284,12473943,1934,12475877
"7299",37,12476364,1129,12477493,1417,12478910,3801,12482711
"7300",37,12483225,1135,12484360,1300,12485660,3918,12489578
"7301",37,12490079,1131,12491210,1583,12492793,3635,12496428
"7302",37,12496943,1133,12498076,2201,12500277,3017,12503294
"7303",37,12503790,1137,12504927,5217,12510144,1016,12511160
"7304",37,12511675,2302,12513977,1933,12515910,3285,12519195
"7305",37,12519700,1127,12520827,1550,12522377,3668,12526045
"7306",37,12526564,1130,12527694,2300,12529994,2918,12532912
"7307",37,12533440,1137,12534577,1050,12535627,4168,12539795
"7308",37,12540298,1129,12541427,1767,12543194,3451,12546645
"7309",37,12547157,1137,12548294,3167,12551461,2051,12553512
"7310",37,12554025,1136,12555161,2850,12558011,2368,12560379
"7311",37,12560878,1133,12562011,1533,12563544,3685,12567229
"7312",37,12567720,1124,12568844,2217,12571061,3001,12574062
"7313",37,12574559,1135,12575694,1517,12577211,3701,12580912
"7314",37,12581450,1128,12582578,2117,12584695,3101,12587796
"7315",37,12588310,1134,12589444,1967,12591411,3251,12594662
"7316",37,12595171,1124,12596295,2617,12598912,2601,12601513
"7317",37,12602027,1134,12603161,2117,12605278,3101,12608379
"7318",37,12608890,1721,12610611,2551,12613162,2667,12615829
"7319",37,12616347,1131,12617478,1467,12618945,3751,12622696
"7320",37,12623215,1130,12624345,1300,12625645,3918,12629563
"7321",37,12630065,1130,12631195,2300,12633495,2918,12636413
"7322",37,12636941,1138,12638079,1650,12639729,3568,12643297
"7323",37,12643805,1124,12644929,2050,12646979,3168,12650147
"7324",37,12650675,1137,12651812,2550,12654362,2668,12657030
"7325",37,12657544,1135,12658679,1433,12660112,3785,12663897
"7326",37,12664417,1129,12665546,717,12666263,4501,12670764
"7327",37,12671277,1135,12672412,1767,12674179,3451,12677630
"7328",37,12678157,1122,12679279,2084,12681363,3134,12684497
"7329",37,12685001,1128,12686129,2317,12688446,2901,12691347
"7330",37,12691858,1121,12692979,3634,12696613,1584,12698197
"7331",37,12698698,1131,12699829,1851,12701680,3367,12705047
"7332",37,12705544,1402,12706946,1434,12708380,3784,12712164
"7333",37,12712667,1129,12713796,2134,12715930,3084,12719014
"7334",37,12719518,1129,12720647,1016,12721663,4201,12725864
"7335",37,12726370,1127,12727497,2483,12729980,2735,12732715
"7336",37,12733249,1131,12734380,2000,12736380,3218,12739598
"7337",37,12740090,1123,12741213,1267,12742480,3951,12746431
"7338",37,12746968,1912,12748880,1501,12750381,3717,12754098
"7339",37,12754589,1125,12755714,1550,12757264,3668,12760932
"7340",37,12761445,2035,12763480,1651,12765131,3567,12768698
"7341",37,12769217,1130,12770347,2134,12772481,3084,12775565
"7342",37,12776075,1122,12777197,1451,12778648,3767,12782415
"7343",37,12782923,1124,12784047,4567,12788614,1017,12789631
"7344",37,12790153,1128,12791281,3017,12794298,2201,12796499
"7345",37,12797008,1123,12798131,917,12799048,4301,12803349
"7346",37,12803866,1132,12804998,2183,12807181,3035,12810216
"7347",37,12810726,1122,12811848,1667,12813515,3551,12817066
"7348",37,12817564,1134,12818698,2050,12820748,3168,12823916
"7349",37,12824445,1136,12825581,1434,12827015,3784,12830799
"7350",37,12831320,1128,12832448,967,12833415,4251,12837666
"7351",37,12838174,1124,12839298,1217,12840515,4001,12844516
"7352",37,12845026,1122,12846148,2067,12848215,3151,12851366
"7353",37,12851864,1135,12852999,2183,12855182,3034,12858216
"7354",37,12858736,1129,12859865,5451,12865316,1016,12866332
"7355",37,12866847,1135,12867982,3700,12871682,1518,12873200
"7356",37,12873716,1133,12874849,1467,12876316,3751,12880067
"7357",37,12880568,1131,12881699,1250,12882949,3968,12886917
"7358",37,12887446,1136,12888582,2001,12890583,3217,12893800
"7359",37,12894317,1132,12895449,4350,12899799,1017,12900816
"7360",37,12901340,1126,12902466,1217,12903683,4001,12907684
"7361",37,12908189,2811,12911000,2983,12913983,2234,12916217
"7362",37,12916717,1133,12917850,1666,12919516,3551,12923067
"7363",37,12923584,1132,12924716,2200,12926916,3018,12929934
"7364",37,12930440,1126,12931566,1084,12932650,4134,12936784
"7365",37,12937290,1127,12938417,4083,12942500,1134,12943634
"7366",37,12944137,1130,12945267,1050,12946317,4168,12950485
"7367",37,12951001,1132,12952133,3717,12955850,1501,12957351
"7368",37,12957855,1129,12958984,1500,12960484,3717,12964201
"7369",37,12964724,1126,12965850,1100,12966950,4118,12971068
"7370",37,12971583,1134,12972717,3200,12975917,2018,12977935
"7371",37,12978441,1126,12979567,1600,12981167,3618,12984785
"7372",37,12985306,1128,12986434,2034,12988468,3184,12991652
"7373",37,12992177,1440,12993617,1284,12994901,3934,12998835
"7374",37,12999351,1133,13000484,2234,13002718,2984,13005702
"7375",37,13006205,1129,13007334,1784,13009118,3434,13012552
"7376",37,13013057,1127,13014184,1367,13015551,3851,13019402
"7377",37,13019915,1136,13021051,1417,13022468,3801,13026269
"7378",37,13026780,1121,13027901,3134,13031035,2084,13033119
"7379",37,13033620,1131,13034751,2100,13036851,3118,13039969
"7380",37,13040480,1138,13041618,3650,13045268,1568,13046836
"7381",37,13047353,1132,13048485,2517,13051002,2701,13053703
"7382",37,13054240,1128,13055368,3117,13058485,2101,13060586
"7383",37,13061115,1137,13062252,1267,13063519,3951,13067470
"7384",37,13067974,1128,13069102,2183,13071285,3035,13074320
"7385",37,13074824,1128,13075952,1167,13077119,4051,13081170
"7386",37,13081683,1136,13082819,1333,13084152,3885,13088037
"7387",37,13088533,1653,13090186,1250,13091436,3967,13095403
"7388",37,13095940,1796,13097736,1433,13099169,3785,13102954
"7389",37,13103453,1133,13104586,1733,13106319,3485,13109804
"7390",37,13110305,1131,13111436,4500,13115936,1017,13116953
"7391",37,13117475,3711,13121186,3100,13124286,2118,13126404
"7392",37,13126903,1133,13128036,2000,13130036,3218,13133254
"7393",37,13133793,1127,13134920,1183,13136103,4034,13140137
"7394",37,13140638,1648,13142286,1034,13143320,4184,13147504
"7395",37,13148015,1138,13149153,2284,13151437,2934,13154371
"7396",37,13154883,1137,13156020,2267,13158287,2951,13161238
"7397",37,13161741,1129,13162870,1767,13164637,3451,13168088
"7398",37,13168612,1125,13169737,3533,13173270,1685,13174955
"7399",37,13175475,1129,13176604,2633,13179237,2584,13181821
"7400",37,13182346,1124,13183470,1084,13184554,4134,13188688
"7401",38,14903703,1561,14905264,1533,14906797,3685,14910482
"7402",38,14910988,1126,14912114,1467,14913581,3751,14917332
"7403",38,14917834,1130,14918964,1117,14920081,4101,14924182
"7404",38,14924690,1124,14925814,1217,14927031,4001,14931032
"7405",38,14931557,1124,14932681,1300,14933981,3918,14937899
"7406",38,14938412,1135,14939547,784,14940331,4434,14944765
"7407",38,14945281,1133,14946414,2584,14948998,2634,14951632
"7408",38,14952121,1127,14953248,1117,14954365,4100,14958465
"7409",38,14958976,1122,14960098,1250,14961348,3968,14965316
"7410",38,14965809,1122,14966931,934,14967865,4284,14972149
"7411",38,14972639,1126,14973765,1966,14975731,3252,14978983
"7412",38,14979488,1127,14980615,767,14981382,4451,14985833
"7413",38,14986338,1127,14987465,767,14988232,4451,14992683
"7414",38,14993205,1810,14995015,1267,14996282,3951,15000233
"7415",38,15000721,1127,15001848,1417,15003265,3801,15007066
"7416",38,15007570,1128,15008698,1567,15010265,3651,15013916
"7417",38,15014443,1122,15015565,1100,15016665,4118,15020783
"7418",38,15021296,1536,15022832,833,15023665,4385,15028050
"7419",38,15028576,1106,15029682,1117,15030799,4101,15034900
"7420",38,15035408,1124,15036532,1034,15037566,4184,15041750
"7421",38,15042250,1132,15043382,2134,15045516,3084,15048600
"7422",38,15049129,1137,15050266,1117,15051383,4101,15055484
"7423",38,15055988,1128,15057116,1100,15058216,4118,15062334
"7424",38,15062822,1127,15063949,1201,15065150,4017,15069167
"7425",38,15069660,1123,15070783,950,15071733,4268,15076001
"7426",38,15076533,1133,15077666,1184,15078850,4034,15082884
"7427",38,15083390,1126,15084516,850,15085366,4368,15089734
"7428",38,15090262,1138,15091400,1000,15092400,4218,15096618
"7429",38,15097131,1536,15098667,1366,15100033,3852,15103885
"7430",38,15104401,1132,15105533,767,15106300,4451,15110751
"7431",38,15111240,1127,15112367,1383,15113750,3835,15117585
"7432",38,15118098,1135,15119233,834,15120067,4384,15124451
"7433",38,15124957,1127,15126084,1566,15127650,3652,15131302
"7434",38,15131812,1122,15132934,2150,15135084,3068,15138152
"7435",38,15138652,1132,15139784,2050,15141834,3168,15145002
"7436",38,15145537,1130,15146667,884,15147551,4334,15151885
"7437",38,15152373,1911,15154284,1350,15155634,3868,15159502
"7438",38,15160004,1130,15161134,1700,15162834,3518,15166352
"7439",38,15166864,7537,15174401,1800,15176201,3418,15179619
"7440",38,15180143,1125,15181268,1833,15183101,3385,15186486
"7441",38,15187011,1124,15188135,1017,15189152,4200,15193352
"7442",38,15193861,1124,15194985,1367,15196352,3851,15200203
"7443",38,15200711,1124,15201835,1067,15202902,4151,15207053
"7444",38,15207541,1127,15208668,2167,15210835,3051,15213886
"7445",38,15214392,1126,15215518,967,15216485,4251,15220736
"7446",38,15221250,1135,15222385,1117,15223502,4101,15227603
"7447",38,15228119,1133,15229252,883,15230135,4335,15234470
"7448",38,15234965,1137,15236102,2450,15238552,2768,15241320
"7449",38,15241832,3120,15244952,1250,15246202,3968,15250170
"7450",38,15250691,1345,15252036,733,15252769,4484,15257253
"7451",38,15257806,1130,15258936,3400,15262336,1818,15264154
"7452",38,15264683,1136,15265819,1600,15267419,3618,15271037
"7453",38,15271543,1126,15272669,817,15273486,4401,15277887
"7454",38,15278374,1129,15279503,900,15280403,4317,15284720
"7455",38,15285231,1122,15286353,1217,15287570,4001,15291571
"7456",38,15292060,1126,15293186,717,15293903,4501,15298404
"7457",38,15298921,1132,15300053,2000,15302053,3218,15305271
"7458",38,15305754,1133,15306887,1583,15308470,3634,15312104
"7459",38,15312615,1122,15313737,2400,15316137,2817,15318954
"7460",38,15319444,3559,15323003,1051,15324054,4167,15328221
"7461",38,15328738,1132,15329870,984,15330854,4234,15335088
"7462",38,15335601,1136,15336737,2717,15339454,2501,15341955
"7463",38,15342478,1276,15343754,1600,15345354,3618,15348972
"7464",38,15349478,1709,15351187,2817,15354004,2401,15356405
"7465",38,15356943,1128,15358071,933,15359004,4285,15363289
"7466",38,15363795,1126,15364921,1216,15366137,4002,15370139
"7467",38,15370659,1129,15371788,1000,15372788,4217,15377005
"7468",38,15377513,1125,15378638,1916,15380554,3301,15383855
"7469",38,15384368,1136,15385504,934,15386438,4284,15390722
"7470",38,15391219,1135,15392354,951,15393305,4267,15397572
"7471",38,15398080,2191,15400271,2367,15402638,2851,15405489
"7472",38,15406017,1121,15407138,1283,15408421,3935,15412356
"7473",38,15412877,1311,15414188,1500,15415688,3718,15419406
"7474",38,15419929,1126,15421055,1633,15422688,3585,15426273
"7475",38,15426768,1137,15427905,1400,15429305,3818,15433123
"7476",38,15433648,1124,15434772,900,15435672,4318,15439990
"7477",38,15440512,1127,15441639,1683,15443322,3535,15446857
"7478",38,15447372,1133,15448505,1134,15449639,4084,15453723
"7479",38,15454215,1124,15455339,1200,15456539,4018,15460557
"7480",38,15461068,1138,15462206,1100,15463306,4117,15467423
"7481",38,15467927,1129,15469056,1117,15470173,4101,15474274
"7482",38,15474792,1130,15475922,2301,15478223,2917,15481140
"7483",38,15481667,1122,15482789,1550,15484339,3668,15488007
"7484",38,15488517,1122,15489639,967,15490606,4251,15494857
"7485",38,15495368,1121,15496489,951,15497440,4267,15501707
"7486",38,15502220,1136,15503356,1634,15504990,3584,15508574
"7487",38,15509052,1121,15510173,2167,15512340,3051,15515391
"7488",38,15515894,1129,15517023,1150,15518173,4068,15522241
"7489",38,15522728,1128,15523856,1151,15525007,4067,15529074
"7490",38,15529577,1130,15530707,2100,15532807,3118,15535925
"7491",38,15536419,1138,15537557,1117,15538674,4101,15542775
"7492",38,15543282,1125,15544407,967,15545374,4251,15549625
"7493",38,15550128,1129,15551257,1050,15552307,4168,15556475
"7494",38,15556980,1127,15558107,950,15559057,4268,15563325
"7495",38,15563843,1131,15564974,1433,15566407,3785,15570192
"7496",38,15570711,1130,15571841,1216,15573057,4001,15577058
"7497",38,15577585,1122,15578707,2434,15581141,2784,15583925
"7498",38,15584411,1130,15585541,1417,15586958,3801,15590759
"7499",38,15591249,1125,15592374,1500,15593874,3718,15597592
"7500",38,15598098,1110,15599208,1650,15600858,3568,15604426
"7501",38,15604936,1122,15606058,1500,15607558,3718,15611276
"7502",38,15611787,1121,15612908,1917,15614825,3301,15618126
"7503",38,15618640,1135,15619775,1533,15621308,3685,15624993
"7504",38,15625490,1135,15626625,950,15627575,4268,15631843
"7505",38,15632355,1137,15633492,2433,15635925,2784,15638709
"7506",38,15639231,1127,15640358,1967,15642325,3251,15645576
"7507",38,15646062,1130,15647192,1333,15648525,3885,15652410
"7508",38,15652922,1920,15654842,933,15655775,4285,15660060
"7509",38,15660559,1133,15661692,1233,15662925,3985,15666910
"7510",38,15667409,1133,15668542,1134,15669676,4084,15673760
"7511",38,15674286,1123,15675409,717,15676126,4501,15680627
"7512",38,15681134,1125,15682259,933,15683192,4285,15687477
"7513",38,15687993,1133,15689126,800,15689926,4418,15694344
"7514",38,15694891,1168,15696059,817,15696876,4401,15701277
"7515",38,15701775,1134,15702909,1451,15704360,3767,15708127
"7516",38,15708620,1123,15709743,917,15710660,4301,15714961
"7517",38,15715479,1414,15716893,1167,15718060,4051,15722111
"7518",38,15722610,1300,15723910,1116,15725026,4101,15729127
"7519",38,15729644,1132,15730776,834,15731610,4384,15735994
"7520",38,15736484,1126,15737610,767,15738377,4451,15742828
"7521",38,15743328,1132,15744460,1700,15746160,3518,15749678
"7522",38,15750173,1137,15751310,683,15751993,4535,15756528
"7523",38,15757033,1127,15758160,734,15758894,4484,15763378
"7524",38,15763894,1133,15765027,783,15765810,4435,15770245
"7525",38,15770757,1137,15771894,2617,15774511,2601,15777112
"7526",38,15777618,1409,15779027,1467,15780494,3751,15784245
"7527",38,15784768,1126,15785894,2700,15788594,2518,15791112
"7528",38,15791632,1129,15792761,750,15793511,4468,15797979
"7529",38,15798505,1122,15799627,1134,15800761,4084,15804845
"7530",38,15805358,1603,15806961,1683,15808644,3535,15812179
"7531",38,15812717,1127,15813844,1400,15815244,3818,15819062
"7532",38,15819553,1291,15820844,2751,15823595,2467,15826062
"7533",38,15826588,1123,15827711,1167,15828878,4051,15832929
"7534",38,15833453,1125,15834578,1117,15835695,4101,15839796
"7535",38,15840328,1133,15841461,1234,15842695,3984,15846679
"7536",38,15847186,1125,15848311,1017,15849328,4202,15853530
"7537",38,15854031,1381,15855412,1000,15856412,4218,15860630
"7538",38,15861150,1128,15862278,1384,15863662,3834,15867496
"7539",38,15868021,1124,15869145,734,15869879,4484,15874363
"7540",38,15874875,1137,15876012,1600,15877612,3618,15881230
"7541",38,15881728,1134,15882862,984,15883846,4234,15888080
"7542",38,15888588,1124,15889712,2134,15891846,3084,15894930
"7543",38,15895434,1128,15896562,884,15897446,4334,15901780
"7544",38,15902298,1131,15903429,1550,15904979,3668,15908647
"7545",38,15909136,1126,15910262,1151,15911413,4067,15915480
"7546",38,15915991,1122,15917113,2833,15919946,2384,15922330
"7547",38,15922843,1136,15923979,850,15924829,4368,15929197
"7548",38,15929712,1134,15930846,1350,15932196,3868,15936064
"7549",38,15936578,1135,15937713,1033,15938746,4185,15942931
"7550",38,15943436,1127,15944563,1467,15946030,3751,15949781
"7551",38,15950293,1137,15951430,1700,15953130,3518,15956648
"7552",38,15957151,1129,15958280,1317,15959597,3901,15963498
"7553",38,15964021,1126,15965147,1550,15966697,3668,15970365
"7554",38,15970877,1136,15972013,1601,15973614,3617,15977231
"7555",38,15977721,1126,15978847,783,15979630,4435,15984065
"7556",38,15984569,1378,15985947,2184,15988131,3034,15991165
"7557",38,15991687,1127,15992814,2117,15994931,3101,15998032
"7558",38,15998553,1128,15999681,1216,16000897,4001,16004898
"7559",38,16005411,1136,16006547,1017,16007564,4201,16011765
"7560",38,16012295,1136,16013431,1133,16014564,4085,16018649
"7561",38,16019165,1133,16020298,1216,16021514,4002,16025516
"7562",38,16026033,1131,16027164,701,16027865,4517,16032382
"7563",38,16032906,1125,16034031,1917,16035948,3301,16039249
"7564",38,16039747,1301,16041048,1050,16042098,4168,16046266
"7565",38,16046791,1107,16047898,700,16048598,4518,16053116
"7566",38,16053630,1135,16054765,1583,16056348,3635,16059983
"7567",38,16060495,1136,16061631,734,16062365,4484,16066849
"7568",38,16067367,1615,16068982,2300,16071282,2918,16074200
"7569",38,16074706,1459,16076165,2284,16078449,2934,16081383
"7570",38,16081905,1210,16083115,2450,16085565,2768,16088333
"7571",38,16088848,1134,16089982,783,16090765,4435,16095200
"7572",38,16095721,1128,16096849,700,16097549,4518,16102067
"7573",38,16102592,1290,16103882,1017,16104899,4201,16109100
"7574",38,16109605,3394,16112999,1100,16114099,4118,16118217
"7575",38,16118732,1134,16119866,1150,16121016,4068,16125084
"7576",38,16125603,1129,16126732,984,16127716,4234,16131950
"7577",38,16132459,1124,16133583,1850,16135433,3368,16138801
"7578",38,16139315,1134,16140449,1917,16142366,3301,16145667
"7579",38,16146173,1127,16147300,733,16148033,4484,16152517
"7580",38,16153010,1123,16154133,883,16155016,4335,16159351
"7581",38,16159868,1132,16161000,1183,16162183,4035,16166218
"7582",38,16166740,1127,16167867,1150,16169017,4067,16173084
"7583",38,16173592,1125,16174717,1500,16176217,3718,16179935
"7584",38,16180437,1130,16181567,1100,16182667,4118,16186785
"7585",38,16187311,1772,16189083,1267,16190350,3951,16194301
"7586",38,16194810,1490,16196300,2401,16198701,2817,16201518
"7587",38,16202035,1132,16203167,817,16203984,4401,16208385
"7588",38,16208911,1123,16210034,1250,16211284,3968,16215252
"7589",38,16215736,1131,16216867,1050,16217917,4168,16222085
"7590",38,16222606,1128,16223734,2450,16226184,2768,16228952
"7591",38,16229470,1131,16230601,1067,16231668,4151,16235819
"7592",38,16236333,1135,16237468,1100,16238568,4118,16242686
"7593",38,16243195,1123,16244318,816,16245134,4402,16249536
"7594",38,16250040,1328,16251368,1217,16252585,4001,16256586
"7595",38,16257109,1742,16258851,2717,16261568,2501,16264069
"7596",38,16264581,1137,16265718,1700,16267418,3518,16270936
"7597",38,16271455,1130,16272585,850,16273435,4368,16277803
"7598",38,16278330,1122,16279452,716,16280168,4502,16284670
"7599",38,16285174,1128,16286302,1017,16287319,4201,16291520
"7600",38,16292035,1133,16293168,951,16294119,4267,16298386
"7601",39,6090369,1138,6091507,2415,6093922,2803,6096725
"7602",39,6097247,1124,6098371,5017,6103388,1017,6104405
"7603",39,6104918,1137,6106055,1667,6107722,3551,6111273
"7604",39,6111757,1131,6112888,1667,6114555,3551,6118106
"7605",39,6118617,1121,6119738,2701,6122439,2517,6124956
"7606",39,6125462,1126,6126588,2134,6128722,3085,6131807
"7607",39,6132333,1122,6133455,2834,6136289,2384,6138673
"7608",39,6139167,1122,6140289,4383,6144672,1017,6145689
"7609",39,6146202,2004,6148206,4883,6153089,1017,6154106
"7610",39,6154620,1136,6155756,3433,6159189,1785,6160974
"7611",39,6161472,1134,6162606,1500,6164106,3718,6167824
"7612",39,6168329,1444,6169773,2133,6171906,3085,6174991
"7613",39,6175507,1132,6176639,6401,6183040,1016,6184056
"7614",39,6184566,1123,6185689,1651,6187340,3567,6190907
"7615",39,6191423,1133,6192556,3250,6195806,1968,6197774
"7616",39,6198285,1521,6199806,4067,6203873,1151,6205024
"7617",39,6205541,1132,6206673,3184,6209857,2034,6211891
"7618",39,6212377,1130,6213507,2116,6215623,3102,6218725
"7619",39,6219248,1125,6220373,3751,6224124,1467,6225591
"7620",39,6226102,1138,6227240,2334,6229574,2884,6232458
"7621",39,6232977,1130,6234107,3500,6237607,1718,6239325
"7622",39,6239819,1121,6240940,2101,6243041,3117,6246158
"7623",39,6246678,1129,6247807,6450,6254257,1017,6255274
"7624",39,6255759,1132,6256891,4583,6261474,1017,6262491
"7625",39,6263013,1128,6264141,2833,6266974,2385,6269359
"7626",39,6269837,1137,6270974,2317,6273291,2901,6276192
"7627",39,6276705,1786,6278491,5350,6283841,1017,6284858
"7628",39,6285364,1894,6287258,2500,6289758,2718,6292476
"7629",39,6292977,1964,6294941,3300,6298241,1918,6300159
"7630",39,6300664,1627,6302291,1934,6304225,3284,6307509
"7631",39,6308044,1131,6309175,1883,6311058,3335,6314393
"7632",39,6314903,1122,6316025,4783,6320808,1017,6321825
"7633",39,6322341,1134,6323475,7900,6331375,1017,6332392
"7634",39,6332900,1458,6334358,7117,6341475,1017,6342492
"7635",39,6343009,1400,6344409,4033,6348442,1185,6349627
"7636",39,6350141,1184,6351325,6417,6357742,1017,6358759
"7637",39,6359265,1127,6360392,3317,6363709,1901,6365610
"7638",39,6366119,1307,6367426,5133,6372559,1017,6373576
"7639",39,6374096,1130,6375226,1883,6377109,3335,6380444
"7640",39,6380949,1127,6382076,4783,6386859,1017,6387876
"7641",39,6388401,1125,6389526,2184,6391710,3034,6394744
"7642",39,6395255,1138,6396393,4183,6400576,1035,6401611
"7643",39,6402127,1132,6403259,1884,6405143,3334,6408477
"7644",39,6409007,1136,6410143,5300,6415443,1017,6416460
"7645",39,6416962,2164,6419126,2851,6421977,2367,6424344
"7646",39,6424859,1134,6425993,2084,6428077,3134,6431211
"7647",39,6431728,1132,6432860,3317,6436177,1901,6438078
"7648",39,6438584,1126,6439710,9717,6449427,1017,6450444
"7649",39,6450966,1444,6452410,1984,6454394,3234,6457628
"7650",39,6458146,1731,6459877,1700,6461577,3518,6465095
"7651",39,6465601,1543,6467144,5550,6472694,1017,6473711
"7652",39,6474224,2070,6476294,2683,6478977,2535,6481512
"7653",39,6482049,1878,6483927,3617,6487544,1601,6489145
"7654",39,6489655,1156,6490811,2317,6493128,2901,6496029
"7655",39,6496526,1835,6498361,2467,6500828,2751,6503579
"7656",39,6504086,1575,6505661,2434,6508095,2784,6510879
"7657",39,6511391,1787,6513178,6317,6519495,1017,6520512
"7658",39,6521034,1127,6522161,1317,6523478,3901,6527379
"7659",39,6527890,1121,6529011,1817,6530828,3402,6534230
"7660",39,6534746,1716,6536462,1466,6537928,3752,6541680
"7661",39,6542194,1768,6543962,2183,6546145,3035,6549180
"7662",39,6549689,1789,6551478,2051,6553529,3168,6556697
"7663",39,6557185,1127,6558312,1717,6560029,3501,6563530
"7664",39,6564050,1129,6565179,2233,6567412,2985,6570397
"7665",39,6570895,2034,6572929,2583,6575512,2635,6578147
"7666",39,6578658,1538,6580196,1733,6581929,3485,6585414
"7667",39,6585918,1128,6587046,2833,6589879,2385,6592264
"7668",39,6592769,1127,6593896,3683,6597579,1535,6599114
"7669",39,6599599,1964,6601563,1700,6603263,3518,6606781
"7670",39,6607305,1591,6608896,1917,6610813,3301,6614114
"7671",39,6614631,1132,6615763,2317,6618080,2901,6620981
"7672",39,6621496,1134,6622630,1083,6623713,4135,6627848
"7673",39,6628359,1137,6629496,2267,6631763,2951,6634714
"7674",39,6635242,1738,6636980,2283,6639263,2935,6642198
"7675",39,6642708,1122,6643830,2050,6645880,3168,6649048
"7676",39,6649555,1125,6650680,1734,6652414,3484,6655898
"7677",39,6656403,1127,6657530,1300,6658830,3918,6662748
"7678",39,6663239,1775,6665014,5983,6670997,1017,6672014
"7679",39,6672530,1367,6673897,2384,6676281,2834,6679115
"7680",39,6679625,1122,6680747,4517,6685264,1017,6686281
"7681",39,6686797,1550,6688347,1284,6689631,3934,6693565
"7682",39,6694095,1136,6695231,2450,6697681,2768,6700449
"7683",39,6700978,1136,6702114,1984,6704098,3234,6707332
"7684",39,6707827,1137,6708964,2584,6711548,2634,6714182
"7685",39,6714691,1123,6715814,1551,6717365,3667,6721032
"7686",39,6721538,1377,6722915,1966,6724881,3252,6728133
"7687",39,6728645,1136,6729781,3117,6732898,2101,6734999
"7688",39,6735520,1945,6737465,4700,6742165,1017,6743182
"7689",39,6743669,1129,6744798,2250,6747048,2968,6750016
"7690",39,6750536,1129,6751665,1984,6753649,3234,6756883
"7691",39,6757384,1581,6758965,2567,6761532,2651,6764183
"7692",39,6764686,1329,6766015,2984,6768999,2234,6771233
"7693",39,6771747,1135,6772882,1717,6774599,3501,6778100
"7694",39,6778614,1135,6779749,2383,6782132,2835,6784967
"7695",39,6785480,1902,6787382,2034,6789416,3184,6792600
"7696",39,6793111,1121,6794232,2817,6797049,2401,6799450
"7697",39,6799965,1484,6801449,1917,6803366,3301,6806667
"7698",39,6807178,1121,6808299,2051,6810350,3167,6813517
"7699",39,6814041,1125,6815166,2184,6817350,3034,6820384
"7700",39,6820894,1772,6822666,1867,6824533,3351,6827884
"7701",39,6828401,1882,6830283,1667,6831950,3551,6835501
"7702",39,6836022,1128,6837150,2083,6839233,3135,6842368
"7703",39,6842882,1134,6844016,2217,6846233,3001,6849234
"7704",39,6849726,1124,6850850,1550,6852400,3668,6856068
"7705",39,6856590,1127,6857717,1383,6859100,3835,6862935
"7706",39,6863449,1118,6864567,2517,6867084,2701,6869785
"7707",39,6870297,1903,6872200,3884,6876084,1334,6877418
"7708",39,6877923,1127,6879050,2467,6881517,2751,6884268
"7709",39,6884782,1135,6885917,1000,6886917,4218,6891135
"7710",39,6891633,1134,6892767,2617,6895384,2601,6897985
"7711",39,6898503,1131,6899634,1800,6901434,3418,6904852
"7712",39,6905368,1133,6906501,1700,6908201,3518,6911719
"7713",39,6912239,1129,6913368,3383,6916751,1835,6918586
"7714",39,6919076,1408,6920484,5051,6925535,1016,6926551
"7715",39,6927066,1135,6928201,3834,6932035,1384,6933419
"7716",39,6933932,1436,6935368,1450,6936818,3768,6940586
"7717",39,6941097,1138,6942235,3383,6945618,1835,6947453
"7718",39,6947956,1412,6949368,1484,6950852,3734,6954586
"7719",39,6955088,1714,6956802,1200,6958002,4018,6962020
"7720",39,6962537,1681,6964218,1884,6966102,3334,6969436
"7721",39,6969939,1129,6971068,1551,6972619,3668,6976287
"7722",39,6976780,1839,6978619,3083,6981702,2135,6983837
"7723",39,6984341,2894,6987235,1484,6988719,3734,6992453
"7724",39,6992965,1887,6994852,2200,6997052,3018,7000070
"7725",39,7000574,1128,7001702,1651,7003353,3567,7006920
"7726",39,7007435,1134,7008569,2584,7011153,2634,7013787
"7727",39,7014281,1405,7015686,1950,7017636,3268,7020904
"7728",39,7021432,1137,7022569,1267,7023836,3951,7027787
"7729",39,7028286,1650,7029936,1317,7031253,3901,7035154
"7730",39,7035669,1134,7036803,1817,7038620,3401,7042021
"7731",39,7042516,1770,7044286,2684,7046970,2534,7049504
"7732",39,7050010,1693,7051703,967,7052670,4251,7056921
"7733",39,7057435,2018,7059453,2317,7061770,2901,7064671
"7734",39,7065196,1124,7066320,2133,7068453,3085,7071538
"7735",39,7072068,1135,7073203,1401,7074604,3817,7078421
"7736",39,7078950,1137,7080087,1583,7081670,3635,7085305
"7737",39,7085821,1416,7087237,2417,7089654,2801,7092455
"7738",39,7092955,1132,7094087,1300,7095387,3918,7099305
"7739",39,7099824,1130,7100954,2067,7103021,3151,7106172
"7740",39,7106680,1124,7107804,1617,7109421,3601,7113022
"7741",39,7113538,1866,7115404,4684,7120088,1016,7121104
"7742",39,7121615,1123,7122738,1616,7124354,3602,7127956
"7743",39,7128460,1211,7129671,1667,7131338,3551,7134889
"7744",39,7135395,1743,7137138,1917,7139055,3301,7142356
"7745",39,7142859,1129,7143988,2117,7146105,3101,7149206
"7746",39,7149722,1899,7151621,1317,7152938,3901,7156839
"7747",39,7157366,1639,7159005,1433,7160438,3785,7164223
"7748",39,7164748,1124,7165872,2300,7168172,2917,7171089
"7749",39,7171597,2025,7173622,2900,7176522,2318,7178840
"7750",39,7179345,1127,7180472,4267,7184739,1016,7185755
"7751",39,7186266,1206,7187472,1783,7189255,3435,7192690
"7752",39,7193208,1781,7194989,1500,7196489,3718,7200207
"7753",39,7200696,1426,7202122,1484,7203606,3734,7207340
"7754",39,7207857,1582,7209439,4283,7213722,1017,7214739
"7755",39,7215256,1316,7216572,4217,7220789,1017,7221806
"7756",39,7222310,1129,7223439,4417,7227856,1017,7228873
"7757",39,7229375,1814,7231189,1234,7232423,3984,7236407
"7758",39,7236925,1898,7238823,1350,7240173,3868,7244041
"7759",39,7244558,1131,7245689,1734,7247423,3484,7250907
"7760",39,7251423,1133,7252556,2467,7255023,2751,7257774
"7761",39,7258265,1125,7259390,1500,7260890,3718,7264608
"7762",39,7265118,2005,7267123,1700,7268823,3518,7272341
"7763",39,7272846,1127,7273973,2400,7276373,2818,7279191
"7764",39,7279707,1133,7280840,1167,7282007,4051,7286058
"7765",39,7286564,1126,7287690,1367,7289057,3851,7292908
"7766",39,7293407,1133,7294540,1450,7295990,3768,7299758
"7767",39,7300284,1123,7301407,1717,7303124,3501,7306625
"7768",39,7307159,1131,7308290,2567,7310857,2651,7313508
"7769",39,7314015,1126,7315141,5100,7320241,1017,7321258
"7770",39,7321761,1363,7323124,1717,7324841,3501,7328342
"7771",39,7328858,1133,7329991,3900,7333891,1318,7335209
"7772",39,7335714,1127,7336841,2717,7339558,2501,7342059
"7773",39,7342570,2021,7344591,1417,7346008,3801,7349809
"7774",39,7350308,1700,7352008,1367,7353375,3851,7357226
"7775",39,7357753,1738,7359491,1700,7361191,3518,7364709
"7776",39,7365215,1126,7366341,5651,7371992,1016,7373008
"7777",39,7373507,1701,7375208,3317,7378525,1901,7380426
"7778",39,7380954,1838,7382792,1250,7384042,3968,7388010
"7779",39,7388502,1123,7389625,1117,7390742,4101,7394843
"7780",39,7395369,1690,7397059,3133,7400192,2085,7402277
"7781",39,7402781,1228,7404009,2483,7406492,2735,7409227
"7782",39,7409752,1540,7411292,1250,7412542,3968,7416510
"7783",39,7417020,1122,7418142,4567,7422709,1017,7423726
"7784",39,7424211,1665,7425876,3367,7429243,1851,7431094
"7785",39,7431587,1122,7432709,1367,7434076,3851,7437927
"7786",39,7438421,1122,7439543,1216,7440759,4002,7444761
"7787",39,7445267,1126,7446393,1000,7447393,4218,7451611
"7788",39,7452097,1296,7453393,1517,7454910,3701,7458611
"7789",39,7459135,1125,7460260,1583,7461843,3635,7465478
"7790",39,7466004,1872,7467876,2401,7470277,2817,7473094
"7791",39,7473585,1625,7475210,1650,7476860,3568,7480428
"7792",39,7480933,1127,7482060,1600,7483660,3618,7487278
"7793",39,7487790,1170,7488960,2800,7491760,2418,7494178
"7794",39,7494681,1712,7496393,4567,7500960,1017,7501977
"7795",39,7502477,1300,7503777,2200,7505977,3018,7508995
"7796",39,7509484,1293,7510777,2084,7512861,3134,7515995
"7797",39,7516487,1407,7517894,2400,7520294,2818,7523112
"7798",39,7523621,1123,7524744,1583,7526327,3635,7529962
"7799",39,7530451,1376,7531827,2801,7534628,2417,7537045
"7800",39,7537547,1297,7538844,1534,7540378,3684,7544062
"7801",40,10154607,1312,10155919,1383,10157302,3835,10161137
"7802",40,10161665,1454,10163119,1117,10164236,4101,10168337
"7803",40,10168855,1614,10170469,1100,10171569,4118,10175687
"7804",40,10176190,1129,10177319,967,10178286,4251,10182537
"7805",40,10183044,1125,10184169,1401,10185570,3817,10189387
"7806",40,10189892,1128,10191020,2050,10193070,3167,10196237
"7807",40,10196729,1124,10197853,1167,10199020,4051,10203071
"7808",40,10203602,1134,10204736,1151,10205887,4067,10209954
"7809",40,10210469,1134,10211603,867,10212470,4351,10216821
"7810",40,10217333,1137,10218470,1000,10219470,4218,10223688
"7811",40,10224186,1134,10225320,2000,10227320,3218,10230538
"7812",40,10231047,1123,10232170,1084,10233254,4134,10237388
"7813",40,10237874,1130,10239004,2267,10241271,2951,10244222
"7814",40,10244711,1126,10245837,1167,10247004,4051,10251055
"7815",40,10251551,1136,10252687,800,10253487,4418,10257905
"7816",40,10258412,1125,10259537,2834,10262371,2384,10264755
"7817",40,10265265,1123,10266388,1400,10267788,3817,10271605
"7818",40,10272111,1127,10273238,1066,10274304,4152,10278456
"7819",40,10278975,1129,10280104,2301,10282405,2917,10285322
"7820",40,10285844,1544,10287388,1583,10288971,3635,10292606
"7821",40,10293135,1903,10295038,2017,10297055,3201,10300256
"7822",40,10300762,2759,10303521,1417,10304938,3801,10308739
"7823",40,10309257,1364,10310621,1317,10311938,3901,10315839
"7824",40,10316360,1128,10317488,1201,10318689,4017,10322706
"7825",40,10323219,2103,10325322,1617,10326939,3601,10330540
"7826",40,10331056,1132,10332188,2034,10334222,3184,10337406
"7827",40,10337882,1607,10339489,1283,10340772,3935,10344707
"7828",40,10345220,1135,10346355,1801,10348156,3417,10351573
"7829",40,10352100,1122,10353222,1817,10355039,3401,10358440
"7830",40,10358951,1138,10360089,1533,10361622,3685,10365307
"7831",40,10365805,1134,10366939,1450,10368389,3768,10372157
"7832",40,10372662,2161,10374823,1200,10376023,4017,10380040
"7833",40,10380554,1485,10382039,951,10382990,4267,10387257
"7834",40,10387765,1608,10389373,1517,10390890,3701,10394591
"7835",40,10395092,1481,10396573,1683,10398256,3535,10401791
"7836",40,10402307,1399,10403706,1500,10405206,3718,10408924
"7837",40,10409414,1126,10410540,1967,10412507,3251,10415758
"7838",40,10416283,1607,10417890,1217,10419107,4001,10423108
"7839",40,10423618,1389,10425007,1700,10426707,3518,10430225
"7840",40,10430746,1127,10431873,1734,10433607,3484,10437091
"7841",40,10437614,1126,10438740,1467,10440207,3751,10443958
"7842",40,10444468,1422,10445890,1834,10447724,3384,10451108
"7843",40,10451614,1126,10452740,3167,10455907,2051,10457958
"7844",40,10458473,1651,10460124,1400,10461524,3818,10465342
"7845",40,10465866,1525,10467391,1700,10469091,3518,10472609
"7846",40,10473122,2052,10475174,1284,10476458,3934,10480392
"7847",40,10480905,3736,10484641,1367,10486008,3851,10489859
"7848",40,10490368,1123,10491491,2284,10493775,2934,10496709
"7849",40,10497212,1429,10498641,1984,10500625,3234,10503859
"7850",40,10504377,2431,10506808,1683,10508491,3535,10512026
"7851",40,10512528,1530,10514058,2084,10516142,3134,10519276
"7852",40,10519781,1127,10520908,1617,10522525,3601,10526126
"7853",40,10526636,1239,10527875,1433,10529308,3785,10533093
"7854",40,10533614,1128,10534742,1617,10536359,3601,10539960
"7855",40,10540472,1137,10541609,1950,10543559,3267,10546826
"7856",40,10547340,1285,10548625,2067,10550692,3151,10553843
"7857",40,10554360,1965,10556325,1701,10558026,3517,10561543
"7858",40,10562046,1129,10563175,1767,10564942,3451,10568393
"7859",40,10568911,1281,10570192,1350,10571542,3868,10575410
"7860",40,10575927,1349,10577276,1383,10578659,3835,10582494
"7861",40,10583022,1270,10584292,1384,10585676,3834,10589510
"7862",40,10590005,1138,10591143,1817,10592960,3401,10596361
"7863",40,10596872,1137,10598009,1901,10599910,3317,10603227
"7864",40,10603728,1165,10604893,2433,10607326,2785,10610111
"7865",40,10610629,1831,10612460,2700,10615160,2517,10617677
"7866",40,10618189,1137,10619326,2084,10621410,3134,10624544
"7867",40,10625067,1576,10626643,1150,10627793,4068,10631861
"7868",40,10632363,2230,10634593,1267,10635860,3951,10639811
"7869",40,10640311,1132,10641443,1434,10642877,3784,10646661
"7870",40,10647174,1136,10648310,1550,10649860,3668,10653528
"7871",40,10654027,1750,10655777,2600,10658377,2618,10660995
"7872",40,10661511,1483,10662994,1067,10664061,4151,10668212
"7873",40,10668732,1329,10670061,1817,10671878,3400,10675278
"7874",40,10675789,1522,10677311,933,10678244,4285,10682529
"7875",40,10683034,1127,10684161,2217,10686378,3001,10689379
"7876",40,10689900,1327,10691227,1234,10692461,3984,10696445
"7877",40,10696940,1354,10698294,3017,10701311,2201,10703512
"7878",40,10704000,1278,10705278,2100,10707378,3118,10710496
"7879",40,10711007,1271,10712278,1167,10713445,4051,10717496
"7880",40,10717975,1286,10719261,1534,10720795,3684,10724479
"7881",40,10724976,1135,10726111,1517,10727628,3701,10731329
"7882",40,10731847,2281,10734128,1517,10735645,3701,10739346
"7883",40,10739856,1122,10740978,2184,10743162,3034,10746196
"7884",40,10746710,1352,10748062,1550,10749612,3668,10753280
"7885",40,10753794,1135,10754929,1216,10756145,4002,10760147
"7886",40,10760660,1135,10761795,984,10762779,4234,10767013
"7887",40,10767518,1127,10768645,1701,10770346,3517,10773863
"7888",40,10774373,1289,10775662,1150,10776812,4068,10780880
"7889",40,10781396,1133,10782529,2050,10784579,3168,10787747
"7890",40,10788252,1344,10789596,1633,10791229,3585,10794814
"7891",40,10795322,1124,10796446,1900,10798346,3318,10801664
"7892",40,10802179,1267,10803446,1667,10805113,3551,10808664
"7893",40,10809163,1133,10810296,1300,10811596,3918,10815514
"7894",40,10816041,1505,10817546,1300,10818846,3918,10822764
"7895",40,10823283,1130,10824413,1734,10826147,3484,10829631
"7896",40,10830138,1125,10831263,1800,10833063,3418,10836481
"7897",40,10836992,1471,10838463,1934,10840397,3284,10843681
"7898",40,10844194,1136,10845330,1550,10846880,3668,10850548
"7899",40,10851047,1133,10852180,1750,10853930,3468,10857398
"7900",40,10857908,1122,10859030,1517,10860547,3701,10864248
"7901",40,10864741,1156,10865897,1500,10867397,3718,10871115
"7902",40,10871630,1534,10873164,817,10873981,4401,10878382
"7903",40,10878872,1125,10879997,2600,10882597,2618,10885215
"7904",40,10885740,1341,10887081,1617,10888698,3601,10892299
"7905",40,10892800,2264,10895064,2250,10897314,2968,10900282
"7906",40,10900797,1334,10902131,1483,10903614,3735,10907349
"7907",40,10907869,1129,10908998,1567,10910565,3651,10914216
"7908",40,10914726,1122,10915848,1117,10916965,4101,10921066
"7909",40,10921584,1131,10922715,1433,10924148,3785,10927933
"7910",40,10928452,1129,10929581,1517,10931098,3701,10934799
"7911",40,10935302,1129,10936431,1634,10938065,3584,10941649
"7912",40,10942152,1513,10943665,1467,10945132,3751,10948883
"7913",40,10949383,1915,10951298,1201,10952499,4017,10956516
"7914",40,10957042,1873,10958915,1201,10960116,4017,10964133
"7915",40,10964648,1134,10965782,3500,10969282,1718,10971000
"7916",40,10971493,1256,10972749,1483,10974232,3734,10977966
"7917",40,10978490,2059,10980549,4067,10984616,1151,10985767
"7918",40,10986275,1291,10987566,1650,10989216,3568,10992784
"7919",40,10993296,1553,10994849,2134,10996983,3084,11000067
"7920",40,11000555,1128,11001683,1033,11002716,4184,11006900
"7921",40,11007401,1132,11008533,1433,11009966,3785,11013751
"7922",40,11014237,1712,11015949,3601,11019550,1617,11021167
"7923",40,11021662,2021,11023683,2000,11025683,3218,11028901
"7924",40,11029390,1126,11030516,2084,11032600,3134,11035734
"7925",40,11036223,2193,11038416,867,11039283,4351,11043634
"7926",40,11044140,1260,11045400,2033,11047433,3185,11050618
"7927",40,11051128,2189,11053317,2583,11055900,2634,11058534
"7928",40,11059034,7733,11066767,1117,11067884,4101,11071985
"7929",40,11072511,1689,11074200,1051,11075251,4167,11079418
"7930",40,11079910,1124,11081034,2717,11083751,2501,11086252
"7931",40,11086757,1127,11087884,1617,11089501,3601,11093102
"7932",40,11093591,1126,11094717,1367,11096084,3851,11099935
"7933",40,11100422,1129,11101551,1383,11102934,3835,11106769
"7934",40,11107287,1131,11108418,1683,11110101,3535,11113636
"7935",40,11114151,1133,11115284,1317,11116601,3901,11120502
"7936",40,11121023,1378,11122401,1150,11123551,4068,11127619
"7937",40,11128141,1127,11129268,1117,11130385,4101,11134486
"7938",40,11134991,1127,11136118,1317,11137435,3901,11141336
"7939",40,11141829,1122,11142951,884,11143835,4334,11148169
"7940",40,11148685,1183,11149868,1400,11151268,3818,11155086
"7941",40,11155609,1126,11156735,1317,11158052,3901,11161953
"7942",40,11162476,2526,11165002,2200,11167202,3018,11170220
"7943",40,11170723,1362,11172085,1884,11173969,3334,11177303
"7944",40,11177794,1408,11179202,1250,11180452,3968,11184420
"7945",40,11184910,1509,11186419,1383,11187802,3835,11191637
"7946",40,11192157,1295,11193452,1334,11194786,3884,11198670
"7947",40,11199162,1124,11200286,1267,11201553,3951,11205504
"7948",40,11206022,1481,11207503,1150,11208653,4067,11212720
"7949",40,11213243,2276,11215519,1067,11216586,4151,11220737
"7950",40,11221241,1128,11222369,801,11223170,4417,11227587
"7951",40,11228122,1131,11229253,1267,11230520,3951,11234471
"7952",40,11234969,1134,11236103,1267,11237370,3951,11241321
"7953",40,11241842,1128,11242970,767,11243737,4451,11248188
"7954",40,11248711,1559,11250270,1017,11251287,4201,11255488
"7955",40,11255990,1247,11257237,867,11258104,4350,11262454
"7956",40,11262945,1125,11264070,1134,11265204,4084,11269288
"7957",40,11269804,1133,11270937,1400,11272337,3818,11276155
"7958",40,11276657,1130,11277787,1600,11279387,3618,11283005
"7959",40,11283530,5590,11289120,801,11289921,4417,11294338
"7960",40,11294854,1133,11295987,6684,11302671,1017,11303688
"7961",40,11304173,1131,11305304,1300,11306604,3918,11310522
"7962",40,11311034,1137,11312171,1467,11313638,3751,11317389
"7963",40,11317901,1137,11319038,1017,11320055,4201,11324256
"7964",40,11324771,1133,11325904,1017,11326921,4201,11331122
"7965",40,11331657,1131,11332788,850,11333638,4368,11338006
"7966",40,11338525,1130,11339655,2533,11342188,2685,11344873
"7967",40,11345391,1130,11346521,1417,11347938,3801,11351739
"7968",40,11352260,1911,11354171,1701,11355872,3517,11359389
"7969",40,11359875,1130,11361005,3200,11364205,2018,11366223
"7970",40,11366713,1175,11367888,801,11368689,4417,11373106
"7971",40,11373614,1125,11374739,1133,11375872,4085,11379957
"7972",40,11380478,1127,11381605,1451,11383056,3767,11386823
"7973",40,11387310,1129,11388439,1200,11389639,4018,11393657
"7974",40,11394166,1123,11395289,983,11396272,4235,11400507
"7975",40,11400999,1240,11402239,1167,11403406,4051,11407457
"7976",40,11407979,2093,11410072,1084,11411156,4134,11415290
"7977",40,11415807,1132,11416939,2067,11419006,3151,11422157
"7978",40,11422665,1124,11423789,1667,11425456,3551,11429007
"7979",40,11429528,1495,11431023,1433,11432456,3785,11436241
"7980",40,11436757,1133,11437890,1466,11439356,3752,11443108
"7981",40,11443624,1132,11444756,1484,11446240,3734,11449974
"7982",40,11450476,1130,11451606,2367,11453973,2851,11456824
"7983",40,11457342,1348,11458690,1267,11459957,3951,11463908
"7984",40,11464397,1126,11465523,1234,11466757,3984,11470741
"7985",40,11471233,1124,11472357,1450,11473807,3768,11477575
"7986",40,11478079,1128,11479207,1450,11480657,3768,11484425
"7987",40,11484933,1124,11486057,1250,11487307,3968,11491275
"7988",40,11491794,1630,11493424,1417,11494841,3801,11498642
"7989",40,11499132,2175,11501307,1167,11502474,4051,11506525
"7990",40,11507044,1613,11508657,884,11509541,4334,11513875
"7991",40,11514379,1128,11515507,801,11516308,4417,11520725
"7992",40,11521243,2131,11523374,1184,11524558,4034,11528592
"7993",40,11529108,1133,11530241,1900,11532141,3318,11535459
"7994",40,11535946,1128,11537074,984,11538058,4234,11542292
"7995",40,11542809,1132,11543941,800,11544741,4418,11549159
"7996",40,11549660,1131,11550791,1117,11551908,4101,11556009
"7997",40,11556543,1132,11557675,1583,11559258,3635,11562893
"7998",40,11563398,1127,11564525,1650,11566175,3568,11569743
"7999",40,11570251,1307,11571558,1334,11572892,3884,11576776
"8000",40,11577290,1135,11578425,1900,11580325,3318,11583643
"8001",41,13470594,2211,13472805,2751,13475556,2468,13478024
"8002",41,13478535,1137,13479672,1134,13480806,4084,13484890
"8003",41,13485396,2243,13487639,4634,13492273,1016,13493289
"8004",41,13493829,2977,13496806,1417,13498223,3801,13502024
"8005",41,13502549,1124,13503673,1350,13505023,3868,13508891
"8006",41,13509393,1130,13510523,2317,13512840,2901,13515741
"8007",41,13516244,1129,13517373,7883,13525256,1017,13526273
"8008",41,13526794,1362,13528156,934,13529090,4284,13533374
"8009",41,13533904,1319,13535223,2384,13537607,2834,13540441
"8010",41,13540945,1295,13542240,1467,13543707,3751,13547458
"8011",41,13547976,1131,13549107,3033,13552140,2185,13554325
"8012",41,13554839,1134,13555973,1284,13557257,3935,13561192
"8013",41,13561697,1127,13562824,1917,13564741,3300,13568041
"8014",41,13568553,2087,13570640,1751,13572391,3467,13575858
"8015",41,13576352,1122,13577474,1700,13579174,3518,13582692
"8016",41,13583177,1130,13584307,1551,13585858,3667,13589525
"8017",41,13590019,1122,13591141,1583,13592724,3635,13596359
"8018",41,13596875,1483,13598358,1366,13599724,3852,13603576
"8019",41,13604091,1233,13605324,1700,13607024,3518,13610542
"8020",41,13611061,1263,13612324,2851,13615175,2367,13617542
"8021",41,13618057,1201,13619258,1100,13620358,4118,13624476
"8022",41,13625000,1125,13626125,1216,13627341,4002,13631343
"8023",41,13631860,1131,13632991,1051,13634042,4167,13638209
"8024",41,13638714,1461,13640175,1000,13641175,4218,13645393
"8025",41,13645898,1394,13647292,1250,13648542,3968,13652510
"8026",41,13653023,1852,13654875,2450,13657325,2768,13660093
"8027",41,13660609,1850,13662459,1516,13663975,3702,13667677
"8028",41,13668193,1282,13669475,1734,13671209,3484,13674693
"8029",41,13675205,1137,13676342,2284,13678626,2934,13681560
"8030",41,13682056,1486,13683542,1217,13684759,4001,13688760
"8031",41,13689247,1129,13690376,1200,13691576,4018,13695594
"8032",41,13696089,1137,13697226,2417,13699643,2801,13702444
"8033",41,13702941,1135,13704076,1450,13705526,3768,13709294
"8034",41,13709808,1718,13711526,1534,13713060,3684,13716744
"8035",41,13717262,1131,13718393,1350,13719743,3868,13723611
"8036",41,13724140,1136,13725276,1250,13726526,3968,13730494
"8037",41,13731004,1272,13732276,1734,13734010,3484,13737494
"8038",41,13738004,1122,13739126,1084,13740210,4134,13744344
"8039",41,13744847,1130,13745977,1333,13747310,3885,13751195
"8040",41,13751702,2091,13753793,1634,13755427,3584,13759011
"8041",41,13759529,1131,13760660,7567,13768227,1017,13769244
"8042",41,13769734,1410,13771144,1883,13773027,3335,13776362
"8043",41,13776886,1608,13778494,1950,13780444,3268,13783712
"8044",41,13784224,1137,13785361,1516,13786877,3702,13790579
"8045",41,13791097,1130,13792227,1350,13793577,3868,13797445
"8046",41,13797940,1821,13799761,1167,13800928,4051,13804979
"8047",41,13805483,4578,13810061,4400,13814461,1017,13815478
"8048",41,13815983,1128,13817111,2217,13819328,3001,13822329
"8049",41,13822830,1798,13824628,5050,13829678,1017,13830695
"8050",41,13831188,1507,13832695,2850,13835545,2368,13837913
"8051",41,13838431,1131,13839562,3233,13842795,1984,13844779
"8052",41,13845293,1135,13846428,1034,13847462,4184,13851646
"8053",41,13852172,1356,13853528,3684,13857212,1534,13858746
"8054",41,13859262,2350,13861612,2700,13864312,2518,13866830
"8055",41,13867343,1136,13868479,1450,13869929,3767,13873696
"8056",41,13874203,1226,13875429,1467,13876896,3751,13880647
"8057",41,13881150,1462,13882612,967,13883579,4251,13887830
"8058",41,13888352,1127,13889479,1717,13891196,3501,13894697
"8059",41,13895198,1131,13896329,1150,13897479,4068,13901547
"8060",41,13902053,1843,13903896,1450,13905346,3768,13909114
"8061",41,13909631,1132,13910763,3066,13913829,2152,13915981
"8062",41,13916488,1125,13917613,1300,13918913,3918,13922831
"8063",41,13923325,1138,13924463,1517,13925980,3701,13929681
"8064",41,13930199,1131,13931330,1417,13932747,3801,13936548
"8065",41,13937073,2223,13939296,3217,13942513,2001,13944514
"8066",41,13945023,1123,13946146,1551,13947697,3667,13951364
"8067",41,13951853,1794,13953647,1200,13954847,4018,13958865
"8068",41,13959350,1130,13960480,6384,13966864,1016,13967880
"8069",41,13968396,1134,13969530,1784,13971314,3434,13974748
"8070",41,13975252,1895,13977147,1567,13978714,3651,13982365
"8071",41,13982887,1127,13984014,2683,13986697,2535,13989232
"8072",41,13989788,1126,13990914,2567,13993481,2651,13996132
"8073",41,13996663,1134,13997797,1234,13999031,3984,14003015
"8074",41,14003530,1134,14004664,2334,14006998,2884,14009882
"8075",41,14010383,1164,14011547,1484,14013031,3734,14016765
"8076",41,14017261,1137,14018398,1800,14020198,3418,14023616
"8077",41,14024110,1121,14025231,1317,14026548,3901,14030449
"8078",41,14030983,1698,14032681,2184,14034865,3034,14037899
"8079",41,14038420,2595,14041015,2017,14043032,3201,14046233
"8080",41,14046754,1594,14048348,950,14049298,4268,14053566
"8081",41,14054088,1360,14055448,3400,14058848,1818,14060666
"8082",41,14061191,2091,14063282,5450,14068732,1017,14069749
"8083",41,14070264,1951,14072215,3184,14075399,2034,14077433
"8084",41,14077959,1256,14079215,1300,14080515,3918,14084433
"8085",41,14084939,1126,14086065,2751,14088816,2467,14091283
"8086",41,14091801,1131,14092932,4617,14097549,1017,14098566
"8087",41,14099071,6161,14105232,1234,14106466,3984,14110450
"8088",41,14110962,1804,14112766,3517,14116283,1701,14117984
"8089",41,14118499,1700,14120199,2467,14122666,2751,14125417
"8090",41,14125930,2286,14128216,2017,14130233,3201,14133434
"8091",41,14133940,1826,14135766,2000,14137766,3218,14140984
"8092",41,14141477,1306,14142783,3017,14145800,2201,14148001
"8093",41,14148506,1627,14150133,1550,14151683,3668,14155351
"8094",41,14155859,1258,14157117,2100,14159217,3117,14162334
"8095",41,14162853,1130,14163983,4401,14168384,1016,14169400
"8096",41,14169909,1908,14171817,1300,14173117,3918,14177035
"8097",41,14177548,1136,14178684,2467,14181151,2750,14183901
"8098",41,14184421,1129,14185550,1184,14186734,4034,14190768
"8099",41,14191300,1450,14192750,1134,14193884,4084,14197968
"8100",41,14198472,1445,14199917,2550,14202467,2668,14205135
"8101",41,14205666,3185,14208851,1633,14210484,3585,14214069
"8102",41,14214573,1361,14215934,3200,14219134,2018,14221152
"8103",41,14221655,1779,14223434,4034,14227468,1184,14228652
"8104",41,14229165,2919,14232084,2101,14234185,3117,14237302
"8105",41,14237813,1722,14239535,1800,14241335,3418,14244753
"8106",41,14245260,1308,14246568,4717,14251285,1017,14252302
"8107",41,14252790,1128,14253918,4267,14258185,1017,14259202
"8108",41,14259688,1130,14260818,2717,14263535,2501,14266036
"8109",41,14266544,1291,14267835,4750,14272585,1017,14273602
"8110",41,14274116,1136,14275252,1100,14276352,4118,14280470
"8111",41,14280958,4794,14285752,1434,14287186,3784,14290970
"8112",41,14291488,1597,14293085,2117,14295202,3101,14298303
"8113",41,14298806,3180,14301986,1600,14303586,3618,14307204
"8114",41,14307713,1356,14309069,900,14309969,4318,14314287
"8115",41,14314809,1127,14315936,5050,14320986,1017,14322003
"8116",41,14322507,1396,14323903,1733,14325636,3485,14329121
"8117",41,14329626,1127,14330753,1417,14332170,3801,14335971
"8118",41,14336483,1337,14337820,1316,14339136,3902,14343038
"8119",41,14343567,2636,14346203,1367,14347570,3851,14351421
"8120",41,14351939,1497,14353436,2234,14355670,2984,14358654
"8121",41,14359156,1347,14360503,1750,14362253,3468,14365721
"8122",41,14366239,4964,14371203,2267,14373470,2951,14376421
"8123",41,14376931,1922,14378853,3284,14382137,1934,14384071
"8124",41,14384578,2209,14386787,1117,14387904,4101,14392005
"8125",41,14392510,2277,14394787,1834,14396621,3384,14400005
"8126",41,14400503,1134,14401637,1600,14403237,3618,14406855
"8127",41,14407363,1124,14408487,1934,14410421,3284,14413705
"8128",41,14414228,1126,14415354,3500,14418854,1718,14420572
"8129",41,14421087,1134,14422221,1367,14423588,3851,14427439
"8130",41,14427931,1123,14429054,1784,14430838,3434,14434272
"8131",41,14434794,1127,14435921,1117,14437038,4101,14441139
"8132",41,14441654,1134,14442788,1000,14443788,4218,14448006
"8133",41,14448515,1256,14449771,1200,14450971,4018,14454989
"8134",41,14455513,1442,14456955,1900,14458855,3318,14462173
"8135",41,14462676,1862,14464538,2884,14467422,2334,14469756
"8136",41,14470267,1355,14471622,1500,14473122,3718,14476840
"8137",41,14477363,1809,14479172,1417,14480589,3801,14484390
"8138",41,14484908,1130,14486038,1301,14487339,3918,14491257
"8139",41,14491785,1137,14492922,1467,14494389,3751,14498140
"8140",41,14498646,1126,14499772,1300,14501072,3918,14504990
"8141",41,14505500,1122,14506622,1400,14508022,3818,14511840
"8142",41,14512378,1128,14513506,1316,14514822,3902,14518724
"8143",41,14519238,1134,14520372,1417,14521789,3801,14525590
"8144",41,14526105,1134,14527239,1650,14528889,3568,14532457
"8145",41,14532960,1129,14534089,1217,14535306,4001,14539307
"8146",41,14539797,1259,14541056,917,14541973,4301,14546274
"8147",41,14546791,1132,14547923,1100,14549023,4118,14553141
"8148",41,14553633,1507,14555140,933,14556073,4285,14560358
"8149",41,14560880,1143,14562023,1800,14563823,3418,14567241
"8150",41,14567731,1592,14569323,1400,14570723,3818,14574541
"8151",41,14575056,1617,14576673,1267,14577940,3951,14581891
"8152",41,14582404,1436,14583840,3984,14587824,1234,14589058
"8153",41,14589566,1208,14590774,2516,14593290,2701,14595991
"8154",41,14596501,1123,14597624,1283,14598907,3935,14602842
"8155",41,14603362,1128,14604490,1917,14606407,3301,14609708
"8156",41,14610231,1660,14611891,1566,14613457,3652,14617109
"8157",41,14617623,1268,14618891,1067,14619958,4151,14624109
"8158",41,14624619,1122,14625741,1167,14626908,4051,14630959
"8159",41,14631480,1128,14632608,850,14633458,4368,14637826
"8160",41,14638341,1700,14640041,5450,14645491,1017,14646508
"8161",41,14647024,1134,14648158,1083,14649241,4135,14653376
"8162",41,14653890,1135,14655025,1066,14656091,4152,14660243
"8163",41,14660743,1132,14661875,1317,14663192,3901,14667093
"8164",41,14667620,1122,14668742,1350,14670092,3867,14673959
"8165",41,14674473,1135,14675608,1584,14677192,3634,14680826
"8166",41,14681335,2323,14683658,1184,14684842,4034,14688876
"8167",41,14689365,1127,14690492,1400,14691892,3818,14695710
"8168",41,14696201,1124,14697325,967,14698292,4251,14702543
"8169",41,14703060,1132,14704192,750,14704942,4468,14709410
"8170",41,14709909,1833,14711742,1767,14713509,3451,14716960
"8171",41,14717468,7041,14724509,1400,14725909,3818,14729727
"8172",41,14730220,1122,14731342,2401,14733743,2817,14736560
"8173",41,14737065,1344,14738409,1534,14739943,3684,14743627
"8174",41,14744146,1130,14745276,1250,14746526,3968,14750494
"8175",41,14751005,1471,14752476,1267,14753743,3951,14757694
"8176",41,14758222,1138,14759360,1833,14761193,3385,14764578
"8177",41,14765087,1206,14766293,2300,14768593,2918,14771511
"8178",41,14771999,1311,14773310,1550,14774860,3668,14778528
"8179",41,14779031,1512,14780543,867,14781410,4351,14785761
"8180",41,14786275,1135,14787410,1384,14788794,3834,14792628
"8181",41,14793140,1804,14794944,1250,14796194,3968,14800162
"8182",41,14800664,1130,14801794,1433,14803227,3785,14807012
"8183",41,14807521,1423,14808944,1183,14810127,4035,14814162
"8184",41,14814677,1784,14816461,966,14817427,4252,14821679
"8185",41,14822172,1639,14823811,1250,14825061,3968,14829029
"8186",41,14829525,1136,14830661,1183,14831844,4035,14835879
"8187",41,14836385,1759,14838144,1334,14839478,3884,14843362
"8188",41,14843861,1133,14844994,801,14845795,4417,14850212
"8189",41,14850726,1135,14851861,1650,14853511,3568,14857079
"8190",41,14857607,2388,14859995,1050,14861045,4167,14865212
"8191",41,14865712,1133,14866845,1733,14868578,3485,14872063
"8192",41,14872582,4796,14877378,1250,14878628,3968,14882596
"8193",41,14883103,1675,14884778,1600,14886378,3618,14889996
"8194",41,14890509,1986,14892495,1050,14893545,4168,14897713
"8195",41,14898265,1597,14899862,783,14900645,4435,14905080
"8196",41,14905597,2615,14908212,1267,14909479,3951,14913430
"8197",41,14913938,1407,14915345,1267,14916612,3951,14920563
"8198",41,14921105,1124,14922229,917,14923146,4301,14927447
"8199",41,14927967,1129,14929096,1083,14930179,4135,14934314
"8200",41,14934824,1122,14935946,2117,14938063,3101,14941164
"8201",42,2342409,1615,2344024,4364,2348388,1017,2349405
"8202",42,2349922,1383,2351305,1216,2352521,4002,2356523
"8203",42,2357037,1118,2358155,1867,2360022,3351,2363373
"8204",42,2363865,1223,2365088,1850,2366938,3368,2370306
"8205",42,2370820,1135,2371955,2233,2374188,2985,2377173
"8206",42,2377685,1387,2379072,2267,2381339,2951,2384290
"8207",42,2384817,1121,2385938,2867,2388805,2351,2391156
"8208",42,2391685,1270,2392955,1717,2394672,3501,2398173
"8209",42,2398664,1125,2399789,2500,2402289,2718,2405007
"8210",42,2405511,1128,2406639,2267,2408906,2951,2411857
"8211",42,2412386,1769,2414155,1401,2415556,3817,2419373
"8212",42,2419886,1136,2421022,1834,2422856,3384,2426240
"8213",42,2426761,1395,2428156,1433,2429589,3785,2433374
"8214",42,2433899,2107,2436006,1350,2437356,3868,2441224
"8215",42,2441739,1700,2443439,1601,2445040,3617,2448657
"8216",42,2449178,1595,2450773,1950,2452723,3268,2455991
"8217",42,2456517,1123,2457640,1667,2459307,3551,2462858
"8218",42,2463349,1707,2465056,1117,2466173,4101,2470274
"8219",42,2470786,1120,2471906,1484,2473390,3734,2477124
"8220",42,2477636,1137,2478773,1534,2480307,3684,2483991
"8221",42,2484499,1874,2486373,2217,2488590,3001,2491591
"8222",42,2492095,1979,2494074,1900,2495974,3317,2499291
"8223",42,2499812,1128,2500940,2067,2503007,3151,2506158
"8224",42,2506687,1137,2507824,1516,2509340,3702,2513042
"8225",42,2513557,1400,2514957,1050,2516007,4168,2520175
"8226",42,2520687,1137,2521824,1700,2523524,3518,2527042
"8227",42,2527523,1668,2529191,1667,2530858,3550,2534408
"8228",42,2534918,1156,2536074,1417,2537491,3801,2541292
"8229",42,2541791,1683,2543474,1584,2545058,3634,2548692
"8230",42,2549197,4677,2553874,3934,2557808,1284,2559092
"8231",42,2559610,4198,2563808,1550,2565358,3668,2569026
"8232",42,2569540,1135,2570675,4267,2574942,1016,2575958
"8233",42,2576449,2876,2579325,1683,2581008,3535,2584543
"8234",42,2585062,3530,2588592,1166,2589758,4052,2593810
"8235",42,2594303,1172,2595475,3967,2599442,1251,2600693
"8236",42,2601202,1740,2602942,1350,2604292,3868,2608160
"8237",42,2608687,2172,2610859,1533,2612392,3685,2616077
"8238",42,2616585,1124,2617709,2200,2619909,3018,2622927
"8239",42,2623422,4137,2627559,1217,2628776,4001,2632777
"8240",42,2633312,1130,2634442,700,2635142,4518,2639660
"8241",42,2640188,1621,2641809,884,2642693,4334,2647027
"8242",42,2647537,1422,2648959,3650,2652609,1568,2654177
"8243",42,2654697,2012,2656709,3400,2660109,1818,2661927
"8244",42,2662442,1134,2663576,2184,2665760,3034,2668794
"8245",42,2669314,1229,2670543,933,2671476,4285,2675761
"8246",42,2676266,1860,2678126,1434,2679560,3784,2683344
"8247",42,2683849,2361,2686210,1333,2687543,3885,2691428
"8248",42,2691950,1126,2693076,1867,2694943,3351,2698294
"8249",42,2698828,1132,2699960,2167,2702127,3051,2705178
"8250",42,2705698,3379,2709077,1767,2710844,3451,2714295
"8251",42,2714797,1847,2716644,1350,2717994,3867,2721861
"8252",42,2722363,1364,2723727,1067,2724794,4151,2728945
"8253",42,2729460,1134,2730594,1400,2731994,3818,2735812
"8254",42,2736317,1127,2737444,1700,2739144,3518,2742662
"8255",42,2743166,2445,2745611,3117,2748728,2101,2750829
"8256",42,2751343,3918,2755261,1833,2757094,3385,2760479
"8257",42,2761000,3311,2764311,1284,2765595,3934,2769529
"8258",42,2770050,1128,2771178,1617,2772795,3601,2776396
"8259",42,2776907,1271,2778178,1350,2779528,3868,2783396
"8260",42,2783902,1209,2785111,3284,2788395,1934,2790329
"8261",42,2790836,1259,2792095,933,2793028,4285,2797313
"8262",42,2797838,2507,2800345,1467,2801812,3751,2805563
"8263",42,2806069,1126,2807195,1300,2808495,3918,2812413
"8264",42,2812917,1911,2814828,817,2815645,4401,2820046
"8265",42,2820560,1135,2821695,2117,2823812,3101,2826913
"8266",42,2827425,3654,2831079,1067,2832146,4151,2836297
"8267",42,2836807,6222,2843029,2767,2845796,2451,2848247
"8268",42,2848803,1126,2849929,1034,2850963,4184,2855147
"8269",42,2855662,1134,2856796,2350,2859146,2868,2862014
"8270",42,2862525,1138,2863663,2133,2865796,3084,2868880
"8271",42,2869409,1137,2870546,1300,2871846,3918,2875764
"8272",42,2876266,1130,2877396,1150,2878546,4068,2882614
"8273",42,2883110,1519,2884629,1251,2885880,3967,2889847
"8274",42,2890367,1129,2891496,1451,2892947,3767,2896714
"8275",42,2897224,1122,2898346,6818,2905164,1016,2906180
"8276",42,2906693,1137,2907830,1500,2909330,3718,2913048
"8277",42,2913558,3789,2917347,1400,2918747,3818,2922565
"8278",42,2923064,1416,2924480,1017,2925497,4201,2929698
"8279",42,2930204,2543,2932747,950,2933697,4268,2937965
"8280",42,2938474,1156,2939630,3567,2943197,1651,2944848
"8281",42,2945358,1272,2946630,1467,2948097,3752,2951849
"8282",42,2952369,2312,2954681,1750,2956431,3468,2959899
"8283",42,2960417,1214,2961631,2117,2963748,3101,2966849
"8284",42,2967355,1126,2968481,1950,2970431,3268,2973699
"8285",42,2974211,3070,2977281,1150,2978431,4068,2982499
"8286",42,2983040,2624,2985664,1884,2987548,3334,2990882
"8287",42,2991391,1123,2992514,1051,2993565,4168,2997733
"8288",42,2998247,1134,2999381,1034,3000415,4184,3004599
"8289",42,3005127,1121,3006248,3067,3009315,2151,3011466
"8290",42,3011958,3107,3015065,933,3015998,4285,3020283
"8291",42,3020800,2865,3023665,1550,3025215,3668,3028883
"8292",42,3029396,1136,3030532,1067,3031599,4151,3035750
"8293",42,3036273,1126,3037399,1417,3038816,3800,3042616
"8294",42,3043108,1124,3044232,2384,3046616,2834,3049450
"8295",42,3049943,1122,3051065,1001,3052066,4217,3056283
"8296",42,3056794,1122,3057916,933,3058849,4285,3063134
"8297",42,3063664,6768,3070432,884,3071316,4334,3075650
"8298",42,3076157,1126,3077283,1200,3078483,4017,3082500
"8299",42,3083017,1132,3084149,951,3085100,4267,3089367
"8300",42,3089889,1127,3091016,4634,3095650,1016,3096666
"8301",42,3097168,3748,3100916,900,3101816,4318,3106134
"8302",42,3106641,1125,3107766,934,3108700,4284,3112984
"8303",42,3113502,4498,3118000,1067,3119067,4151,3123218
"8304",42,3123727,1123,3124850,1067,3125917,4151,3130068
"8305",42,3130600,1133,3131733,1284,3133017,3934,3136951
"8306",42,3137470,1130,3138600,1134,3139734,4084,3143818
"8307",42,3144343,2941,3147284,6217,3153501,1016,3154517
"8308",42,3155010,1124,3156134,1283,3157417,3935,3161352
"8309",42,3161845,1122,3162967,1184,3164151,4034,3168185
"8310",42,3168708,1126,3169834,1184,3171018,4034,3175052
"8311",42,3175559,1225,3176784,1300,3178084,3918,3182002
"8312",42,3182527,1124,3183651,1750,3185401,3468,3188869
"8313",42,3189360,3241,3192601,1134,3193735,4084,3197819
"8314",42,3198340,2045,3200385,7233,3207618,1017,3208635
"8315",42,3209125,1276,3210401,1551,3211952,3667,3215619
"8316",42,3216142,1126,3217268,1700,3218968,3518,3222486
"8317",42,3223010,1308,3224318,1384,3225702,3834,3229536
"8318",42,3230045,3823,3233868,1251,3235119,3967,3239086
"8319",42,3239605,1130,3240735,1200,3241935,4018,3245953
"8320",42,3246473,1129,3247602,2867,3250469,2351,3252820
"8321",42,3253338,1131,3254469,1317,3255786,3901,3259687
"8322",42,3260198,1137,3261335,1067,3262402,4151,3266553
"8323",42,3267066,1136,3268202,1950,3270152,3268,3273420
"8324",42,3273955,1781,3275736,1683,3277419,3535,3280954
"8325",42,3281457,1145,3282602,3051,3285653,2167,3287820
"8326",42,3288342,1127,3289469,2617,3292086,2601,3294687
"8327",42,3295179,1124,3296303,2683,3298986,2535,3301521
"8328",42,3302046,1123,3303169,2734,3305903,2484,3308387
"8329",42,3308870,1133,3310003,6233,3316236,1017,3317253
"8330",42,3317745,1125,3318870,2267,3321137,2951,3324088
"8331",42,3324583,1387,3325970,6017,3331987,1016,3333003
"8332",42,3333484,2303,3335787,1517,3337304,3701,3341005
"8333",42,3341526,3811,3345337,4283,3349620,1017,3350637
"8334",42,3351145,1375,3352520,6184,3358704,1017,3359721
"8335",42,3360239,1131,3361370,7034,3368404,1017,3369421
"8336",42,3369937,2450,3372387,2267,3374654,2951,3377605
"8337",42,3378133,1138,3379271,3967,3383238,1251,3384489
"8338",42,3385011,1126,3386137,3451,3389588,1767,3391355
"8339",42,3391871,1400,3393271,1817,3395088,3401,3398489
"8340",42,3399003,1135,3400138,4100,3404238,1118,3405356
"8341",42,3405864,3841,3409705,1466,3411171,3751,3414922
"8342",42,3415441,1130,3416571,6350,3422921,1017,3423938
"8343",42,3424456,1382,3425838,2967,3428805,2251,3431056
"8344",42,3431570,1135,3432705,2117,3434822,3101,3437923
"8345",42,3438441,1131,3439572,2400,3441972,2817,3444789
"8346",42,3445308,1380,3446688,1684,3448372,3534,3451906
"8347",42,3452428,1127,3453555,1417,3454972,3801,3458773
"8348",42,3459275,4147,3463422,2317,3465739,2901,3468640
"8349",42,3469137,3018,3472155,2167,3474322,3051,3477373
"8350",42,3477888,1134,3479022,3584,3482606,1634,3484240
"8351",42,3484742,1464,3486206,2817,3489023,2401,3491424
"8352",42,3491909,1130,3493039,5050,3498089,1017,3499106
"8353",42,3499626,1130,3500756,3233,3503989,1985,3505974
"8354",42,3506491,3065,3509556,1850,3511406,3368,3514774
"8355",42,3515282,1124,3516406,2000,3518406,3218,3521624
"8356",42,3522117,2956,3525073,2634,3527707,2584,3530291
"8357",42,3530794,1129,3531923,1934,3533857,3284,3537141
"8358",42,3537644,1129,3538773,6084,3544857,1017,3545874
"8359",42,3546362,1845,3548207,1600,3549807,3618,3553425
"8360",42,3553917,1123,3555040,1284,3556324,3934,3560258
"8361",42,3560790,1134,3561924,1066,3562990,4152,3567142
"8362",42,3567636,2404,3570040,2451,3572491,2767,3575258
"8363",42,3575782,1125,3576907,1734,3578641,3484,3582125
"8364",42,3582632,1125,3583757,3134,3586891,2084,3588975
"8365",42,3589474,1133,3590607,1334,3591941,3884,3595825
"8366",42,3596352,1122,3597474,1750,3599224,3468,3602692
"8367",42,3603206,1135,3604341,2150,3606491,3068,3609559
"8368",42,3610075,1132,3611207,3551,3614758,1667,3616425
"8369",42,3616934,1124,3618058,2117,3620175,3101,3623276
"8370",42,3623764,1127,3624891,8284,3633175,1017,3634192
"8371",42,3634681,3660,3638341,2051,3640392,3167,3643559
"8372",42,3644077,4281,3648358,2050,3650408,3168,3653576
"8373",42,3654091,1134,3655225,3234,3658459,1984,3660443
"8374",42,3660931,1311,3662242,1367,3663609,3851,3667460
"8375",42,3667975,1134,3669109,1833,3670942,3385,3674327
"8376",42,3674842,1133,3675975,6467,3682442,1017,3683459
"8377",42,3683963,1562,3685525,2767,3688292,2451,3690743
"8378",42,3691249,2893,3694142,2417,3696559,2801,3699360
"8379",42,3699886,4873,3704759,1817,3706576,3401,3709977
"8380",42,3710463,2296,3712759,1484,3714243,3734,3717977
"8381",42,3718491,3135,3721626,4534,3726160,1016,3727176
"8382",42,3727678,3382,3731060,5216,3736276,1017,3737293
"8383",42,3737811,1132,3738943,1400,3740343,3818,3744161
"8384",42,3744664,1146,3745810,1283,3747093,3935,3751028
"8385",42,3751539,1688,3753227,1867,3755094,3351,3758445
"8386",42,3758950,1127,3760077,1100,3761177,4118,3765295
"8387",42,3765783,2344,3768127,900,3769027,4318,3773345
"8388",42,3773860,1134,3774994,2183,3777177,3034,3780211
"8389",42,3780735,1125,3781860,1434,3783294,3784,3787078
"8390",42,3787569,1125,3788694,1250,3789944,3968,3793912
"8391",42,3794409,1135,3795544,1167,3796711,4051,3800762
"8392",42,3801274,3203,3804477,834,3805311,4384,3809695
"8393",42,3810214,2013,3812227,1601,3813828,3618,3817446
"8394",42,3817956,1122,3819078,1150,3820228,4068,3824296
"8395",42,3824789,2455,3827244,2251,3829495,2967,3832462
"8396",42,3832977,2034,3835011,2200,3837211,3018,3840229
"8397",42,3840746,1132,3841878,3083,3844961,2135,3847096
"8398",42,3847608,1137,3848745,1150,3849895,4068,3853963
"8399",42,3854472,1156,3855628,1000,3856628,4218,3860846
"8400",42,3861364,1131,3862495,1083,3863578,4135,3867713
"8401",43,5412897,1123,5414020,1017,5415037,4201,5419238
"8402",43,5419756,1131,5420887,1450,5422337,3768,5426105
"8403",43,5426625,1128,5427753,2117,5429870,3102,5432972
"8404",43,5433499,1121,5434620,2151,5436771,3067,5439838
"8405",43,5440369,1135,5441504,867,5442371,4351,5446722
"8406",43,5447245,1125,5448370,1101,5449471,4117,5453588
"8407",43,5454116,1138,5455254,1600,5456854,3618,5460472
"8408",43,5461006,1131,5462137,1001,5463138,4217,5467355
"8409",43,5467877,1127,5469004,1017,5470021,4201,5474222
"8410",43,5474741,1130,5475871,1350,5477221,3868,5481089
"8411",43,5481603,1135,5482738,1117,5483855,4101,5487956
"8412",43,5488452,1136,5489588,2050,5491638,3168,5494806
"8413",43,5495314,1124,5496438,1317,5497755,3901,5501656
"8414",43,5502169,1136,5503305,1500,5504805,3718,5508523
"8415",43,5509028,2493,5511521,2017,5513538,3202,5516740
"8416",43,5517253,1135,5518388,2351,5520739,2867,5523606
"8417",43,5524121,1134,5525255,2100,5527355,3118,5530473
"8418",43,5531013,1125,5532138,1834,5533972,3384,5537356
"8419",43,5537856,1316,5539172,1783,5540955,3435,5544390
"8420",43,5544912,1127,5546039,1433,5547472,3785,5551257
"8421",43,5551766,1123,5552889,2067,5554956,3151,5558107
"8422",43,5558618,1138,5559756,2183,5561939,3035,5564974
"8423",43,5565483,1123,5566606,1667,5568273,3551,5571824
"8424",43,5572343,1129,5573472,4917,5578389,1017,5579406
"8425",43,5579926,1430,5581356,2067,5583423,3151,5586574
"8426",43,5587098,1641,5588739,1284,5590023,3934,5593957
"8427",43,5594475,1131,5595606,1300,5596906,3918,5600824
"8428",43,5601337,1136,5602473,1500,5603973,3718,5607691
"8429",43,5608216,1124,5609340,1783,5611123,3435,5614558
"8430",43,5615053,1137,5616190,2783,5618973,2435,5621408
"8431",43,5621912,1128,5623040,2784,5625824,2434,5628258
"8432",43,5628787,1136,5629923,1267,5631190,3951,5635141
"8433",43,5635654,2670,5638324,2083,5640407,3135,5643542
"8434",43,5644055,1135,5645190,4051,5649241,1167,5650408
"8435",43,5650910,1130,5652040,2701,5654741,2517,5657258
"8436",43,5657773,1134,5658907,2650,5661557,2568,5664125
"8437",43,5664635,1122,5665757,1184,5666941,4034,5670975
"8438",43,5671497,1127,5672624,1134,5673758,4084,5677842
"8439",43,5678345,1129,5679474,1967,5681441,3251,5684692
"8440",43,5685182,1126,5686308,1500,5687808,3718,5691526
"8441",43,5692035,1123,5693158,1850,5695008,3368,5698376
"8442",43,5698879,1362,5700241,1700,5701941,3518,5705459
"8443",43,5705955,1136,5707091,1217,5708308,4001,5712309
"8444",43,5712838,1137,5713975,1017,5714992,4201,5719193
"8445",43,5719710,1665,5721375,1050,5722425,4168,5726593
"8446",43,5727121,1121,5728242,1017,5729259,4201,5733460
"8447",43,5733998,1127,5735125,817,5735942,4401,5740343
"8448",43,5740861,1131,5741992,1767,5743759,3451,5747210
"8449",43,5747730,3695,5751425,1851,5753276,3367,5756643
"8450",43,5757161,1131,5758292,2667,5760959,2551,5763510
"8451",43,5764012,1130,5765142,1567,5766709,3651,5770360
"8452",43,5770880,1129,5772009,1550,5773559,3668,5777227
"8453",43,5777748,1128,5778876,2200,5781076,3018,5784094
"8454",43,5784618,1125,5785743,1050,5786793,4168,5790961
"8455",43,5791476,1133,5792609,1334,5793943,3884,5797827
"8456",43,5798343,1133,5799476,1300,5800776,3918,5804694
"8457",43,5805214,1129,5806343,1150,5807493,4068,5811561
"8458",43,5812062,1131,5813193,1050,5814243,4168,5818411
"8459",43,5818933,1127,5820060,1317,5821377,3901,5825278
"8460",43,5825778,1132,5826910,1650,5828560,3568,5832128
"8461",43,5832667,1126,5833793,1601,5835394,3617,5839011
"8462",43,5839544,1133,5840677,1083,5841760,4135,5845895
"8463",43,5846421,1123,5847544,1950,5849494,3268,5852762
"8464",43,5853271,1123,5854394,1033,5855427,4185,5859612
"8465",43,5860121,1123,5861244,1400,5862644,3818,5866462
"8466",43,5866980,1131,5868111,750,5868861,4468,5873329
"8467",43,5873839,1122,5874961,1683,5876644,3535,5880179
"8468",43,5880664,1130,5881794,1450,5883244,3768,5887012
"8469",43,5887519,1125,5888644,901,5889545,4317,5893862
"8470",43,5894348,1130,5895478,1267,5896745,3951,5900696
"8471",43,5901205,1123,5902328,850,5903178,4368,5907546
"8472",43,5908035,1126,5909161,934,5910095,4284,5914379
"8473",43,5914868,1127,5915995,867,5916862,4351,5921213
"8474",43,5921757,1138,5922895,1034,5923929,4184,5928113
"8475",43,5928631,1131,5929762,1233,5930995,3985,5934980
"8476",43,5935492,1136,5936628,1901,5938529,3317,5941846
"8477",43,5942355,1123,5943478,2101,5945579,3118,5948697
"8478",43,5949209,1136,5950345,2284,5952629,2934,5955563
"8479",43,5956080,1132,5957212,3767,5960979,1451,5962430
"8480",43,5962947,1132,5964079,1850,5965929,3368,5969297
"8481",43,5969823,1123,5970946,1100,5972046,4118,5976164
"8482",43,5976686,1126,5977812,1501,5979313,3717,5983030
"8483",43,5983565,1131,5984696,1017,5985713,4201,5989914
"8484",43,5990424,1122,5991546,1317,5992863,3901,5996764
"8485",43,5997258,1121,5998379,1317,5999696,3901,6003597
"8486",43,6004098,1131,6005229,934,6006163,4284,6010447
"8487",43,6010973,2123,6013096,1417,6014513,3801,6018314
"8488",43,6018826,1137,6019963,1300,6021263,3918,6025181
"8489",43,6025713,1134,6026847,733,6027580,4485,6032065
"8490",43,6032586,1127,6033713,2701,6036414,2517,6038931
"8491",43,6039462,1135,6040597,1133,6041730,4085,6045815
"8492",43,6046302,1128,6047430,2584,6050014,2634,6052648
"8493",43,6053150,1647,6054797,1250,6056047,3968,6060015
"8494",43,6060550,1130,6061680,984,6062664,4234,6066898
"8495",43,6067430,1134,6068564,1217,6069781,4001,6073782
"8496",43,6074277,1137,6075414,2267,6077681,2951,6080632
"8497",43,6081151,1130,6082281,1267,6083548,3951,6087499
"8498",43,6088014,1134,6089148,2116,6091264,3101,6094365
"8499",43,6094873,1125,6095998,1166,6097164,4052,6101216
"8500",43,6101737,1127,6102864,684,6103548,4534,6108082
"8501",43,6108591,1124,6109715,1400,6111115,3818,6114933
"8502",43,6115449,1132,6116581,2367,6118948,2851,6121799
"8503",43,6122302,1763,6124065,983,6125048,4235,6129283
"8504",43,6129806,1126,6130932,983,6131915,4235,6136150
"8505",43,6136675,1607,6138282,1367,6139649,3851,6143500
"8506",43,6144012,1136,6145148,1284,6146432,3934,6150366
"8507",43,6150854,1128,6151982,817,6152799,4401,6157200
"8508",43,6157702,2897,6160599,1600,6162199,3618,6165817
"8509",43,6166323,1126,6167449,1250,6168699,3968,6172667
"8510",43,6173173,1126,6174299,1450,6175749,3768,6179517
"8511",43,6180033,1133,6181166,1433,6182599,3785,6186384
"8512",43,6186906,1127,6188033,1250,6189283,3967,6193250
"8513",43,6193771,1128,6194899,2217,6197116,3001,6200117
"8514",43,6200630,1136,6201766,1667,6203433,3551,6206984
"8515",43,6207501,1132,6208633,917,6209550,4301,6213851
"8516",43,6214374,1126,6215500,1000,6216500,4218,6220718
"8517",43,6221209,1124,6222333,1067,6223400,4151,6227551
"8518",43,6228060,1123,6229183,1617,6230800,3601,6234401
"8519",43,6234909,1124,6236033,1501,6237534,3717,6241251
"8520",43,6241762,1105,6242867,1083,6243950,4135,6248085
"8521",43,6248584,1133,6249717,933,6250650,4285,6254935
"8522",43,6255472,2062,6257534,1350,6258884,3868,6262752
"8523",43,6263274,1126,6264400,1384,6265784,3834,6269618
"8524",43,6270146,1638,6271784,1417,6273201,3801,6277002
"8525",43,6277510,1124,6278634,1500,6280134,3718,6283852
"8526",43,6284366,1485,6285851,783,6286634,4435,6291069
"8527",43,6291582,1136,6292718,1833,6294551,3385,6297936
"8528",43,6298443,1125,6299568,1216,6300784,4002,6304786
"8529",43,6305310,1991,6307301,1067,6308368,4151,6312519
"8530",43,6313022,1113,6314135,1850,6315985,3368,6319353
"8531",43,6319855,1130,6320985,1483,6322468,3735,6326203
"8532",43,6326694,1124,6327818,1217,6329035,4001,6333036
"8533",43,6333523,1129,6334652,1700,6336352,3517,6339869
"8534",43,6340385,1133,6341518,1034,6342552,4184,6346736
"8535",43,6347255,1663,6348918,1401,6350319,3817,6354136
"8536",43,6354669,1133,6355802,817,6356619,4401,6361020
"8537",43,6361531,1121,6362652,1150,6363802,4068,6367870
"8538",43,6368364,1121,6369485,951,6370436,4267,6374703
"8539",43,6375201,1135,6376336,983,6377319,4235,6381554
"8540",43,6382063,1123,6383186,650,6383836,4568,6388404
"8541",43,6388921,1131,6390052,1501,6391553,3717,6395270
"8542",43,6395802,1134,6396936,917,6397853,4301,6402154
"8543",43,6402655,1131,6403786,1184,6404970,4034,6409004
"8544",43,6409527,1276,6410803,733,6411536,4485,6416021
"8545",43,6416515,1121,6417636,1250,6418886,3968,6422854
"8546",43,6423368,1135,6424503,2284,6426787,2934,6429721
"8547",43,6430244,1126,6431370,983,6432353,4235,6436588
"8548",43,6437091,1129,6438220,1033,6439253,4185,6443438
"8549",43,6443947,1323,6445270,1334,6446604,3884,6450488
"8550",43,6450991,1129,6452120,1850,6453970,3368,6457338
"8551",43,6457851,1136,6458987,1233,6460220,3985,6464205
"8552",43,6464695,1125,6465820,1001,6466821,4217,6471038
"8553",43,6471557,1130,6472687,967,6473654,4251,6477905
"8554",43,6478418,1136,6479554,2267,6481821,2951,6484772
"8555",43,6485288,1133,6486421,1516,6487937,3702,6491639
"8556",43,6492150,1137,6493287,2034,6495321,3184,6498505
"8557",43,6499012,1126,6500138,1316,6501454,3902,6505356
"8558",43,6505875,1129,6507004,2734,6509738,2484,6512222
"8559",43,6512730,1124,6513854,1317,6515171,3901,6519072
"8560",43,6519591,1130,6520721,1400,6522121,3818,6525939
"8561",43,6526447,1124,6527571,1250,6528821,3968,6532789
"8562",43,6533312,1126,6534438,917,6535355,4301,6539656
"8563",43,6540149,1123,6541272,1216,6542488,4002,6546490
"8564",43,6546978,1127,6548105,2767,6550872,2451,6553323
"8565",43,6553832,1123,6554955,967,6555922,4251,6560173
"8566",43,6560705,1134,6561839,1366,6563205,3852,6567057
"8567",43,6567579,1126,6568705,1267,6569972,3951,6573923
"8568",43,6574445,1127,6575572,1334,6576906,3884,6580790
"8569",43,6581284,1122,6582406,1250,6583656,3968,6587624
"8570",43,6588134,1122,6589256,1317,6590573,3901,6594474
"8571",43,6594982,1124,6596106,3534,6599640,1684,6601324
"8572",43,6601830,1126,6602956,1717,6604673,3501,6608174
"8573",43,6608684,1122,6609806,1134,6610940,4084,6615024
"8574",43,6615534,1122,6616656,1567,6618223,3651,6621874
"8575",43,6622382,1124,6623506,834,6624340,4384,6628724
"8576",43,6629261,1979,6631240,1067,6632307,4151,6636458
"8577",43,6636970,1136,6638106,1067,6639173,4152,6643325
"8578",43,6643815,1125,6644940,817,6645757,4401,6650158
"8579",43,6650652,1105,6651757,883,6652640,4335,6656975
"8580",43,6657468,1122,6658590,1200,6659790,4018,6663808
"8581",43,6664329,1128,6665457,1500,6666957,3718,6670675
"8582",43,6671187,1137,6672324,1583,6673907,3635,6677542
"8583",43,6678063,1111,6679174,1167,6680341,4051,6684392
"8584",43,6684900,1124,6686024,1083,6687107,4135,6691242
"8585",43,6691742,1132,6692874,834,6693708,4384,6698092
"8586",43,6698601,1123,6699724,1334,6701058,3884,6704942
"8587",43,6705460,2098,6707558,1317,6708875,3901,6712776
"8588",43,6713299,1125,6714424,1117,6715541,4101,6719642
"8589",43,6720170,1121,6721291,1100,6722391,4118,6726509
"8590",43,6727029,2946,6729975,1333,6731308,3885,6735193
"8591",43,6735694,1131,6736825,1583,6738408,3635,6742043
"8592",43,6742555,1137,6743692,867,6744559,4350,6748909
"8593",43,6749398,1127,6750525,1200,6751725,4018,6755743
"8594",43,6756239,1136,6757375,934,6758309,4284,6762593
"8595",43,6763120,1122,6764242,1200,6765442,4018,6769460
"8596",43,6769972,1137,6771109,1117,6772226,4101,6776327
"8597",43,6776840,1136,6777976,1116,6779092,4101,6783193
"8598",43,6783688,1137,6784825,917,6785742,4302,6790044
"8599",43,6790573,1136,6791709,1517,6793226,3701,6796927
"8600",43,6797442,1134,6798576,1383,6799959,3835,6803794
"8601",44,9745184,5540,9750724,4633,9755357,1017,9756374
"8602",44,9756881,1576,9758457,1734,9760191,3484,9763675
"8603",44,9764185,1122,9765307,2117,9767424,3101,9770525
"8604",44,9771023,2118,9773141,1883,9775024,3335,9778359
"8605",44,9778887,1137,9780024,3051,9783075,2167,9785242
"8606",44,9785749,1742,9787491,2367,9789858,2851,9792709
"8607",44,9793218,1123,9794341,2300,9796641,2918,9799559
"8608",44,9800060,1131,9801191,1450,9802641,3768,9806409
"8609",44,9806917,1124,9808041,2034,9810075,3184,9813259
"8610",44,9813768,1774,9815542,4400,9819942,1016,9820958
"8611",44,9821480,1678,9823158,8667,9831825,1017,9832842
"8612",44,9833330,1128,9834458,2034,9836492,3185,9839677
"8613",44,9840193,1132,9841325,1300,9842625,3918,9846543
"8614",44,9847035,1124,9848159,3417,9851576,1801,9853377
"8615",44,9853881,1128,9855009,2300,9857309,2918,9860227
"8616",44,9860720,1122,9861842,2517,9864359,2701,9867060
"8617",44,9867564,1128,9868692,2001,9870693,3217,9873910
"8618",44,9874429,1130,9875559,2800,9878359,2418,9880777
"8619",44,9881263,1763,9883026,1217,9884243,4001,9888244
"8620",44,9888756,1320,9890076,2000,9892076,3218,9895294
"8621",44,9895799,1127,9896926,1917,9898843,3301,9902144
"8622",44,9902654,1122,9903776,1667,9905443,3551,9908994
"8623",44,9909509,2184,9911693,1217,9912910,4001,9916911
"8624",44,9917437,1173,9918610,1233,9919843,3985,9923828
"8625",44,9924338,1122,9925460,1767,9927227,3451,9930678
"8626",44,9931184,4376,9935560,1284,9936844,3934,9940778
"8627",44,9941290,2837,9944127,2134,9946261,3084,9949345
"8628",44,9949845,1132,9950977,1784,9952761,3434,9956195
"8629",44,9956708,1136,9957844,1467,9959311,3751,9963062
"8630",44,9963572,1122,9964694,2167,9966861,3051,9969912
"8631",44,9970428,1683,9972111,3900,9976011,1318,9977329
"8632",44,9977848,2946,9980794,1100,9981894,4118,9986012
"8633",44,9986537,1124,9987661,1150,9988811,4068,9992879
"8634",44,9993386,1125,9994511,4467,9998978,1017,9999995
"8635",44,10000501,1127,10001628,1367,10002995,3851,10006846
"8636",44,10007363,1132,10008495,1333,10009828,3885,10013713
"8637",44,10014217,1128,10015345,2100,10017445,3118,10020563
"8638",44,10021055,1740,10022795,1800,10024595,3418,10028013
"8639",44,10028512,1133,10029645,2600,10032245,2618,10034863
"8640",44,10035370,1125,10036495,1517,10038012,3701,10041713
"8641",44,10042223,1772,10043995,917,10044912,4301,10049213
"8642",44,10049737,5325,10055062,1450,10056512,3768,10060280
"8643",44,10060811,1135,10061946,1483,10063429,3735,10067164
"8644",44,10067663,1133,10068796,1833,10070629,3385,10074014
"8645",44,10074530,1132,10075662,1967,10077629,3251,10080880
"8646",44,10081372,1124,10082496,2317,10084813,2901,10087714
"8647",44,10088231,1132,10089363,1233,10090596,3985,10094581
"8648",44,10095084,1129,10096213,1667,10097880,3551,10101431
"8649",44,10101936,1127,10103063,1400,10104463,3818,10108281
"8650",44,10108808,1872,10110680,1933,10112613,3285,10115898
"8651",44,10116393,1637,10118030,2150,10120180,3068,10123248
"8652",44,10123764,1666,10125430,917,10126347,4301,10130648
"8653",44,10131160,1137,10132297,1917,10134214,3301,10137515
"8654",44,10138031,1616,10139647,4367,10144014,1016,10145030
"8655",44,10145546,1451,10146997,1184,10148181,4034,10152215
"8656",44,10152726,1138,10153864,2517,10156381,2701,10159082
"8657",44,10159596,1135,10160731,4050,10164781,1168,10165949
"8658",44,10166453,1128,10167581,2733,10170314,2485,10172799
"8659",44,10173315,2632,10175947,1234,10177181,3984,10181165
"8660",44,10181669,1279,10182948,2983,10185931,2235,10188166
"8661",44,10188677,1137,10189814,4701,10194515,1016,10195531
"8662",44,10196040,1308,10197348,1317,10198665,3901,10202566
"8663",44,10203095,1136,10204231,4384,10208615,1017,10209632
"8664",44,10210180,2001,10212181,1234,10213415,3984,10217399
"8665",44,10217918,1130,10219048,3584,10222632,1634,10224266
"8666",44,10224787,1461,10226248,884,10227132,4334,10231466
"8667",44,10231952,1663,10233615,1167,10234782,4051,10238833
"8668",44,10239331,1134,10240465,2267,10242732,2951,10245683
"8669",44,10246206,1126,10247332,2184,10249516,3034,10252550
"8670",44,10253061,1121,10254182,3517,10257699,1701,10259400
"8671",44,10259919,1130,10261049,1417,10262466,3801,10266267
"8672",44,10266774,1125,10267899,1683,10269582,3535,10273117
"8673",44,10273620,2062,10275682,3084,10278766,2134,10280900
"8674",44,10281413,1636,10283049,1317,10284366,3901,10288267
"8675",44,10288784,2382,10291166,1534,10292700,3684,10296384
"8676",44,10296900,1133,10298033,1783,10299816,3435,10303251
"8677",44,10303760,1123,10304883,3017,10307900,2201,10310101
"8678",44,10310606,1794,10312400,4133,10316533,1085,10317618
"8679",44,10318142,1308,10319450,3333,10322783,1885,10324668
"8680",44,10325193,1190,10326383,1400,10327783,3818,10331601
"8681",44,10332115,1135,10333250,2417,10335667,2801,10338468
"8682",44,10338994,1390,10340384,2750,10343134,2467,10345601
"8683",44,10346095,1122,10347217,1050,10348267,4168,10352435
"8684",44,10352940,2777,10355717,2367,10358084,2851,10360935
"8685",44,10361447,1687,10363134,1833,10364967,3385,10368352
"8686",44,10368877,1940,10370817,2267,10373084,2951,10376035
"8687",44,10376531,1720,10378251,1467,10379718,3751,10383469
"8688",44,10383983,1735,10385718,1350,10387068,3868,10390936
"8689",44,10391441,1677,10393118,2067,10395185,3151,10398336
"8690",44,10398849,1685,10400534,2434,10402968,2784,10405752
"8691",44,10406233,3452,10409685,3483,10413168,1735,10414903
"8692",44,10415434,1134,10416568,1150,10417718,4068,10421786
"8693",44,10422292,1643,10423935,1233,10425168,3985,10429153
"8694",44,10429677,1125,10430802,1467,10432269,3751,10436020
"8695",44,10436525,1927,10438452,2083,10440535,3135,10443670
"8696",44,10444185,1134,10445319,1066,10446385,4152,10450537
"8697",44,10451042,2677,10453719,1150,10454869,4068,10458937
"8698",44,10459439,1797,10461236,1133,10462369,4084,10466453
"8699",44,10466941,1128,10468069,1434,10469503,3784,10473287
"8700",44,10473804,1132,10474936,2067,10477003,3151,10480154
"8701",44,10480673,2163,10482836,1733,10484569,3485,10488054
"8702",44,10488575,1128,10489703,2050,10491753,3168,10494921
"8703",44,10495433,2236,10497669,3034,10500703,2184,10502887
"8704",44,10503367,1669,10505036,3184,10508220,2034,10510254
"8705",44,10510779,1924,10512703,1900,10514603,3318,10517921
"8706",44,10518437,1899,10520336,2584,10522920,2634,10525554
"8707",44,10526066,1137,10527203,1450,10528653,3768,10532421
"8708",44,10532906,1131,10534037,2300,10536337,2918,10539255
"8709",44,10539745,1675,10541420,1734,10543154,3484,10546638
"8710",44,10547155,1132,10548287,1350,10549637,3868,10553505
"8711",44,10554018,1136,10555154,2250,10557404,2968,10560372
"8712",44,10560865,1122,10561987,1300,10563287,3918,10567205
"8713",44,10567711,1126,10568837,2134,10570971,3084,10574055
"8714",44,10574561,1260,10575821,1233,10577054,3985,10581039
"8715",44,10581539,1415,10582954,1517,10584471,3701,10588172
"8716",44,10588683,7055,10595738,767,10596505,4451,10600956
"8717",44,10601474,1130,10602604,1001,10603605,4217,10607822
"8718",44,10608346,1125,10609471,1884,10611355,3334,10614689
"8719",44,10615212,1126,10616338,1600,10617938,3618,10621556
"8720",44,10622051,2004,10624055,1683,10625738,3535,10629273
"8721",44,10629790,1132,10630922,1233,10632155,3985,10636140
"8722",44,10636646,1126,10637772,1750,10639522,3468,10642990
"8723",44,10643492,1130,10644622,1883,10646505,3335,10649840
"8724",44,10650356,1616,10651972,1150,10653122,4068,10657190
"8725",44,10657682,2307,10659989,1783,10661772,3435,10665207
"8726",44,10665717,2222,10667939,1533,10669472,3685,10673157
"8727",44,10673697,2025,10675722,817,10676539,4401,10680940
"8728",44,10681458,1131,10682589,1450,10684039,3768,10687807
"8729",44,10688323,1133,10689456,1750,10691206,3468,10694674
"8730",44,10695177,1129,10696306,1350,10697656,3868,10701524
"8731",44,10702021,1135,10703156,1434,10704590,3784,10708374
"8732",44,10708889,2384,10711273,2834,10714107,2384,10716491
"8733",44,10717007,2333,10719340,933,10720273,4285,10724558
"8734",44,10725077,1130,10726207,1066,10727273,4151,10731424
"8735",44,10731935,1122,10733057,867,10733924,4351,10738275
"8736",44,10738790,1133,10739923,1001,10740924,4217,10745141
"8737",44,10745656,2301,10747957,1167,10749124,4051,10753175
"8738",44,10753727,1847,10755574,1367,10756941,3851,10760792
"8739",44,10761303,1854,10763157,4050,10767207,1168,10768375
"8740",44,10768903,1138,10770041,2266,10772307,2952,10775259
"8741",44,10775774,1833,10777607,1134,10778741,4084,10782825
"8742",44,10783343,1831,10785174,1034,10786208,4184,10790392
"8743",44,10790899,1125,10792024,1200,10793224,4018,10797242
"8744",44,10797758,1133,10798891,1100,10799991,4118,10804109
"8745",44,10804636,1122,10805758,3300,10809058,1918,10810976
"8746",44,10811487,1138,10812625,833,10813458,4385,10817843
"8747",44,10818333,2308,10820641,1251,10821892,3967,10825859
"8748",44,10826365,3243,10829608,1234,10830842,3984,10834826
"8749",44,10835355,3570,10838925,1600,10840525,3618,10844143
"8750",44,10844653,1122,10845775,1184,10846959,4034,10850993
"8751",44,10851508,1134,10852642,4117,10856759,1101,10857860
"8752",44,10858370,2072,10860442,2184,10862626,3034,10865660
"8753",44,10866175,1134,10867309,1667,10868976,3551,10872527
"8754",44,10873029,1130,10874159,867,10875026,4351,10879377
"8755",44,10879888,2238,10882126,1500,10883626,3718,10887344
"8756",44,10887867,1126,10888993,1050,10890043,4168,10894211
"8757",44,10894723,1253,10895976,1567,10897543,3651,10901194
"8758",44,10901730,1163,10902893,1850,10904743,3368,10908111
"8759",44,10908619,1624,10910243,1250,10911493,3968,10915461
"8760",44,10915953,1123,10917076,1117,10918193,4101,10922294
"8761",44,10922815,1495,10924310,967,10925277,4251,10929528
"8762",44,10930031,1812,10931843,1417,10933260,3801,10937061
"8763",44,10937577,1133,10938710,1134,10939844,4084,10943928
"8764",44,10944431,1129,10945560,1200,10946760,4018,10950778
"8765",44,10951305,1455,10952760,1200,10953960,4018,10957978
"8766",44,10958502,1975,10960477,1034,10961511,4184,10965695
"8767",44,10966203,1124,10967327,1217,10968544,4001,10972545
"8768",44,10973038,1123,10974161,867,10975028,4351,10979379
"8769",44,10979883,1661,10981544,917,10982461,4301,10986762
"8770",44,10987286,1225,10988511,1000,10989511,4218,10993729
"8771",44,10994243,1135,10995378,1117,10996495,4101,11000596
"8772",44,11001098,1780,11002878,867,11003745,4351,11008096
"8773",44,11008598,1663,11010261,1334,11011595,3884,11015479
"8774",44,11016003,3708,11019711,2001,11021712,3217,11024929
"8775",44,11025431,1597,11027028,2317,11029345,2901,11032246
"8776",44,11032763,1132,11033895,1317,11035212,3901,11039113
"8777",44,11039633,1129,11040762,1183,11041945,4035,11045980
"8778",44,11046498,1897,11048395,1067,11049462,4151,11053613
"8779",44,11054110,3119,11057229,1217,11058446,4001,11062447
"8780",44,11062973,1106,11064079,2267,11066346,2951,11069297
"8781",44,11069809,1137,11070946,1750,11072696,3468,11076164
"8782",44,11076677,1135,11077812,1317,11079129,3901,11083030
"8783",44,11083543,1503,11085046,2717,11087763,2501,11090264
"8784",44,11090799,1130,11091929,2817,11094746,2401,11097147
"8785",44,11097662,1134,11098796,2267,11101063,2951,11104014
"8786",44,11104533,1130,11105663,1200,11106863,4018,11110881
"8787",44,11111390,1123,11112513,1217,11113730,4001,11117731
"8788",44,11118255,1125,11119380,1750,11121130,3468,11124598
"8789",44,11125116,1130,11126246,1284,11127530,3934,11131464
"8790",44,11131985,1678,11133663,1017,11134680,4201,11138881
"8791",44,11139405,1508,11140913,1467,11142380,3751,11146131
"8792",44,11146641,1639,11148280,1600,11149880,3618,11153498
"8793",44,11154008,2272,11156280,1100,11157380,4118,11161498
"8794",44,11161985,2362,11164347,1834,11166181,3384,11169565
"8795",44,11170057,1790,11171847,1884,11173731,3334,11177065
"8796",44,11177572,2742,11180314,984,11181298,4234,11185532
"8797",44,11186022,1126,11187148,1383,11188531,3834,11192365
"8798",44,11192871,1127,11193998,1217,11195215,4001,11199216
"8799",44,11199734,1130,11200864,1317,11202181,3901,11206082
"8800",44,11206614,1701,11208315,1050,11209365,4167,11213532
