"","","stimuli_3","durations_3","choices_3","choice_durations_3","record_3"
"1",1,1515308,3350,1518658,1868,1520526
"2",1,1530791,1667,1532458,3551,1536009
"3",1,1562008,1834,1563842,3384,1567226
"4",1,1577342,1833,1579175,3385,1582560
"5",1,1607242,2334,1609576,2884,1612460
"6",1,1621226,2117,1623343,3101,1626444
"7",1,1642293,3267,1645560,1951,1647511
"8",1,1666827,2167,1668994,3051,1672045
"9",1,1705777,2001,1707778,3217,1710995
"10",1,1774745,3067,1777812,2151,1779963
"11",1,1789629,3617,1793246,1601,1794847
"12",1,1844029,5217,1849246,1017,1850263
"13",1,1896447,2050,1898497,3168,1901665
"14",1,1925581,2217,1927798,3001,1930799
"15",1,1941014,1584,1942598,3634,1946232
"16",1,1964298,6417,1970715,1017,1971732
"17",1,1987732,1883,1989615,3335,1992950
"18",1,2073300,1717,2075017,3501,2078518
"19",1,2108350,1484,2109834,3734,2113568
"20",1,2155101,1967,2157068,3251,2160319
"21",1,2178418,1150,2179568,4068,2183636
"22",1,2194968,3234,2198202,1984,2200186
"23",1,2226252,1417,2227669,3801,2231470
"24",1,2243636,2633,2246269,2585,2248854
"25",1,2264819,2867,2267686,2351,2270037
"26",1,2287520,4350,2291870,1017,2292887
"27",1,2338754,1550,2340304,3668,2343972
"28",1,2366921,1533,2368454,3685,2372139
"29",1,2377538,3350,2380888,1868,2382756
"30",1,2424589,1450,2426039,3768,2429807
"31",1,2490006,1434,2491440,3784,2495224
"32",1,2556957,1934,2558891,3284,2562175
"33",1,2564007,2268,2566275,2950,2569225
"34",1,2618925,2317,2621242,2901,2624143
"35",1,2636542,5734,2642276,1016,2643292
"36",1,2645892,1684,2647576,3534,2651110
"37",1,2684843,1267,2686110,3951,2690061
"38",1,2691893,2283,2694176,2935,2697111
"39",1,2735510,2650,2738160,2568,2740728
"40",1,2786411,1384,2787795,3834,2791629
"41",1,2805645,1883,2807528,3334,2810862
"42",1,2836895,1250,2838145,3968,2842113
"43",1,2844545,1817,2846362,3401,2849763
"44",1,2851412,2234,2853646,2984,2856630
"45",1,2883829,3134,2886963,2084,2889047
"46",1,2922580,2100,2924680,3118,2927798
"47",1,2936680,1200,2937880,4018,2941898
"48",1,2974731,2717,2977448,2501,2979949
"49",1,3027481,2468,3029949,2750,3032699
"50",2,5590138,2201,5592339,3017,5595356
"51",2,5603855,2501,5606356,2717,5609073
"52",2,5631289,2200,5633489,3018,5636507
"53",2,5645239,1051,5646290,4167,5650457
"54",2,5673056,884,5673940,4334,5678274
"55",2,5687107,1867,5688974,3351,5692325
"56",2,5707957,2317,5710274,2901,5713175
"57",2,5728557,2067,5730624,3151,5733775
"58",2,5763241,1217,5764458,4001,5768459
"59",2,5831609,1867,5833476,3351,5836827
"60",2,5845326,2400,5847726,2818,5850544
"61",2,5894493,2984,5897477,2234,5899711
"62",2,5944161,2667,5946828,2551,5949379
"63",2,5971961,2034,5973995,3184,5977179
"64",2,5986078,2250,5988328,2968,5991296
"65",2,6006595,2651,6009246,2567,6011813
"66",2,6027179,1617,6028796,3601,6032397
"67",2,6104764,2950,6107714,2267,6109981
"68",2,6139364,2850,6142214,2368,6144582
"69",2,6181215,1083,6182298,4135,6186433
"70",2,6202015,1300,6203315,3918,6207233
"71",2,6215882,1234,6217116,3984,6221100
"72",2,6236666,1650,6238316,3568,6241884
"73",2,6250366,683,6251049,4535,6255584
"74",2,6270933,2000,6272933,3218,6276151
"75",2,6291483,1167,6292650,4051,6296701
"76",2,6334234,2200,6336434,3018,6339452
"77",2,6358801,1950,6360751,3268,6364019
"78",2,6365651,1150,6366801,4068,6370869
"79",2,6406802,1517,6408319,3701,6412020
"80",2,6469153,1950,6471103,3268,6474371
"81",2,6532787,2634,6535421,2584,6538005
"82",2,6539704,1384,6541088,3834,6544922
"83",2,6594672,1683,6596355,3534,6599889
"84",2,6608355,1800,6610155,3418,6613573
"85",2,6615422,1133,6616555,4085,6620640
"86",2,6651239,1600,6652839,3618,6656457
"87",2,6659989,2234,6662223,2984,6665207
"88",2,6696023,1300,6697323,3918,6701241
"89",2,6746741,1650,6748391,3568,6751959
"90",2,6760474,1301,6761775,3917,6765692
"91",2,6788408,1300,6789708,3918,6793626
"92",2,6795542,1200,6796742,4018,6800760
"93",2,6802608,1234,6803842,3984,6807826
"94",2,6836809,1800,6838609,3418,6842027
"95",2,6877460,1266,6878726,3952,6882678
"96",2,6891376,1134,6892510,4084,6896594
"97",2,6930277,1884,6932161,3334,6935495
"98",2,6971661,2050,6973711,3168,6976879
"99",3,9122930,2800,9125730,2418,9128148
"100",3,9136613,1434,9138047,3784,9141831
"101",3,9164030,4884,9168914,1017,9169931
"102",3,9178431,1400,9179831,3818,9183649
"103",3,9205865,1916,9207781,3301,9211082
"104",3,9219565,1933,9221498,3285,9224783
"105",3,9240132,1300,9241432,3918,9245350
"106",3,9260699,983,9261682,4235,9265917
"107",3,9295866,800,9296666,4418,9301084
"108",3,9359067,1100,9360167,4118,9364285
"109",3,9372801,1266,9374067,3951,9378018
"110",3,9423601,1884,9425485,3334,9428819
"111",3,9472552,2517,9475069,2701,9477770
"112",3,9499986,1484,9501470,3734,9505204
"113",3,9514420,1166,9515586,4052,9519638
"114",3,9535653,1184,9536837,4034,9540871
"115",3,9556220,1550,9557770,3668,9561438
"116",3,9631772,1050,9632822,4168,9636990
"117",3,9666555,1484,9668039,3734,9671773
"118",3,9707756,1400,9709156,3818,9712974
"119",3,9728357,1583,9729940,3634,9733574
"120",3,9742740,2450,9745190,2768,9747958
"121",3,9764941,1766,9766707,3451,9770158
"122",3,9779357,901,9780258,4317,9784575
"123",3,9799924,801,9800725,4417,9805142
"124",3,9820491,901,9821392,4317,9825709
"125",3,9862675,1351,9864026,3867,9867893
"126",3,9883226,900,9884126,4318,9888444
"127",3,9890093,1166,9891259,4051,9895310
"128",3,9933327,817,9934144,4401,9938545
"129",3,9998511,1434,9999945,3784,10003729
"130",3,10060979,667,10061646,4551,10066197
"131",3,10068762,850,10069612,4368,10073980
"132",3,10117496,1001,10118497,4217,10122714
"133",3,10131447,2150,10133597,3067,10136664
"134",3,10138280,1017,10139297,4201,10143498
"135",3,10173064,1667,10174731,3551,10178282
"136",3,10180614,984,10181598,4234,10185832
"137",3,10215765,833,10216598,4385,10220983
"138",3,10265132,1417,10266549,3801,10270350
"139",3,10278849,1684,10280533,3534,10284067
"140",3,10306533,1000,10307533,4218,10311751
"141",3,10313400,1283,10314683,3935,10318618
"142",3,10320250,1133,10321383,4085,10325468
"143",3,10348483,1034,10349517,4185,10353702
"144",3,10383551,1850,10385401,3368,10388769
"145",3,10397218,1700,10398918,3518,10402436
"146",3,10431702,2717,10434419,2501,10436920
"147",3,10474502,984,10475486,4234,10479720
"148",4,13762324,1317,13763641,3901,13767542
"149",4,13776207,1384,13777591,3834,13781425
"150",4,13803858,1333,13805191,3885,13809076
"151",4,13817575,1950,13819525,3268,13822793
"152",4,13845042,2284,13847326,2934,13850260
"153",4,13859142,2384,13861526,2834,13864360
"154",4,13879942,1667,13881609,3552,13885161
"155",4,13900543,1583,13902126,3635,13905761
"156",4,13936077,1400,13937477,3818,13941295
"157",4,14000028,1267,14001295,3951,14005246
"158",4,14014111,1401,14015512,3817,14019329
"159",4,14063529,1417,14064946,3801,14068747
"160",4,14111713,1417,14113130,3801,14116931
"161",4,14139130,1500,14140630,3718,14144348
"162",4,14153097,2167,14155264,3051,14158315
"163",4,14174798,4366,14179164,1017,14180181
"164",4,14196065,1733,14197798,3484,14201282
"165",4,14283016,1517,14284533,3701,14288234
"166",4,14332233,2817,14335050,2402,14337452
"167",4,14395468,2600,14398068,2618,14400686
"168",4,14418235,3000,14421235,2218,14423453
"169",4,14448452,1300,14449752,3918,14453670
"170",4,14469002,1901,14470903,3317,14474220
"171",4,14482703,1967,14484670,3251,14487921
"172",4,14504787,1583,14506370,3635,14510005
"173",4,14526637,1833,14528470,3385,14531855
"174",4,14569988,1933,14571921,3284,14575205
"175",4,14590555,1450,14592005,3767,14595772
"176",4,14597571,5701,14603272,1016,14604288
"177",4,14650089,2200,14652289,3018,14655307
"178",4,14725857,1850,14727707,3368,14731075
"179",4,14799825,2350,14802175,2868,14805043
"180",4,14806908,1850,14808758,3368,14812126
"181",4,14855859,1917,14857776,3301,14861077
"182",4,14872876,2200,14875076,3018,14878094
"183",4,14879976,1567,14881543,3651,14885194
"184",4,14919477,2717,14922194,2501,14924695
"185",4,14926310,2150,14928460,3068,14931528
"186",4,14961644,1850,14963494,3368,14966862
"187",4,15017028,2134,15019162,3084,15022246
"188",4,15031795,1284,15033079,3934,15037013
"189",4,15070613,1467,15072080,3751,15075831
"190",4,15078646,3234,15081880,1984,15083864
"191",4,15087546,1284,15088830,3934,15092764
"192",4,15120914,1233,15122147,3984,15126131
"193",4,15161998,16,15162014,5201,15167215
"194",4,15180998,1350,15182348,3868,15186216
"195",4,15238049,2400,15240449,2818,15243267
"196",4,15336867,1834,15338701,3384,15342085
"197",5,1223623,1200,1224823,4017,1228840
"198",5,1237339,1134,1238473,4084,1242557
"199",5,1264790,1450,1266240,3768,1270008
"200",5,1279307,1050,1280357,4168,1284525
"201",5,1311091,3700,1314791,1517,1316308
"202",5,1325041,3033,1328074,2185,1330259
"203",5,1346124,2017,1348141,3201,1351342
"204",5,1366708,2817,1369525,2401,1371926
"205",5,1401192,1683,1402875,3535,1406410
"206",5,1465359,1250,1466609,3968,1470577
"207",5,1479093,4783,1483876,1017,1484893
"208",5,1532477,1134,1533611,4084,1537695
"209",5,1584961,1034,1585995,4184,1590179
"210",5,1613095,1883,1614978,3335,1618313
"211",5,1627895,1200,1629095,4018,1633113
"212",5,1649045,6334,1655379,1017,1656396
"213",5,1672896,1517,1674413,3701,1678114
"214",5,1750563,1034,1751597,4184,1755781
"215",5,1788797,1217,1790014,4001,1794015
"216",5,1830848,967,1831815,4251,1836066
"217",5,1852415,1634,1854049,3584,1857633
"218",5,1867315,2684,1869999,2534,1872533
"219",5,1889349,1833,1891182,3385,1894567
"220",5,1903366,1050,1904416,4168,1908584
"221",5,1925499,1201,1926700,4017,1930717
"222",5,1946766,1301,1948067,3917,1951984
"223",5,1989150,884,1990034,4334,1994368
"224",5,2010184,833,2011017,4385,2015402
"225",5,2017034,3784,2020818,1434,2022252
"226",5,2067968,950,2068918,4268,2073186
"227",5,2132986,1150,2134136,4068,2138204
"228",5,2202303,1901,2204204,3317,2207521
"229",5,2209187,683,2209870,4535,2214405
"230",5,2259454,850,2260304,4368,2264672
"231",5,2273538,1717,2275255,3501,2278756
"232",5,2280388,1433,2281821,3785,2285606
"233",5,2315288,1017,2316305,4201,2320506
"234",5,2322155,3100,2325255,2118,2327373
"235",5,2359756,1450,2361206,3768,2364974
"236",5,2408923,867,2409790,4351,2414141
"237",5,2423757,983,2424740,4235,2428975
"238",5,2452574,750,2453324,4468,2457792
"239",5,2459441,1750,2461191,3468,2464659
"240",5,2467541,1567,2469108,3651,2472759
"241",5,2496574,867,2497441,4351,2501792
"242",5,2533642,783,2534425,4435,2538860
"243",5,2547875,701,2548576,4517,2553093
"244",5,2583259,1634,2584893,3584,2588477
"245",5,2630893,1234,2632127,3984,2636111
"246",6,4924512,2934,4927446,2284,4929730
"247",6,4939962,1800,4941762,3418,4945180
"248",6,4968979,1851,4970830,3367,4974197
"249",6,4984329,1418,4985747,3800,4989547
"250",6,5011930,3284,5015214,1934,5017148
"251",6,5026097,3650,5029747,1568,5031315
"252",6,5051064,2584,5053648,2634,5056282
"253",6,5072898,1717,5074615,3501,5078116
"254",6,5109015,1283,5110298,3935,5114233
"255",6,5178116,1400,5179516,3818,5183334
"256",6,5192716,2600,5195316,2618,5197934
"257",6,5246184,1417,5247601,3801,5251402
"258",6,5298235,1366,5299601,3851,5303452
"259",6,5325868,1500,5327368,3718,5331086
"260",6,5341502,1150,5342652,4068,5346720
"261",6,5364986,1583,5366569,3635,5370204
"262",6,5385986,2867,5388853,2351,5391204
"263",6,5465537,2850,5468387,2368,5470755
"264",6,5500288,1467,5501755,3751,5505506
"265",6,5543038,1134,5544172,4084,5548256
"266",6,5563605,1567,5565172,3651,5568823
"267",6,5580756,1983,5582739,3235,5585974
"268",6,5603439,2034,5605473,3184,5608657
"269",6,5617156,1617,5618773,3601,5622374
"270",6,5638556,2967,5641523,2251,5643774
"271",6,5659274,1433,5660707,3784,5664491
"272",6,5701758,2200,5703958,3017,5706975
"273",6,5724408,1867,5726275,3351,5729626
"274",6,5731275,2100,5733375,3118,5736493
"275",6,5773259,1100,5774359,4118,5778477
"276",6,5839710,1233,5840943,3985,5844928
"277",6,5901677,1001,5902678,4217,5906895
"278",6,5908528,1400,5909928,3817,5913745
"279",6,5956995,1817,5958812,3401,5962213
"280",6,5971078,1367,5972445,3851,5976296
"281",6,5977962,1233,5979195,3985,5983180
"282",6,6015096,983,6016079,4235,6020314
"283",6,6025363,3350,6028713,1868,6030581
"284",6,6065697,2083,6067780,3135,6070915
"285",6,6118031,2050,6120081,3168,6123249
"286",6,6133364,2301,6135665,2917,6138582
"287",6,6162632,1216,6163848,4001,6167849
"288",6,6169515,3900,6173415,1318,6174733
"289",6,6177465,3700,6181165,1518,6182683
"290",6,6214466,1267,6215733,3951,6219684
"291",6,6253266,2167,6255433,3051,6258484
"292",6,6271183,1700,6272883,3518,6276401
"293",6,6317984,2200,6320184,3018,6323202
"294",6,6368885,2317,6371202,2901,6374103
"295",7,12987821,3633,12991454,1585,12993039
"296",7,13001504,1917,13003421,3301,13006722
"297",7,13034655,2817,13037472,2401,13039873
"298",7,13048388,8351,13056739,1016,13057755
"299",7,13080206,1133,13081339,4085,13085424
"300",7,13094006,2667,13096673,2551,13099224
"301",7,13114623,1400,13116023,3818,13119841
"302",7,13135190,1433,13136623,3785,13140408
"303",7,13169457,1534,13170991,3684,13174675
"304",7,13234558,1134,13235692,4084,13239776
"305",7,13255392,1600,13256992,3618,13260610
"306",7,13303909,1067,13304976,4151,13309127
"307",7,13352094,1300,13353394,3918,13357312
"308",7,13379760,1284,13381044,3935,13384979
"309",7,13393461,1433,13394894,3785,13398679
"310",7,13414444,1767,13416211,3451,13419662
"311",7,13435045,883,13435928,4335,13440263
"312",7,13511446,1500,13512946,3718,13516664
"313",7,13547930,1350,13549280,3868,13553148
"314",7,13589830,1184,13591014,4034,13595048
"315",7,13610397,1584,13611981,3634,13615615
"316",7,13624131,900,13625031,4318,13629349
"317",7,13644715,1133,13645848,4085,13649933
"318",7,13658632,1366,13659998,3851,13663849
"319",7,13679482,3517,13682999,1701,13684700
"320",7,13700066,1316,13701382,3902,13705284
"321",7,13742033,2317,13744350,2901,13747251
"322",7,13763717,1333,13765050,3885,13768935
"323",7,13770583,1134,13771717,4084,13775801
"324",7,13814384,1350,13815734,3868,13819602
"325",7,13877252,1567,13878819,3651,13882470
"326",7,13941019,1451,13942470,3767,13946237
"327",7,13948003,1833,13949836,3385,13953221
"328",7,13997587,1433,13999020,3785,14002805
"329",7,14014104,1367,14015471,3851,14019322
"330",7,14020954,1084,14022038,4134,14026172
"331",7,14057088,1467,14058555,3751,14062306
"332",7,14064221,1067,14065288,4151,14069439
"333",7,14101722,1100,14102822,4118,14106940
"334",7,14153356,1600,14154956,3618,14158574
"335",7,14167173,1500,14168673,3718,14172391
"336",7,14194623,1467,14196090,3751,14199841
"337",7,14201540,900,14202440,4318,14206758
"338",7,14208407,1434,14209841,3784,14213625
"339",7,14238707,1051,14239758,4168,14243926
"340",7,14272975,1400,14274375,3818,14278193
"341",7,14286675,1150,14287825,4068,14291893
"342",7,14320942,1900,14322842,3318,14326160
"343",7,14362060,1250,14363310,3967,14367277
"344",8,17139987,2034,17142021,3184,17145205
"345",8,17154871,1867,17156738,3351,17160089
"346",8,17184355,1033,17185388,4184,17189572
"347",8,17199105,3683,17202788,1535,17204323
"348",8,17229572,4633,17234205,1017,17235222
"349",8,17243872,2817,17246689,2401,17249090
"350",8,17265623,1350,17266973,3868,17270841
"351",8,17288440,2416,17290856,2802,17293658
"352",8,17329207,2583,17331790,2635,17334425
"353",8,17405175,1350,17406525,3868,17410393
"354",8,17420292,1683,17421975,3535,17425510
"355",8,17470176,1450,17471626,3768,17475394
"356",8,17521310,1717,17523027,3501,17526528
"357",8,17551144,1383,17552527,3835,17556362
"358",8,17565594,2717,17568311,2501,17570812
"359",8,17586611,2283,17588894,2935,17591829
"360",8,17607211,1951,17609162,3267,17612429
"361",8,17683312,3034,17686346,2185,17688531
"362",8,17718646,2534,17721180,2684,17723864
"363",8,17759964,1300,17761264,3918,17765182
"364",8,17789331,1033,17790364,4185,17794549
"365",8,17803064,1984,17805048,3234,17808282
"366",8,17823648,1517,17825165,3701,17828866
"367",8,17838798,1384,17840182,3834,17844016
"368",8,17931500,2100,17933600,3118,17936718
"369",8,17952684,933,17953617,4285,17957902
"370",8,17994901,2400,17997301,2818,18000119
"371",8,18016201,3784,18019985,1434,18021419
"372",8,18024001,2384,18026385,2834,18029219
"373",8,18065969,1983,18067952,3235,18071187
"374",8,18129786,1001,18130787,4217,18135004
"375",8,18194471,1800,18196271,3418,18199689
"376",8,18202038,1266,18203304,3951,18207255
"377",8,18252872,1117,18253989,4101,18258090
"378",8,18266705,1367,18268072,3851,18271923
"379",8,18274289,1200,18275489,4018,18279507
"380",8,18310023,1450,18311473,3768,18315241
"381",8,18317339,1051,18318390,4167,18322557
"382",8,18353573,951,18354524,4267,18358791
"383",8,18403874,1134,18405008,4084,18409092
"384",8,18417608,1017,18418625,4201,18422826
"385",8,18446691,1217,18447908,4001,18451909
"386",8,18454258,1000,18455258,4218,18459476
"387",8,18461608,1117,18462725,4101,18466826
"388",8,18490009,1000,18491009,4218,18495227
"389",8,18525276,717,18525993,4501,18530494
"390",8,18539010,1000,18540010,4218,18544228
"391",8,18576460,934,18577394,4284,18581678
"392",8,18621061,950,18622011,4268,18626279
"393",9,1205820,1233,1207053,3985,1211038
"394",9,1219520,1500,1221020,3718,1224738
"395",9,1246970,1501,1248471,3717,1252188
"396",9,1260704,1517,1262221,3701,1265922
"397",9,1288171,1500,1289671,3718,1293389
"398",9,1301888,1450,1303338,3768,1307106
"399",9,1322455,2200,1324655,3018,1327673
"400",9,1343038,1084,1344122,4134,1348256
"401",9,1377506,1117,1378623,4101,1382724
"402",9,1440257,1517,1441774,3701,1445475
"403",9,1453974,1550,1455524,3667,1459191
"404",9,1501991,2217,1504208,3001,1507209
"405",9,1550225,917,1551142,4301,1555443
"406",9,1578575,1484,1580059,3734,1583793
"407",9,1592292,1367,1593659,3851,1597510
"408",9,1612809,1084,1613893,4134,1618027
"409",9,1633376,1667,1635043,3551,1638594
"410",9,1708761,917,1709678,4301,1713979
"411",9,1743045,783,1743828,4435,1748263
"412",9,1784145,1000,1785145,4218,1789363
"413",9,1804746,1066,1805812,4152,1809964
"414",9,1818429,950,1819379,4268,1823647
"415",9,1839013,1117,1840130,4101,1844231
"416",9,1852713,1200,1853913,4018,1857931
"417",9,1873297,1383,1874680,3835,1878515
"418",9,1893897,1167,1895064,4051,1899115
"419",9,1935048,1066,1936114,4152,1940266
"420",9,1955615,2150,1957765,3068,1960833
"421",9,1962481,1484,1963965,3734,1967699
"422",9,2003649,1050,2004699,4168,2008867
"423",9,2065350,1416,2066766,3801,2070567
"424",9,2127084,1067,2128151,4151,2132302
"425",9,2133917,1367,2135284,3851,2139135
"426",9,2181951,1767,2183718,3451,2187169
"427",9,2195685,1000,2196685,4218,2200903
"428",9,2202552,1233,2203785,3985,2207770
"429",9,2236952,1134,2238086,4084,2242170
"430",9,2243802,1167,2244969,4051,2249020
"431",9,2278103,767,2278870,4451,2283321
"432",9,2326170,1051,2327221,4167,2331388
"433",9,2339854,1017,2340871,4201,2345072
"434",9,2367288,1183,2368471,4035,2372506
"435",9,2374121,1150,2375271,4068,2379339
"436",9,2380988,800,2381788,4418,2386206
"437",9,2408438,1100,2409538,4118,2413656
"438",9,2442689,883,2443572,4335,2447907
"439",9,2456372,1134,2457506,4084,2461590
"440",9,2490673,1233,2491906,3985,2495891
"441",9,2531873,1117,2532990,4102,2537092
"442",10,4246784,1183,4247967,4034,4252001
"443",10,4260484,2133,4262617,3085,4265702
"444",10,4287917,1667,4289584,3552,4293136
"445",10,4301634,1117,4302751,4101,4306852
"446",10,4329201,1251,4330452,3967,4334419
"447",10,4342902,2117,4345019,3101,4348120
"448",10,4363469,1933,4365402,3285,4368687
"449",10,4385302,1867,4387169,3351,4390520
"450",10,4420920,1800,4422720,3417,4426137
"451",10,4482620,1051,4483671,4167,4487838
"452",10,4497271,2383,4499654,2835,4502489
"453",10,4545172,1750,4546922,3468,4550390
"454",10,4593622,1050,4594672,4168,4598840
"455",10,4621523,1350,4622873,3868,4626741
"456",10,4635273,1883,4637156,3335,4640491
"457",10,4655790,1934,4657724,3284,4661008
"458",10,4676574,1333,4677907,3885,4681792
"459",10,4752358,1567,4753925,3651,4757576
"460",10,4786809,1117,4787926,4101,4792027
"461",10,4828993,1483,4830476,3735,4834211
"462",10,4850243,1350,4851593,3868,4855461
"463",10,4864960,2117,4867077,3101,4870178
"464",10,4885994,2466,4888460,2752,4891212
"465",10,4899694,2150,4901844,3068,4904912
"466",10,4920444,1600,4922044,3618,4925662
"467",10,4941028,1117,4942145,4101,4946246
"468",10,4983945,1734,4985679,3484,4989163
"469",10,5004479,1533,5006012,3685,5009697
"470",10,5011329,2200,5013529,3018,5016547
"471",10,5052663,1083,5053746,4135,5057881
"472",10,5115597,1900,5117497,3318,5120815
"473",10,5178531,1667,5180198,3551,5183749
"474",10,5185398,1250,5186648,3968,5190616
"475",10,5235082,1917,5236999,3301,5240300
"476",10,5248899,1367,5250266,3851,5254117
"477",10,5255749,4901,5260650,1016,5261666
"478",10,5292317,1200,5293517,4018,5297535
"479",10,5299467,1633,5301100,3585,5304685
"480",10,5335801,1433,5337234,3784,5341018
"481",10,5384435,1350,5385785,3868,5389653
"482",10,5398135,1567,5399702,3651,5403353
"483",10,5426785,1167,5427952,4051,5432003
"484",10,5434102,1034,5435136,4184,5439320
"485",10,5440952,1850,5442802,3368,5446170
"486",10,5469686,4967,5474653,1017,5475670
"487",10,5505453,1301,5506754,3917,5510671
"488",10,5521070,2684,5523754,2534,5526288
"489",10,5556487,2034,5558521,3184,5561705
"490",10,5599821,1801,5601622,3417,5605039
"491",11,8468416,4284,8472700,1017,8473717
"492",11,8482367,1750,8484117,3468,8487585
"493",11,8512884,8117,8521001,1016,8522017
"494",11,8530500,3167,8533667,2051,8535718
"495",11,8557918,1767,8559685,3451,8563136
"496",11,8572135,1566,8573701,3652,8577353
"497",11,8592735,2867,8595602,2351,8597953
"498",11,8613319,4717,8618036,1016,8619052
"499",11,8648369,1984,8650353,3234,8653587
"500",11,8714670,2434,8717104,2784,8719888
"501",11,8728354,4750,8733104,1017,8734121
"502",11,8779571,1534,8781105,3684,8784789
"503",11,8833439,3300,8836739,1917,8838656
"504",11,8860989,1617,8862606,3601,8866207
"505",11,8874839,1484,8876323,3734,8880057
"506",11,8895423,1783,8897206,3435,8900641
"507",11,8916140,2800,8918940,2418,8921358
"508",11,9000041,1834,9001875,3384,9005259
"509",11,9034292,2967,9037259,2251,9039510
"510",11,9075893,2533,9078426,2685,9081111
"511",11,9096743,2600,9099343,2618,9101961
"512",11,9110476,1534,9112010,3684,9115694
"513",11,9131093,5334,9136427,1017,9137444
"514",11,9146144,2717,9148861,2501,9151362
"515",11,9168094,1800,9169894,3418,9173312
"516",11,9188928,2333,9191261,2885,9194146
"517",11,9230945,2267,9233212,2951,9236163
"518",11,9251595,1117,9252712,4101,9256813
"519",11,9258445,1534,9259979,3684,9263663
"520",11,9300063,2417,9302480,2801,9305281
"521",11,9364947,2467,9367414,2751,9370165
"522",11,9431465,1483,9432948,3735,9436683
"523",11,9438315,1817,9440132,3401,9443533
"524",11,9486432,3017,9489449,2201,9491650
"525",11,9500166,3500,9503666,1718,9505384
"526",11,9507016,1417,9508433,3801,9512234
"527",11,9541500,3067,9544567,2151,9546718
"528",11,9548417,1183,9549600,4035,9553635
"529",11,9586167,4417,9590584,1017,9591601
"530",11,9634851,1267,9636118,3951,9640069
"531",11,9649868,2451,9652319,2767,9655086
"532",11,9677302,1400,9678702,3818,9682520
"533",11,9684402,1517,9685919,3701,9689620
"534",11,9691252,2851,9694103,2367,9696470
"535",11,9719836,1584,9721420,3634,9725054
"536",11,9754153,3267,9757420,1951,9759371
"537",11,9768154,1816,9769970,3401,9773371
"538",11,9803104,1334,9804438,3884,9808322
"539",11,9847788,2150,9849938,3068,9853006
"540",12,12029789,1384,12031173,3834,12035007
"541",12,12043689,2367,12046056,2851,12048907
"542",12,12073373,1400,12074773,3818,12078591
"543",12,12088557,1700,12090257,3518,12093775
"544",12,12123607,1117,12124724,4101,12128825
"545",12,12137324,1534,12138858,3684,12142542
"546",12,12160975,1783,12162758,3435,12166193
"547",12,12184442,5050,12189492,1017,12190509
"548",12,12224909,1400,12226309,3818,12230127
"549",12,12292243,1801,12294044,3417,12297461
"550",12,12310727,1134,12311861,4084,12315945
"551",12,12364961,900,12365861,4318,12370179
"552",12,12420412,6684,12427096,1016,12428112
"553",12,12452612,1701,12454313,3517,12457830
"554",12,12471896,1800,12473696,3418,12477114
"555",12,12493963,784,12494747,4434,12499181
"556",12,12518614,1383,12519997,3835,12523832
"557",12,12601298,1317,12602615,3901,12606516
"558",12,12649216,1367,12650583,3850,12654433
"559",12,12692516,2084,12694600,3134,12697734
"560",12,12715467,1517,12716984,3701,12720685
"561",12,12735217,1117,12736334,4101,12740435
"562",12,12755851,2450,12758301,2768,12761069
"563",12,12770118,1150,12771268,4067,12775335
"564",12,12796201,1434,12797635,3784,12801419
"565",12,12837269,1383,12838652,3834,12842486
"566",12,12884686,1684,12886370,3534,12889904
"567",12,12915370,1617,12916987,3601,12920588
"568",12,12922220,1183,12923403,4035,12927438
"569",12,12973921,1267,12975188,3951,12979139
"570",12,13067989,1033,13069022,4185,13073207
"571",12,13142557,867,13143424,4351,13147775
"572",12,13150590,1484,13152074,3734,13155808
"573",12,13207508,1683,13209191,3535,13212726
"574",12,13246658,784,13247442,4434,13251876
"575",12,13253525,1167,13254692,4051,13258743
"576",12,13293943,1633,13295576,3584,13299160
"577",12,13302343,1266,13303609,3952,13307561
"578",12,13351710,8850,13360560,1017,13361577
"579",12,13413228,1533,13414761,3685,13418446
"580",12,13427795,1383,13429178,3835,13433013
"581",12,13456778,1217,13457995,4001,13461996
"582",12,13463629,1883,13465512,3335,13468847
"583",12,13474029,1283,13475312,3935,13479247
"584",12,13507646,2150,13509796,3068,13512864
"585",12,13544397,3233,13547630,1984,13549614
"586",12,13558180,967,13559147,4251,13563398
"587",12,13592764,1767,13594531,3451,13597982
"588",12,13642298,1400,13643698,3818,13647516
"589",13,3798935,967,3799902,4251,3804153
"590",13,3812652,1433,3814085,3785,3817870
"591",13,3840202,1367,3841569,3851,3845420
"592",13,3854569,2884,3857453,2334,3859787
"593",13,3882270,3100,3885370,2118,3887488
"594",13,3896103,2217,3898320,3001,3901321
"595",13,3917520,2734,3920254,2484,3922738
"596",13,3938287,3400,3941687,1818,3943505
"597",13,3972571,1500,3974071,3718,3977789
"598",13,4036339,1367,4037706,3851,4041557
"599",13,4050506,1517,4052023,3700,4055723
"600",13,4100656,1634,4102290,3584,4105874
"601",13,4150207,1400,4151607,3818,4155425
"602",13,4179391,1300,4180691,3918,4184609
"603",13,4194374,1851,4196225,3367,4199592
"604",13,4214908,1750,4216658,3468,4220126
"605",13,4236025,3100,4239125,2118,4241243
"606",13,4315226,2467,4317693,2751,4320444
"607",13,4349527,1150,4350677,4068,4354745
"608",13,4390811,1050,4391861,4168,4396029
"609",13,4411528,1434,4412962,3784,4416746
"610",13,4425211,1134,4426345,4084,4430429
"611",13,4446778,2817,4449595,2401,4451996
"612",13,4460595,2484,4463079,2734,4465813
"613",13,4481179,2517,4483696,2701,4486397
"614",13,4502296,1683,4503979,3535,4507514
"615",13,4544930,817,4545747,4401,4550148
"616",13,4565530,1667,4567197,3551,4570748
"617",13,4572380,1334,4573714,3884,4577598
"618",13,4614598,1133,4615731,4085,4619816
"619",13,4677849,1350,4679199,3868,4683067
"620",13,4740383,2784,4743167,2434,4745601
"621",13,4747233,1267,4748500,3951,4752451
"622",13,4799667,1334,4801001,3884,4804885
"623",13,4813351,1500,4814851,3718,4818569
"624",13,4821051,1184,4822235,4034,4826269
"625",13,4855918,2484,4858402,2734,4861136
"626",13,4862918,1084,4864002,4134,4868136
"627",13,4899252,1100,4900352,4118,4904470
"628",13,4951570,900,4952470,4318,4956788
"629",13,4966420,1517,4967937,3701,4971638
"630",13,4996204,1950,4998154,3268,5001422
"631",13,5003721,1533,5005254,3685,5008939
"632",13,5010704,4500,5015204,1017,5016221
"633",13,5040271,1484,5041755,3734,5045489
"634",13,5075988,884,5076872,4334,5081206
"635",13,5089705,2184,5091889,3034,5094923
"636",13,5124389,2250,5126639,2968,5129607
"637",13,5165540,1933,5167473,3285,5170758
"638",14,11231852,1384,11233236,3834,11237070
"639",14,11246269,1650,11247919,3568,11251487
"640",14,11275520,1567,11277087,3651,11280738
"641",14,11290553,2100,11292653,3118,11295771
"642",14,11320937,2500,11323437,2718,11326155
"643",14,11335554,1000,11336554,4218,11340772
"644",14,11356121,1883,11358004,3335,11361339
"645",14,11380588,2184,11382772,3034,11385806
"646",14,11416705,1350,11418055,3868,11421923
"647",14,11483123,1034,11484157,4184,11488341
"648",14,11497623,1167,11498790,4051,11502841
"649",14,11546157,1234,11547391,3984,11551375
"650",14,11596141,2267,11598408,2951,11601359
"651",14,11623692,3600,11627292,1618,11628910
"652",14,11638292,1934,11640226,3284,11643510
"653",14,11662909,1250,11664159,3968,11668127
"654",14,11687926,2317,11690243,2901,11693144
"655",14,11768244,1434,11769678,3784,11773462
"656",14,11805528,900,11806428,4318,11810746
"657",14,11849162,3734,11852896,1484,11854380
"658",14,11872963,2150,11875113,3068,11878181
"659",14,11886729,1167,11887896,4051,11891947
"660",14,11912680,1367,11914047,3851,11917898
"661",14,11927313,1201,11928514,4018,11932532
"662",14,11948480,867,11949347,4351,11953698
"663",14,11969514,2967,11972481,2251,11974732
"664",14,12012615,917,12013532,4301,12017833
"665",14,12037049,1500,12038549,3717,12042266
"666",14,12043899,2567,12046466,2651,12049117
"667",14,12085683,1016,12086699,4202,12090901
"668",14,12150667,967,12151634,4251,12155885
"669",14,12220952,1416,12222368,3802,12226170
"670",14,12227985,1033,12229018,4185,12233203
"671",14,12277569,1650,12279219,3568,12282787
"672",14,12292303,1316,12293619,3902,12297521
"673",14,12299169,1117,12300286,4101,12304387
"674",14,12334453,1167,12335620,4051,12339671
"675",14,12341303,1051,12342354,4167,12346521
"676",14,12378654,984,12379638,4234,12383872
"677",14,12429755,817,12430572,4401,12434973
"678",14,12444188,884,12445072,4334,12449406
"679",14,12474722,1084,12475806,4134,12479940
"680",14,12482139,1050,12483189,4168,12487357
"681",14,12488972,817,12489789,4401,12494190
"682",14,12517540,1350,12518890,3867,12522757
"683",14,12560990,1384,12562374,3834,12566208
"684",14,12576491,883,12577374,4335,12581709
"685",14,12611641,1400,12613041,3818,12616859
"686",14,12654842,1250,12656092,3968,12660060
"687",15,14774442,1551,14775993,3667,14779660
"688",15,14788176,2734,14790910,2484,14793394
"689",15,14815743,3167,14818910,2051,14820961
"690",15,14829660,1750,14831410,3468,14834878
"691",15,14857260,1051,14858311,4167,14862478
"692",15,14870961,1316,14872277,3902,14876179
"693",15,14891528,1083,14892611,4135,14896746
"694",15,14912961,1300,14914261,3918,14918179
"695",15,14947245,1267,14948512,3951,14952463
"696",15,15009713,1400,15011113,3818,15014931
"697",15,15023680,1167,15024847,4051,15028898
"698",15,15072764,1133,15073897,4085,15077982
"699",15,15125481,1434,15126915,3784,15130699
"700",15,15153082,1367,15154449,3851,15158300
"701",15,15166799,2100,15168899,3118,15172017
"702",15,15187349,1350,15188699,3868,15192567
"703",15,15207933,2267,15210200,2951,15213151
"704",15,15286034,900,15286934,4318,15291252
"705",15,15320451,1200,15321651,4018,15325669
"706",15,15362352,1350,15363702,3868,15367570
"707",15,15382936,1166,15384102,4052,15388154
"708",15,15397819,1384,15399203,3834,15403037
"709",15,15418836,3217,15422053,2001,15424054
"710",15,15434736,1151,15435887,4067,15439954
"711",15,15455303,1667,15456970,3551,15460521
"712",15,15475854,1400,15477254,3818,15481072
"713",15,15519238,1250,15520488,3968,15524456
"714",15,15543655,1150,15544805,4068,15548873
"715",15,15550572,1166,15551738,4052,15555790
"716",15,15591789,1017,15592806,4201,15597007
"717",15,15656723,1167,15657890,4051,15661941
"718",15,15721024,1284,15722308,3934,15726242
"719",15,15727858,1150,15729008,4068,15733076
"720",15,15780259,766,15781025,4451,15785476
"721",15,15794142,1400,15795542,3818,15799360
"722",15,15802426,817,15803243,4401,15807644
"723",15,15843810,1133,15844943,4084,15849027
"724",15,15851376,784,15852160,4434,15856594
"725",15,15893060,851,15893911,4367,15898278
"726",15,15943778,1767,15945545,3451,15948996
"727",15,15960462,2233,15962695,2984,15965679
"728",15,15989195,1900,15991095,3318,15994413
"729",15,15996062,834,15996896,4384,16001280
"730",15,16002929,1183,16004112,4035,16008147
"731",15,16034613,800,16035413,4418,16039831
"732",15,16071930,950,16072880,4268,16077148
"733",15,16085647,2750,16088397,2468,16090865
"734",15,16120214,934,16121148,4284,16125432
"735",15,16161531,1101,16162632,4117,16166749
"736",16,8189951,2967,8192918,2251,8195169
"737",16,8204452,5533,8209985,1017,8211002
"738",16,8241602,3867,8245469,1351,8246820
"739",16,8257969,1650,8259619,3568,8263187
"740",16,8293170,8900,8302070,1017,8303087
"741",16,8314453,3851,8318304,1367,8319671
"742",16,8339487,3867,8343354,1351,8344705
"743",16,8364221,5917,8370138,1016,8371154
"744",16,8405355,2417,8407772,2801,8410573
"745",16,8476222,4384,8480606,1017,8481623
"746",16,8495239,2084,8497323,3134,8500457
"747",16,8552674,6000,8558674,1017,8559691
"748",16,8611774,4134,8615908,1084,8616992
"749",16,8649242,1933,8651175,3284,8654459
"750",16,8663225,2934,8666159,2284,8668443
"751",16,8687642,2584,8690226,2634,8692860
"752",16,8714593,2400,8716993,2818,8719811
"753",16,8795544,3800,8799344,1418,8800762
"754",16,8831144,1617,8832761,3601,8836362
"755",16,8873745,1233,8874978,3985,8878963
"756",16,8896129,4483,8900612,1017,8901629
"757",16,8910512,2684,8913196,2534,8915730
"758",16,8934046,4950,8938996,1017,8940013
"759",16,8948896,2834,8951730,2384,8954114
"760",16,8972663,2367,8975030,2851,8977881
"761",16,8998430,1434,8999864,3784,9003648
"762",16,9045781,1717,9047498,3501,9050999
"763",16,9067915,1950,9069865,3268,9073133
"764",16,9075631,1684,9077315,3534,9080849
"765",16,9124532,2350,9126882,2868,9129750
"766",16,9197733,1284,9199017,3934,9202951
"767",16,9276701,1200,9277901,4018,9281919
"768",16,9283751,4284,9288035,1016,9289051
"769",16,9348702,1467,9350169,3751,9353920
"770",16,9364186,4583,9368769,1017,9369786
"771",16,9372919,1650,9374569,3568,9378137
"772",16,9426770,2517,9429287,2701,9431988
"773",16,9438370,6034,9444404,1016,9445420
"774",16,9481021,4400,9485421,1017,9486438
"775",16,9533971,1617,9535588,3601,9539189
"776",16,9552372,4400,9556772,1017,9557789
"777",16,9585522,1817,9587339,3401,9590740
"778",16,9593806,1650,9595456,3568,9599024
"779",16,9601222,2617,9603839,2601,9606440
"780",16,9631206,4950,9636156,1017,9637173
"781",16,9682490,1134,9683624,4084,9687708
"782",16,9697174,1250,9698424,3968,9702392
"783",16,9739125,3550,9742675,1667,9744342
"784",16,9783842,1633,9785475,3585,9789060
"785",17,2449087,4866,2453953,1017,2454970
"786",17,2463503,2767,2466270,2451,2468721
"787",17,2492687,1800,2494487,3418,2497905
"788",17,2506387,2567,2508954,2651,2511605
"789",17,2534738,5067,2539805,1016,2540821
"790",17,2549404,3617,2553021,1601,2554622
"791",17,2570005,1500,2571505,3718,2575223
"792",17,2591305,1383,2592688,3835,2596523
"793",17,2625506,6833,2632339,1017,2633356
"794",17,2692090,1100,2693190,4118,2697308
"795",17,2705823,3234,2709057,1984,2711041
"796",17,2756691,1466,2758157,3752,2761909
"797",17,2807041,2817,2809858,2401,2812259
"798",17,2835792,2350,2838142,2868,2841010
"799",17,2849509,4183,2853692,1034,2854726
"800",17,2870076,1500,2871576,3717,2875293
"801",17,2890659,2850,2893509,2368,2895877
"802",17,2982594,6933,2989527,1017,2990544
"803",17,3020328,2233,3022561,2985,3025546
"804",17,3071128,8217,3079345,1017,3080362
"805",17,3095729,1950,3097679,3268,3100947
"806",17,3120079,2034,3122113,3184,3125297
"807",17,3140679,4701,3145380,1016,3146396
"808",17,3155213,2133,3157346,3085,3160431
"809",17,3178230,1817,3180047,3401,3183448
"810",17,3198780,6217,3204997,1017,3206014
"811",17,3252481,3084,3255565,2134,3257699
"812",17,3273048,2367,3275415,2851,3278266
"813",17,3279898,1550,3281448,3668,3285116
"814",17,3322832,1750,3324582,3468,3328050
"815",17,3388800,4333,3393133,1017,3394150
"816",17,3459217,2617,3461834,2601,3464435
"817",17,3466051,1567,3467618,3651,3471269
"818",17,3520251,1867,3522118,3351,3525469
"819",17,3534918,2934,3537852,2284,3540136
"820",17,3541768,3284,3545052,1934,3546986
"821",17,3594152,3801,3597953,1417,3599370
"822",17,3601003,1966,3602969,3252,3606221
"823",17,3636786,12001,3648787,1016,3649803
"824",17,3692687,2650,3695337,2568,3697905
"825",17,3707254,16084,3723338,1017,3724355
"826",17,3746538,2167,3748705,3051,3751756
"827",17,3753405,1217,3754622,4001,3758623
"828",17,3760272,2850,3763122,2368,3765490
"829",17,3791872,2217,3794089,3001,3797090
"830",17,3829989,3400,3833389,1818,3835207
"831",17,3843706,9517,3853223,1017,3854240
"832",17,3883440,1667,3885107,3551,3888658
"833",17,3929474,2000,3931474,3218,3934692
"834",18,13130338,1600,13131938,3618,13135556
"835",18,13144071,1217,13145288,4001,13149289
"836",18,13171455,1800,13173255,3418,13176673
"837",18,13185155,1400,13186555,3818,13190373
"838",18,13212789,1050,13213839,4168,13218007
"839",18,13226506,1017,13227523,4201,13231724
"840",18,13247090,1183,13248273,4035,13252308
"841",18,13267657,1600,13269257,3618,13272875
"842",18,13301990,1101,13303091,4118,13307209
"843",18,13366025,1366,13367391,3852,13371243
"844",18,13379741,1484,13381225,3735,13384960
"845",18,13429426,2016,13431442,3202,13434644
"846",18,13479276,1967,13481243,3251,13484494
"847",18,13507543,1184,13508727,4034,13512761
"848",18,13521277,1483,13522760,3735,13526495
"849",18,13543644,2133,13545777,3085,13548862
"850",18,13564544,1500,13566044,3718,13569762
"851",18,13645279,1383,13646662,3835,13650497
"852",18,13683096,1650,13684746,3568,13688314
"853",18,13724530,867,13725397,4351,13729748
"854",18,13745097,2100,13747197,3118,13750315
"855",18,13758797,1767,13760564,3451,13764015
"856",18,13780964,1484,13782448,3734,13786182
"857",18,13794664,1167,13795831,4051,13799882
"858",18,13816748,1083,13817831,4135,13821966
"859",18,13838648,2034,13840682,3184,13843866
"860",18,13880549,950,13881499,4268,13885767
"861",18,13902283,2083,13904366,3135,13907501
"862",18,13909133,2416,13911549,2802,13914351
"863",18,13953017,2483,13955500,2734,13958234
"864",18,14015818,1700,14017518,3517,14021035
"865",18,14080918,1084,14082002,4134,14086136
"866",18,14088035,1317,14089352,3901,14093253
"867",18,14136586,1750,14138336,3468,14141804
"868",18,14151536,1267,14152803,3951,14156754
"869",18,14159486,1500,14160986,3718,14164704
"870",18,14196303,1401,14197704,3817,14201521
"871",18,14205620,834,14206454,4384,14210838
"872",18,14240138,1516,14241654,3701,14245355
"873",18,14290522,1666,14292188,3551,14295739
"874",18,14305872,1150,14307022,4068,14311090
"875",18,14338639,1217,14339856,4001,14343857
"876",18,14345489,2034,14347523,3184,14350707
"877",18,14353039,1317,14354356,3901,14358257
"878",18,14381456,1017,14382473,4201,14386674
"879",18,14417690,1617,14419307,3601,14422908
"880",18,14432090,1767,14433857,3451,14437308
"881",18,14466357,1334,14467691,3884,14471575
"882",18,14508708,1284,14509992,3934,14513926
"883",19,16495837,2984,16498821,2234,16501055
"884",19,16509538,1566,16511104,3652,16514756
"885",19,16537755,1983,16539738,3235,16542973
"886",19,16551455,2617,16554072,2601,16556673
"887",19,16578872,4117,16582989,1101,16584090
"888",19,16592572,1617,16594189,3601,16597790
"889",19,16614656,1267,16615923,3951,16619874
"890",19,16635206,2534,16637740,2684,16640424
"891",19,16672940,2550,16675490,2668,16678158
"892",19,16736424,1884,16738308,3334,16741642
"893",19,16750141,1867,16752008,3351,16755359
"894",19,16800909,1750,16802659,3468,16806127
"895",19,16849543,1417,16850960,3801,16854761
"896",19,16876960,1800,16878760,3418,16882178
"897",19,16890627,1500,16892127,3718,16895845
"898",19,16912977,2867,16915844,2351,16918195
"899",19,16933544,1400,16934944,3818,16938762
"900",19,17010012,1700,17011712,3518,17015230
"901",19,17044546,1566,17046112,3652,17049764
"902",19,17085996,1200,17087196,4018,17091214
"903",19,17106763,1034,17107797,4184,17111981
"904",19,17121097,1900,17122997,3318,17126315
"905",19,17143580,1301,17144881,3917,17148798
"906",19,17157897,1767,17159664,3451,17163115
"907",19,17178498,2800,17181298,2417,17183715
"908",19,17200015,4717,17204732,1016,17205748
"909",19,17249815,3084,17252899,2134,17255033
"910",19,17271066,2050,17273116,3168,17276284
"911",19,17278516,1650,17280166,3568,17283734
"912",19,17322800,1617,17324417,3601,17328018
"913",19,17385517,1317,17386834,3901,17390735
"914",19,17447385,1217,17448602,4001,17452603
"915",19,17454218,1417,17455635,3801,17459436
"916",19,17502702,1001,17503703,4217,17507920
"917",19,17516386,1667,17518053,3551,17521604
"918",19,17523253,1283,17524536,3935,17528471
"919",19,17557653,1034,17558687,4184,17562871
"920",19,17564653,3351,17568004,1867,17569871
"921",19,17599171,1166,17600337,4052,17604389
"922",19,17649205,1233,17650438,3984,17654422
"923",19,17662971,1117,17664088,4101,17668189
"924",19,17690922,1017,17691939,4201,17696140
"925",19,17697789,1350,17699139,3868,17703007
"926",19,17704639,800,17705439,4418,17709857
"927",19,17732106,1233,17733339,3985,17737324
"928",19,17766706,1584,17768290,3634,17771924
"929",19,17780607,2850,17783457,2367,17785824
"930",19,17815891,1016,17816907,4202,17821109
"931",19,17858391,984,17859375,4234,17863609
"932",20,20518097,2601,20520698,2617,20523315
"933",20,20531848,2100,20533948,3118,20537066
"934",20,20559898,1650,20561548,3568,20565116
"935",20,20573815,2534,20576349,2684,20579033
"936",20,20601232,1333,20602565,3885,20606450
"937",20,20615682,2484,20618166,2734,20620900
"938",20,20636249,2367,20638616,2851,20641467
"939",20,20656799,3951,20660750,1267,20662017
"940",20,20691450,1450,20692900,3768,20696668
"941",20,20754401,2734,20757135,2484,20759619
"942",20,20768101,1850,20769951,3368,20773319
"943",20,20820569,2250,20822819,2968,20825787
"944",20,20868769,1467,20870236,3751,20873987
"945",20,20896203,3350,20899553,1868,20901421
"946",20,20909920,2167,20912087,3051,20915138
"947",20,20931220,1534,20932754,3684,20936438
"948",20,20951937,2467,20954404,2751,20957155
"949",20,21029888,2734,21032622,2484,21035106
"950",20,21065189,1134,21066323,4084,21070407
"951",20,21107506,1651,21109157,3567,21112724
"952",20,21128757,1783,21130540,3435,21133975
"953",20,21142440,2650,21145090,2568,21147658
"954",20,21164124,1833,21165957,3385,21169342
"955",20,21178891,1283,21180174,3935,21184109
"956",20,21200708,1433,21202141,3785,21205926
"957",20,21221641,1117,21222758,4101,21226859
"958",20,21264309,1433,21265742,3785,21269527
"959",20,21285726,817,21286543,4401,21290944
"960",20,21292759,1484,21294243,3734,21297977
"961",20,21335960,2117,21338077,3101,21341178
"962",20,21399061,5267,21404328,1016,21405344
"963",20,21467095,3117,21470212,2101,21472313
"964",20,21474195,1100,21475295,4118,21479413
"965",20,21528313,3367,21531680,1851,21533531
"966",20,21543096,1384,21544480,3834,21548314
"967",20,21549946,1017,21550963,4201,21555164
"968",20,21590280,851,21591131,4367,21595498
"969",20,21597130,2051,21599181,3167,21602348
"970",20,21631364,984,21632348,4234,21636582
"971",20,21681465,1950,21683415,3268,21686683
"972",20,21696915,1417,21698332,3801,21702133
"973",20,21725832,1217,21727049,4001,21731050
"974",20,21733649,1817,21735466,3401,21738867
"975",20,21740799,4867,21745666,1017,21746683
"976",20,21770416,951,21771367,4267,21775634
"977",20,21808050,1484,21809534,3734,21813268
"978",20,21821767,934,21822701,4284,21826985
"979",20,21856784,1034,21857818,4184,21862002
"980",20,21905385,4767,21910152,1017,21911169
"981",21,4171604,2184,4173788,3034,4176822
"982",21,4185321,2367,4187688,2851,4190539
"983",21,4214455,2567,4217022,2650,4219672
"984",21,4232572,1850,4234422,3368,4237790
"985",21,4260022,2567,4262589,2651,4265240
"986",21,4273706,1700,4275406,3517,4278923
"987",21,4294239,2134,4296373,3084,4299457
"988",21,4315156,2684,4317840,2534,4320374
"989",21,4349707,3300,4353007,1917,4354924
"990",21,4412241,2984,4415225,2234,4417459
"991",21,4425974,2184,4428158,3034,4431192
"992",21,4478692,3067,4481759,2151,4483910
"993",21,4526626,2233,4528859,2985,4531844
"994",21,4554276,1117,4555393,4101,4559494
"995",21,4568010,1550,4569560,3668,4573228
"996",21,4588560,2950,4591510,2268,4593778
"997",21,4609127,1734,4610861,3484,4614345
"998",21,4691028,2867,4693895,2351,4696246
"999",21,4734179,1717,4735896,3501,4739397
"1000",21,4779396,1267,4780663,3951,4784614
"1001",21,4808980,1250,4810230,3968,4814198
"1002",21,4822697,1283,4823980,3935,4827915
"1003",21,4843264,1400,4844664,3818,4848482
"1004",21,4857247,2217,4859464,3001,4862465
"1005",21,4878364,4684,4883048,1017,4884065
"1006",21,4899681,2400,4902081,2818,4904899
"1007",21,4941298,3751,4945049,1468,4946517
"1008",21,4961882,2134,4964016,3084,4967100
"1009",21,4968732,1634,4970366,3584,4973950
"1010",21,5011033,1417,5012450,3801,5016251
"1011",21,5081550,1301,5082851,3917,5086768
"1012",21,5143568,2567,5146135,2651,5148786
"1013",21,5150918,1984,5152902,3234,5156136
"1014",21,5200019,1384,5201403,3834,5205237
"1015",21,5213736,2183,5215919,3035,5218954
"1016",21,5220602,1268,5221870,3950,5225820
"1017",21,5254986,1350,5256336,3868,5260204
"1018",21,5262736,1451,5264187,3767,5267954
"1019",21,5297037,1200,5298237,4018,5302255
"1020",21,5347021,1617,5348638,3601,5352239
"1021",21,5360705,1600,5362305,3617,5365922
"1022",21,5388088,2367,5390455,2851,5393306
"1023",21,5394938,1301,5396239,3917,5400156
"1024",21,5401772,1900,5403672,3318,5406990
"1025",21,5430106,1333,5431439,3885,5435324
"1026",21,5464439,3301,5467740,1917,5469657
"1027",21,5478156,2317,5480473,2901,5483374
"1028",21,5512440,3150,5515590,2068,5517658
"1029",21,5554724,1250,5555974,3968,5559942
"1030",22,11698895,3001,11701896,2217,11704113
"1031",22,11717029,4984,11722013,1016,11723029
"1032",22,11746346,5517,11751863,1017,11752880
"1033",22,11761380,2700,11764080,2518,11766598
"1034",22,11792913,2417,11795330,2801,11798131
"1035",22,11806780,2451,11809231,2767,11811998
"1036",22,11828514,2434,11830948,2784,11833732
"1037",22,11852931,3934,11856865,1284,11858149
"1038",22,11891465,1567,11893032,3651,11896683
"1039",22,11955949,1600,11957549,3618,11961167
"1040",22,11969716,1384,11971100,3834,11974934
"1041",22,12018300,1700,12020000,3518,12023518
"1042",22,12068684,7750,12076434,1017,12077451
"1043",22,12102135,1750,12103885,3468,12107353
"1044",22,12116918,1217,12118135,4001,12122136
"1045",22,12140152,1100,12141252,4118,12145370
"1046",22,12162686,1183,12163869,4035,12167904
"1047",22,12240670,3917,12244587,1301,12245888
"1048",22,12276854,3034,12279888,2184,12282072
"1049",22,12319871,1750,12321621,3468,12325089
"1050",22,12343922,1333,12345255,3885,12349140
"1051",22,12358038,3484,12361522,1734,12363256
"1052",22,12382239,1583,12383822,3635,12387457
"1053",22,12396089,750,12396839,4468,12401307
"1054",22,12417823,1367,12419190,3851,12423041
"1055",22,12439290,1850,12441140,3368,12444508
"1056",22,12481374,1666,12483040,3552,12486592
"1057",22,12504657,1634,12506291,3584,12509875
"1058",22,12511524,1317,12512841,3901,12516742
"1059",22,12554675,3400,12558075,1818,12559893
"1060",22,12618559,967,12619526,4251,12623777
"1061",22,12682560,1484,12684044,3734,12687778
"1062",22,12689427,1617,12691044,3601,12694645
"1063",22,12738444,1200,12739644,4018,12743662
"1064",22,12752344,1451,12753795,3767,12757562
"1065",22,12759194,2051,12761245,3167,12764412
"1066",22,12801329,1016,12802345,4201,12806546
"1067",22,12808179,5416,12813595,1017,12814612
"1068",22,12847129,3267,12850396,1951,12852347
"1069",22,12895913,967,12896880,4251,12901131
"1070",22,12909813,3601,12913414,1617,12915031
"1071",22,12937697,2000,12939697,3218,12942915
"1072",22,12944564,4134,12948698,1084,12949782
"1073",22,12951431,1717,12953148,3501,12956649
"1074",22,12980048,1850,12981898,3368,12985266
"1075",22,13017665,850,13018515,4368,13022883
"1076",22,13031415,1500,13032915,3718,13036633
"1077",22,13067899,3551,13071450,1667,13073117
"1078",22,13112250,4333,13116583,1017,13117600
"1079",23,14925944,2367,14928311,2851,14931162
"1080",23,14940544,1517,14942061,3701,14945762
"1081",23,14968928,1583,14970511,3634,14974145
"1082",23,14982661,1301,14983962,3917,14987879
"1083",23,15010478,917,15011395,4301,15015696
"1084",23,15024178,4934,15029112,1017,15030129
"1085",23,15045662,1250,15046912,3968,15050880
"1086",23,15066263,1066,15067329,4151,15071480
"1087",23,15100813,1434,15102247,3784,15106031
"1088",23,15162914,733,15163647,4485,15168132
"1089",23,15176781,1817,15178598,3401,15181999
"1090",23,15225582,1100,15226682,4117,15230799
"1091",23,15273532,984,15274516,4234,15278750
"1092",23,15301216,1383,15302599,3835,15306434
"1093",23,15315133,1250,15316383,3968,15320351
"1094",23,15335717,966,15336683,4252,15340935
"1095",23,15356267,1150,15357417,4068,15361485
"1096",23,15432418,1367,15433785,3851,15437636
"1097",23,15468019,1816,15469835,3402,15473237
"1098",23,15510036,4100,15514136,1118,15515254
"1099",23,15530753,1700,15532453,3518,15535971
"1100",23,15544570,1017,15545587,4201,15549788
"1101",23,15565137,1983,15567120,3235,15570355
"1102",23,15578837,1317,15580154,3901,15584055
"1103",23,15599371,2166,15601537,3051,15604588
"1104",23,15619937,634,15620571,4584,15625155
"1105",23,15661805,1250,15663055,3968,15667023
"1106",23,15682822,2217,15685039,3001,15688040
"1107",23,15689922,817,15690739,4401,15695140
"1108",23,15731489,2334,15733823,2884,15736707
"1109",23,15794724,1600,15796324,3618,15799942
"1110",23,15856658,1317,15857975,3901,15861876
"1111",23,15863525,1083,15864608,4134,15868742
"1112",23,15912592,850,15913442,4368,15917810
"1113",23,15926742,967,15927709,4251,15931960
"1114",23,15934359,1617,15935976,3601,15939577
"1115",23,15970293,933,15971226,4285,15975511
"1116",23,15977126,850,15977976,4368,15982344
"1117",23,16011427,1300,16012727,3918,16016645
"1118",23,16059411,1117,16060528,4101,16064629
"1119",23,16073111,650,16073761,4568,16078329
"1120",23,16102695,2300,16104995,2918,16107913
"1121",23,16109562,1250,16110812,3968,16114780
"1122",23,16116428,1101,16117529,4117,16121646
"1123",23,16146112,767,16146879,4451,16151330
"1124",23,16181163,1200,16182363,4017,16186380
"1125",23,16195113,1634,16196747,3584,16200331
"1126",23,16229313,834,16230147,4384,16234531
"1127",23,16270481,1133,16271614,4085,16275699
"1128",24,18862303,2601,18864904,2617,18867521
"1129",24,18876020,1550,18877570,3668,18881238
"1130",24,18904587,3050,18907637,2168,18909805
"1131",24,18918321,3533,18921854,1684,18923538
"1132",24,18945738,2967,18948705,2251,18950956
"1133",24,18959471,3200,18962671,2018,18964689
"1134",24,18980055,1867,18981922,3351,18985273
"1135",24,19000605,2600,19003205,2618,19005823
"1136",24,19037639,1684,19039323,3534,19042857
"1137",24,19100807,4983,19105790,1017,19106807
"1138",24,19116257,3917,19120174,1301,19121475
"1139",24,19170158,1733,19171891,3485,19175376
"1140",24,19220175,3967,19224142,1251,19225393
"1141",24,19247976,2983,19250959,2234,19253193
"1142",24,19262159,5434,19267593,1017,19268610
"1143",24,19284026,1367,19285393,3851,19289244
"1144",24,19304710,4383,19309093,1017,19310110
"1145",24,19383444,1451,19384895,3767,19388662
"1146",24,19418062,4683,19422745,1017,19423762
"1147",24,19461579,3834,19465413,1384,19466797
"1148",24,19482363,1466,19483829,3751,19487580
"1149",24,19496263,4583,19500846,1017,19501863
"1150",24,19519513,1651,19521164,3567,19524731
"1151",24,19533380,3884,19537264,1334,19538598
"1152",24,19554230,3167,19557397,2051,19559448
"1153",24,19574797,2250,19577047,2968,19580015
"1154",24,19617481,5151,19622632,1016,19623648
"1155",24,19640448,2117,19642565,3101,19645666
"1156",24,19647398,2101,19649499,3117,19652616
"1157",24,19695016,2533,19697549,2685,19700234
"1158",24,19763200,4750,19767950,1017,19768967
"1159",24,19829335,1666,19831001,3551,19834552
"1160",24,19836201,2901,19839102,2317,19841419
"1161",24,19889935,1634,19891569,3584,19895153
"1162",24,19903636,3317,19906953,1901,19908854
"1163",24,19910486,1250,19911736,3968,19915704
"1164",24,19944770,8017,19952787,1016,19953803
"1165",24,19955436,4034,19959470,1184,19960654
"1166",24,19989887,2050,19991937,3168,19995105
"1167",24,20042404,2417,20044821,2801,20047622
"1168",24,20057338,3050,20060388,2168,20062556
"1169",24,20088405,2384,20090789,2834,20093623
"1170",24,20095255,1300,20096555,3918,20100473
"1171",24,20102239,1367,20103606,3851,20107457
"1172",24,20136623,1883,20138506,3334,20141840
"1173",24,20176673,1667,20178340,3551,20181891
"1174",24,20191207,1617,20192824,3601,20196425
"1175",24,20226557,1234,20227791,3984,20231775
"1176",24,20270091,1051,20271142,4167,20275309
"1177",25,22761963,2617,22764580,2601,22767181
"1178",25,22775663,1400,22777063,3818,22780881
"1179",25,22803664,1666,22805330,3551,22808881
"1180",25,22817630,3267,22820897,1951,22822848
"1181",25,22847014,3184,22850198,2034,22852232
"1182",25,22860998,4667,22865665,1016,22866681
"1183",25,22882298,4217,22886515,1017,22887532
"1184",25,22903115,2550,22905665,2668,22908333
"1185",25,22937549,2350,22939899,2868,22942767
"1186",25,23001067,5850,23006917,1017,23007934
"1187",25,23016667,2217,23018884,3001,23021885
"1188",25,23066168,3900,23070068,1318,23071386
"1189",25,23116385,2334,23118719,2884,23121603
"1190",25,23154186,2617,23156803,2600,23159403
"1191",25,23168852,3151,23172003,2067,23174070
"1192",25,23192270,1950,23194220,3267,23197487
"1193",25,23214370,1667,23216037,3551,23219588
"1194",25,23295671,1600,23297271,3618,23300889
"1195",25,23335355,2067,23337422,3151,23340573
"1196",25,23384889,8501,23393390,1016,23394406
"1197",25,23410723,2767,23413490,2451,23415941
"1198",25,23425790,1983,23427773,3235,23431008
"1199",25,23449990,3700,23453690,1518,23455208
"1200",25,23464040,3417,23467457,1801,23469258
"1201",25,23486774,2300,23489074,2918,23491992
"1202",25,23509841,6617,23516458,1017,23517475
"1203",25,23557759,2200,23559959,3017,23562976
"1204",25,23579326,1133,23580459,4084,23584543
"1205",25,23586459,1583,23588042,3635,23591677
"1206",25,23629326,2167,23631493,3051,23634544
"1207",25,23696694,6150,23702844,1017,23703861
"1208",25,23766112,1683,23767795,3535,23771330
"1209",25,23773095,1267,23774362,3951,23778313
"1210",25,23821763,4917,23826680,1016,23827696
"1211",25,23836196,1834,23838030,3384,23841414
"1212",25,23843063,4133,23847196,1085,23848281
"1213",25,23880897,1533,23882430,3685,23886115
"1214",25,23887930,1667,23889597,3551,23893148
"1215",25,23923098,1800,23924898,3417,23928315
"1216",25,23979832,1317,23981149,3901,23985050
"1217",25,23993815,1717,23995532,3501,23999033
"1218",25,24024782,1301,24026083,3917,24030000
"1219",25,24032133,1933,24034066,3285,24037351
"1220",25,24038999,9317,24048316,1017,24049333
"1221",25,24072200,1517,24073717,3701,24077418
"1222",25,24111400,1901,24113301,3317,24116618
"1223",25,24125584,1367,24126951,3851,24130802
"1224",25,24161018,2484,24163502,2734,24166236
"1225",25,24203068,1551,24204619,3667,24208286
"1226",26,4305737,3450,4309187,1768,4310955
"1227",26,4319571,1533,4321104,3685,4324789
"1228",26,4347988,1567,4349555,3651,4353206
"1229",26,4361721,1950,4363671,3268,4366939
"1230",26,4392888,1351,4394239,3867,4398106
"1231",26,4407472,3467,4410939,1751,4412690
"1232",26,4428322,2467,4430789,2751,4433540
"1233",26,4449206,4783,4453989,1017,4455006
"1234",26,4484090,1216,4485306,4001,4489307
"1235",26,4546474,2183,4548657,3035,4551692
"1236",26,4560974,4617,4565591,1017,4566608
"1237",26,4610108,2867,4612975,2351,4615326
"1238",26,4660492,2950,4663442,2268,4665710
"1239",26,4687876,1500,4689376,3718,4693094
"1240",26,4701592,1217,4702809,4001,4706810
"1241",26,4724076,900,4724976,4318,4729294
"1242",26,4745210,1767,4746977,3451,4750428
"1243",26,4821327,1851,4823178,3367,4826545
"1244",26,4863161,4034,4867195,1184,4868379
"1245",26,4908729,1267,4909996,3951,4913947
"1246",26,4931929,4167,4936096,1051,4937147
"1247",26,4947662,1534,4949196,3685,4952881
"1248",26,4968829,2567,4971396,2651,4974047
"1249",26,4982513,1667,4984180,3551,4987731
"1250",26,5003113,934,5004047,4284,5008331
"1251",26,5024197,1183,5025380,4035,5029415
"1252",26,5066697,1584,5068281,3634,5071915
"1253",26,5087248,1683,5088931,3535,5092466
"1254",26,5094615,1367,5095982,3850,5099832
"1255",26,5136715,1650,5138365,3568,5141933
"1256",26,5202433,1150,5203583,4068,5207651
"1257",26,5268384,1617,5270001,3601,5273602
"1258",26,5275234,5150,5280384,1017,5281401
"1259",26,5325184,2501,5327685,2717,5330402
"1260",26,5338901,1084,5339985,4134,5344119
"1261",26,5345768,2584,5348352,2634,5350986
"1262",26,5380668,1584,5382252,3634,5385886
"1263",26,5387535,5201,5392736,1016,5393752
"1264",26,5423769,1517,5425286,3701,5428987
"1265",26,5472403,2134,5474537,3084,5477621
"1266",26,5486137,1783,5487920,3435,5491355
"1267",26,5513737,1200,5514937,4018,5518955
"1268",26,5520570,3151,5523721,2067,5525788
"1269",26,5527437,1350,5528787,3868,5532655
"1270",26,5554888,2133,5557021,3085,5560106
"1271",26,5589755,1333,5591088,3885,5594973
"1272",26,5603455,1550,5605005,3668,5608673
"1273",26,5637755,1751,5639506,3467,5642973
"1274",26,5678973,1533,5680506,3685,5684191
"1275",27,7664134,1333,7665467,3885,7669352
"1276",27,7680234,2133,7682367,3085,7685452
"1277",27,7708234,984,7709218,4234,7713452
"1278",27,7721935,1650,7723585,3567,7727152
"1279",27,7751352,1416,7752768,3801,7756569
"1280",27,7766385,1750,7768135,3468,7771603
"1281",27,7786952,1817,7788769,3401,7792170
"1282",27,7807536,1717,7809253,3501,7812754
"1283",27,7841920,950,7842870,4267,7847137
"1284",27,7912120,1667,7913787,3551,7917338
"1285",27,7925821,1417,7927238,3801,7931039
"1286",27,7974505,1100,7975605,4118,7979723
"1287",27,8024305,3051,8027356,2167,8029523
"1288",27,8054673,1100,8055773,4118,8059891
"1289",27,8068373,1233,8069606,3985,8073591
"1290",27,8088940,1717,8090657,3501,8094158
"1291",27,8110557,1266,8111823,3952,8115775
"1292",27,8189374,1251,8190625,3967,8194592
"1293",27,8225958,2434,8228392,2784,8231176
"1294",27,8268826,1100,8269926,4117,8274043
"1295",27,8289359,1034,8290393,4184,8294577
"1296",27,8304159,2634,8306793,2584,8309377
"1297",27,8324743,1100,8325843,4118,8329961
"1298",27,8338443,2051,8340494,3167,8343661
"1299",27,8360694,1650,8362344,3567,8365911
"1300",27,8383994,3033,8387027,2185,8389212
"1301",27,8429928,1467,8431395,3751,8435146
"1302",27,8450478,1567,8452045,3651,8455696
"1303",27,8457362,2483,8459845,2734,8462579
"1304",27,8504929,800,8505729,4418,8510147
"1305",27,8568097,1083,8569180,4135,8573315
"1306",27,8632881,1533,8634414,3685,8638099
"1307",27,8639881,1817,8641698,3401,8645099
"1308",27,8690232,1867,8692099,3350,8695449
"1309",27,8704015,1334,8705349,3884,8709233
"1310",27,8710865,1534,8712399,3684,8716083
"1311",27,8747582,1834,8749416,3384,8752800
"1312",27,8754433,1733,8756166,3484,8759650
"1313",27,8789883,3784,8793667,1434,8795101
"1314",27,8842600,784,8843384,4434,8847818
"1315",27,8856317,1100,8857417,4118,8861535
"1316",27,8883768,817,8884585,4401,8888986
"1317",27,8890618,1983,8892601,3235,8895836
"1318",27,8897501,1484,8898985,3734,8902719
"1319",27,8924952,2066,8927018,3152,8930170
"1320",27,8962719,1417,8964136,3801,8967937
"1321",27,8977202,1101,8978303,4117,8982420
"1322",27,9014336,1134,9015470,4084,9019554
"1323",27,9059687,1117,9060804,4101,9064905
"1324",28,11122300,1400,11123700,3818,11127518
"1325",28,11136033,1384,11137417,3834,11141251
"1326",28,11163517,3834,11167351,1384,11168735
"1327",28,11177784,2283,11180067,2935,11183002
"1328",28,11205601,1684,11207285,3534,11210819
"1329",28,11219318,2850,11222168,2368,11224536
"1330",28,11241935,2417,11244352,2801,11247153
"1331",28,11262552,2267,11264819,2951,11267770
"1332",28,11297486,1616,11299102,3602,11302704
"1333",28,11366587,6766,11373353,1017,11374370
"1334",28,11383570,7917,11391487,1017,11392504
"1335",28,11439321,1417,11440738,3801,11444539
"1336",28,11488255,1983,11490238,3235,11493473
"1337",28,11518005,4451,11522456,1016,11523472
"1338",28,11533389,1484,11534873,3734,11538607
"1339",28,11553956,2567,11556523,2651,11559174
"1340",28,11576473,3634,11580107,1584,11581691
"1341",28,11658974,3167,11662141,2051,11664192
"1342",28,11693858,1600,11695458,3618,11699076
"1343",28,11739259,2817,11742076,2401,11744477
"1344",28,11760342,2467,11762809,2751,11765560
"1345",28,11774093,3050,11777143,2167,11779310
"1346",28,11795026,3950,11798976,1268,11800244
"1347",28,11808860,2167,11811027,3051,11814078
"1348",28,11829827,5550,11835377,1017,11836394
"1349",28,11852194,1717,11853911,3501,11857412
"1350",28,11893861,4550,11898411,1017,11899428
"1351",28,11915278,3333,11918611,1885,11920496
"1352",28,11922111,2101,11924212,3117,11927329
"1353",28,11965295,2701,11967996,2517,11970513
"1354",28,12027846,4834,12032680,1017,12033697
"1355",28,12093064,1550,12094614,3668,12098282
"1356",28,12099897,1584,12101481,3634,12105115
"1357",28,12150365,3333,12153698,1885,12155583
"1358",28,12164048,2217,12166265,3001,12169266
"1359",28,12170898,1234,12172132,3984,12176116
"1360",28,12207082,1234,12208316,3984,12212300
"1361",28,12213949,3183,12217132,2035,12219167
"1362",28,12248416,3000,12251416,2218,12253634
"1363",28,12296383,1851,12298234,3367,12301601
"1364",28,12310200,4817,12315017,1017,12316034
"1365",28,12338784,3134,12341918,2084,12344002
"1366",28,12345634,2567,12348201,2651,12350852
"1367",28,12352468,4333,12356801,1017,12357818
"1368",28,12380268,5134,12385402,1016,12386418
"1369",28,12416118,3684,12419802,1534,12421336
"1370",28,12429852,2017,12431869,3201,12435070
"1371",28,12465753,1783,12467536,3435,12470971
"1372",28,12507436,5051,12512487,1016,12513503
"1373",29,15363744,1300,15365044,3918,15368962
"1374",29,15377461,767,15378228,4451,15382679
"1375",29,15405861,884,15406745,4334,15411079
"1376",29,15419762,1850,15421612,3367,15424979
"1377",29,15447512,1133,15448645,4085,15452730
"1378",29,15461979,1400,15463379,3818,15467197
"1379",29,15482913,1250,15484163,3967,15488130
"1380",29,15504513,1367,15505880,3851,15509731
"1381",29,15539347,1216,15540563,4002,15544565
"1382",29,15603414,984,15604398,4234,15608632
"1383",29,15618214,3667,15621881,1552,15623433
"1384",29,15670315,1950,15672265,3268,15675533
"1385",29,15719966,850,15720816,4368,15725184
"1386",29,15748766,1234,15750000,3984,15753984
"1387",29,15763350,800,15764150,4418,15768568
"1388",29,15785417,1583,15787000,3635,15790635
"1389",29,15807151,1066,15808217,4151,15812368
"1390",29,15886485,1300,15887785,3918,15891703
"1391",29,15923336,1050,15924386,4167,15928553
"1392",29,15969903,1217,15971120,4001,15975121
"1393",29,15991670,1050,15992720,4168,15996888
"1394",29,16005387,1183,16006570,4035,16010605
"1395",29,16026604,1566,16028170,3652,16031822
"1396",29,16040304,983,16041287,4235,16045522
"1397",29,16061788,1316,16063104,3902,16067006
"1398",29,16082521,1534,16084055,3684,16087739
"1399",29,16131572,1650,16133222,3568,16136790
"1400",29,16153222,1484,16154706,3734,16158440
"1401",29,16160639,1500,16162139,3718,16165857
"1402",29,16204490,1767,16206257,3451,16209708
"1403",29,16268491,1667,16270158,3550,16273708
"1404",29,16334108,1184,16335292,4034,16339326
"1405",29,16341692,1233,16342925,3985,16346910
"1406",29,16392276,1183,16393459,4035,16397494
"1407",29,16407276,1333,16408609,3885,16412494
"1408",29,16414126,934,16415060,4284,16419344
"1409",29,16449777,1333,16451110,3884,16454994
"1410",29,16456793,1067,16457860,4151,16462011
"1411",29,16492210,1134,16493344,4084,16497428
"1412",29,16543028,1450,16544478,3768,16548246
"1413",29,16557178,1500,16558678,3718,16562396
"1414",29,16584878,767,16585645,4451,16590096
"1415",29,16592129,1383,16593512,3835,16597347
"1416",29,16599745,1451,16601196,3767,16604963
"1417",29,16641013,1433,16642446,3785,16646231
"1418",29,16679780,1600,16681380,3618,16684998
"1419",29,16694114,1516,16695630,3701,16699331
"1420",29,16730281,1233,16731514,3985,16735499
"1421",29,16773998,1533,16775531,3685,16779216
"1422",30,19276568,3550,19280118,1668,19281786
"1423",30,19290251,1417,19291668,3801,19295469
"1424",30,19319185,3667,19322852,1551,19324403
"1425",30,19335052,2900,19337952,2318,19340270
"1426",30,19363802,4484,19368286,1017,19369303
"1427",30,19378003,3233,19381236,1985,19383221
"1428",30,19399820,3817,19403637,1401,19405038
"1429",30,19427637,8250,19435887,1017,19436904
"1430",30,19469771,1383,19471154,3835,19474989
"1431",30,19559672,2484,19562156,2734,19564890
"1432",30,19583989,1767,19585756,3451,19589207
"1433",30,19644373,1650,19646023,3568,19649591
"1434",30,19701624,1067,19702691,4151,19706842
"1435",30,19748391,2951,19751342,2267,19753609
"1436",30,19762392,3983,19766375,1235,19767610
"1437",30,19787642,1500,19789142,3718,19792860
"1438",30,19809642,5384,19815026,1017,19816043
"1439",30,19926377,1667,19928044,3551,19931595
"1440",30,19970111,1801,19971912,3417,19975329
"1441",30,20041596,2983,20044579,2235,20046814
"1442",30,20091763,1850,20093613,3368,20096981
"1443",30,20118797,1450,20120247,3768,20124015
"1444",30,20271349,2267,20273616,2951,20276567
"1445",30,20285066,1917,20286983,3301,20290284
"1446",30,20307816,1751,20309567,3467,20313034
"1447",30,20330033,2884,20332917,2334,20335251
"1448",30,20372484,750,20373234,4468,20377702
"1449",30,20399368,1917,20401285,3301,20404586
"1450",30,20406468,1117,20407585,4101,20411686
"1451",30,20448902,1067,20449969,4151,20454120
"1452",30,20514253,1033,20515286,4185,20519471
"1453",30,20578187,1134,20579321,4084,20583405
"1454",30,20585054,2117,20587171,3101,20590272
"1455",30,20636421,1550,20637971,3668,20641639
"1456",30,20654155,1283,20655438,3935,20659373
"1457",30,20664372,2467,20666839,2751,20669590
"1458",30,20708389,1467,20709856,3751,20713607
"1459",30,20715456,1850,20717306,3368,20720674
"1460",30,20752440,2150,20754590,3068,20757658
"1461",30,20803207,2467,20805674,2751,20808425
"1462",30,20817357,1751,20819108,3467,20822575
"1463",30,20846308,1817,20848125,3401,20851526
"1464",30,20853158,1133,20854291,4085,20858376
"1465",30,20860025,916,20860941,4302,20865243
"1466",30,20897142,1317,20898459,3901,20902360
"1467",30,20936492,1034,20937526,4184,20941710
"1468",30,20950193,2516,20952709,2702,20955411
"1469",30,20985960,950,20986910,4268,20991178
"1470",30,21031161,1216,21032377,4001,21036378
"1471",31,2123455,1834,2125289,3384,2128673
"1472",31,2137172,2017,2139189,3201,2142390
"1473",31,2165223,2100,2167323,3117,2170440
"1474",31,2178923,1850,2180773,3368,2184141
"1475",31,2207773,1500,2209273,3718,2212991
"1476",31,2221590,1667,2223257,3551,2226808
"1477",31,2243474,1533,2245007,3685,2248692
"1478",31,2264107,1651,2265758,3567,2269325
"1479",31,2301258,3733,2304991,1485,2306476
"1480",31,2366642,1284,2367926,3934,2371860
"1481",31,2381292,1784,2383076,3434,2386510
"1482",31,2432776,1284,2434060,3934,2437994
"1483",31,2483544,2533,2486077,2685,2488762
"1484",31,2513994,1234,2515228,3984,2519212
"1485",31,2528878,883,2529761,4335,2534096
"1486",31,2551028,1817,2552845,3401,2556246
"1487",31,2573345,1267,2574612,3951,2578563
"1488",31,2658813,3433,2662246,1785,2664031
"1489",31,2695913,1767,2697680,3451,2701131
"1490",31,2739481,1250,2740731,3967,2744698
"1491",31,2760764,1567,2762331,3651,2765982
"1492",31,2775098,1700,2776798,3518,2780316
"1493",31,2796281,1717,2797998,3501,2801499
"1494",31,2810532,2850,2813382,2367,2815749
"1495",31,2832999,1600,2834599,3617,2838216
"1496",31,2854532,1384,2855916,3834,2859750
"1497",31,2898549,3417,2901966,1801,2903767
"1498",31,2919950,1550,2921500,3668,2925168
"1499",31,2927433,2184,2929617,3034,2932651
"1500",31,2971534,2500,2974034,2718,2976752
"1501",31,3036168,2634,3038802,2584,3041386
"1502",31,3100786,2633,3103419,2585,3106004
"1503",31,3110136,2383,3112519,2835,3115354
"1504",31,3161453,2734,3164187,2484,3166671
"1505",31,3175170,3434,3178604,1784,3180388
"1506",31,3182020,1500,3183520,3718,3187238
"1507",31,3217821,1333,3219154,3885,3223039
"1508",31,3225287,1101,3226388,4117,3230505
"1509",31,3260055,3433,3263488,1785,3265273
"1510",31,3311222,1150,3312372,4068,3316440
"1511",31,3325555,1301,3326856,3917,3330773
"1512",31,3354606,1450,3356056,3768,3359824
"1513",31,3361473,1250,3362723,3968,3366691
"1514",31,3368323,1317,3369640,3901,3373541
"1515",31,3399123,2834,3401957,2384,3404341
"1516",31,3437741,1233,3438974,3984,3442958
"1517",31,3451457,1367,3452824,3851,3456675
"1518",31,3495625,1283,3496908,3935,3500843
"1519",31,3541292,1250,3542542,3968,3546510
"1520",32,5045330,2134,5047464,3084,5050548
"1521",32,5059014,1383,5060397,3835,5064232
"1522",32,5086748,983,5087731,4235,5091966
"1523",32,5100648,1167,5101815,4051,5105866
"1524",32,5130382,1566,5131948,3652,5135600
"1525",32,5146332,6667,5152999,1016,5154015
"1526",32,5170315,8084,5178399,1017,5179416
"1527",32,5195332,1251,5196583,3967,5200550
"1528",32,5231016,3651,5234667,1567,5236234
"1529",32,5295801,1683,5297484,3535,5301019
"1530",32,5309784,1534,5311318,3684,5315002
"1531",32,5360735,2050,5362785,3168,5365953
"1532",32,5409636,1766,5411402,3452,5414854
"1533",32,5437019,1817,5438836,3401,5442237
"1534",32,5450753,1417,5452170,3801,5455971
"1535",32,5471503,1500,5473003,3718,5476721
"1536",32,5493520,1884,5495404,3334,5498738
"1537",32,5569805,1050,5570855,4168,5575023
"1538",32,5609039,200,5609239,5018,5614257
"1539",32,5651239,1800,5653039,3418,5656457
"1540",32,5672123,4183,5676306,1035,5677341
"1541",32,5686240,983,5687223,4235,5691458
"1542",32,5706840,1234,5708074,3984,5712058
"1543",32,5720557,1717,5722274,3501,5725775
"1544",32,5741141,1000,5742141,4218,5746359
"1545",32,5762907,984,5763891,4234,5768125
"1546",32,5805258,817,5806075,4401,5810476
"1547",32,5827775,1234,5829009,3984,5832993
"1548",32,5835375,2050,5837425,3168,5840593
"1549",32,5877493,2316,5879809,2901,5882710
"1550",32,5941577,3400,5944977,1818,5946795
"1551",32,6004011,767,6004778,4451,6009229
"1552",32,6010878,1767,6012645,3451,6016096
"1553",32,6062562,2317,6064879,2901,6067780
"1554",32,6076262,1634,6077896,3584,6081480
"1555",32,6083979,2700,6086679,2518,6089197
"1556",32,6122413,1417,6123830,3801,6127631
"1557",32,6129263,1283,6130546,3935,6134481
"1558",32,6166363,1701,6168064,3517,6171581
"1559",32,6215914,2050,6217964,3168,6221132
"1560",32,6229898,6733,6236631,1017,6237648
"1561",32,6262865,1500,6264365,3718,6268083
"1562",32,6269715,1417,6271132,3801,6274933
"1563",32,6276582,2100,6278682,3118,6281800
"1564",32,6304682,1250,6305932,3968,6309900
"1565",32,6342716,2084,6344800,3134,6347934
"1566",32,6356700,1783,6358483,3435,6361918
"1567",32,6392567,1633,6394200,3585,6397785
"1568",32,6436034,833,6436867,4385,6441252
"1569",33,18724013,2817,18726830,2401,18729231
"1570",33,18739247,1400,18740647,3818,18744465
"1571",33,18767714,1133,18768847,4085,18772932
"1572",33,18783098,2766,18785864,2451,18788315
"1573",33,18818981,1867,18820848,3351,18824199
"1574",33,18838181,2018,18840199,3200,18843399
"1575",33,18864449,2850,18867299,2368,18869667
"1576",33,18887732,7067,18894799,1017,18895816
"1577",33,18930716,1367,18932083,3851,18935934
"1578",33,19006101,1750,19007851,3468,19011319
"1579",33,19023034,1201,19024235,4017,19028252
"1580",33,19074002,3567,19077569,1651,19079220
"1581",33,19127769,3117,19130886,2101,19132987
"1582",33,19158136,1267,19159403,3951,19163354
"1583",33,19173136,2017,19175153,3201,19178354
"1584",33,19197870,1234,19199104,3984,19203088
"1585",33,19220204,2150,19222354,3068,19225422
"1586",33,19303438,1867,19305305,3351,19308656
"1587",33,19340456,1900,19342356,3318,19345674
"1588",33,19385473,2083,19387556,3135,19390691
"1589",33,19407973,1567,19409540,3651,19413191
"1590",33,19423290,1850,19425140,3368,19428508
"1591",33,19445807,867,19446674,4351,19451025
"1592",33,19460774,1950,19462724,3268,19465992
"1593",33,19486691,3100,19489791,2118,19491909
"1594",33,19509808,1667,19511475,3551,19515026
"1595",33,19555659,2033,19557692,3185,19560877
"1596",33,19578192,2551,19580743,2667,19583410
"1597",33,19585859,1100,19586959,4118,19591077
"1598",33,19634743,3384,19638127,1834,19639961
"1599",33,19702611,1733,19704344,3485,19707829
"1600",33,19772362,1017,19773379,4201,19777580
"1601",33,19781512,2284,19783796,2934,19786730
"1602",33,19833196,1717,19834913,3501,19838414
"1603",33,19848863,1867,19850730,3351,19854081
"1604",33,19856963,2334,19859297,2884,19862181
"1605",33,19895347,1350,19896697,3868,19900565
"1606",33,19904097,1150,19905247,4068,19909315
"1607",33,19946165,1833,19947998,3384,19951382
"1608",33,20004182,1234,20005416,3984,20009400
"1609",33,20020099,3017,20023116,2201,20025317
"1610",33,20053249,1667,20054916,3551,20058467
"1611",33,20062683,2300,20064983,2918,20067901
"1612",33,20070366,1684,20072050,3534,20075584
"1613",33,20102867,1033,20103900,4185,20108085
"1614",33,20143718,1916,20145634,3301,20148935
"1615",33,20158651,1517,20160168,3701,20163869
"1616",33,20201201,1501,20202702,3718,20206420
"1617",33,20257619,2317,20259936,2901,20262837
"1618",34,22208214,1251,22209465,3967,22213432
"1619",34,22223798,1900,22225698,3318,22229016
"1620",34,22251215,1167,22252382,4051,22256433
"1621",34,22264949,1966,22266915,3252,22270167
"1622",34,22292332,1234,22293566,3984,22297550
"1623",34,22306066,1033,22307099,4185,22311284
"1624",34,22326599,1201,22327800,4017,22331817
"1625",34,22347150,1450,22348600,3768,22352368
"1626",34,22381967,1800,22383767,3418,22387185
"1627",34,22443901,1550,22445451,3668,22449119
"1628",34,22457585,1233,22458818,3985,22462803
"1629",34,22506202,2300,22508502,2918,22511420
"1630",34,22554770,1066,22555836,4152,22559988
"1631",34,22584520,1234,22585754,3984,22589738
"1632",34,22598637,1517,22600154,3701,22603855
"1633",34,22620837,1200,22622037,4018,22626055
"1634",34,22641388,1300,22642688,3918,22646606
"1635",34,22719905,1401,22721306,3817,22725123
"1636",34,22757389,1601,22758990,3617,22762607
"1637",34,22799373,684,22800057,4534,22804591
"1638",34,22821090,767,22821857,4451,22826308
"1639",34,22834840,1267,22836107,3951,22840058
"1640",34,22856857,1067,22857924,4151,22862075
"1641",34,22871274,934,22872208,4284,22876492
"1642",34,22893008,1067,22894075,4151,22898226
"1643",34,22914808,1600,22916408,3618,22920026
"1644",34,22959559,1200,22960759,4018,22964777
"1645",34,22980126,817,22980943,4401,22985344
"1646",34,22988176,1600,22989776,3618,22993394
"1647",34,23030310,634,23030944,4584,23035528
"1648",34,23095544,817,23096361,4401,23100762
"1649",34,23162495,717,23163212,4501,23167713
"1650",34,23169345,1367,23170712,3851,23174563
"1651",34,23221113,1950,23223063,3268,23226331
"1652",34,23235996,967,23236963,4251,23241214
"1653",34,23243380,1417,23244797,3801,23248598
"1654",34,23278764,883,23279647,4335,23283982
"1655",34,23286731,1350,23288081,3868,23291949
"1656",34,23324031,700,23324731,4518,23329249
"1657",34,23374665,634,23375299,4584,23379883
"1658",34,23389082,633,23389715,4585,23394300
"1659",34,23417232,734,23417966,4485,23422451
"1660",34,23424899,634,23425533,4584,23430117
"1661",34,23431749,1034,23432783,4184,23436967
"1662",34,23460516,1117,23461633,4101,23465734
"1663",34,23497900,1401,23499301,3817,23503118
"1664",34,23511751,516,23512267,4702,23516969
"1665",34,23545968,1150,23547118,4068,23551186
"1666",34,23587302,583,23587885,4635,23592520
"1667",35,25690833,2234,25693067,2984,25696051
"1668",35,25704567,5033,25709600,1017,25710617
"1669",35,25733167,3417,25736584,1801,25738385
"1670",35,25746884,2400,25749284,2818,25752102
"1671",35,25777668,2517,25780185,2701,25782886
"1672",35,25791451,1284,25792735,3934,25796669
"1673",35,25812685,4350,25817035,1017,25818052
"1674",35,25835019,1383,25836402,3835,25840237
"1675",35,25871069,7417,25878486,1017,25879503
"1676",35,25939170,1750,25940920,3468,25944388
"1677",35,25953554,1450,25955004,3768,25958772
"1678",35,26005471,3701,26009172,1517,26010689
"1679",35,26054355,6451,26060806,1016,26061822
"1680",35,26086856,3683,26090539,1535,26092074
"1681",35,26102306,1117,26103423,4101,26107524
"1682",35,26122890,2167,26125057,3051,26128108
"1683",35,26146240,3167,26149407,2051,26151458
"1684",35,26227708,1017,26228725,4201,26232926
"1685",35,26262892,2600,26265492,2618,26268110
"1686",35,26304559,2367,26306926,2851,26309777
"1687",35,26326560,2650,26329210,2568,26331778
"1688",35,26341176,2967,26344143,2251,26346394
"1689",35,26362260,5967,26368227,1017,26369244
"1690",35,26378210,1684,26379894,3534,26383428
"1691",35,26400861,3450,26404311,1767,26406078
"1692",35,26422161,2817,26424978,2401,26427379
"1693",35,26468928,3650,26472578,1568,26474146
"1694",35,26489795,3967,26493762,1251,26495013
"1695",35,26496795,1567,26498362,3651,26502013
"1696",35,26540713,1917,26542630,3301,26545931
"1697",35,26611997,1400,26613397,3818,26617215
"1698",35,26679548,2851,26682399,2367,26684766
"1699",35,26686415,4400,26690815,1017,26691832
"1700",35,26737899,2600,26740499,2618,26743117
"1701",35,26751616,1633,26753249,3585,26756834
"1702",35,26758466,1600,26760066,3618,26763684
"1703",35,26793717,3450,26797167,1767,26798934
"1704",35,26800600,1434,26802034,3784,26805818
"1705",35,26836117,1417,26837534,3801,26841335
"1706",35,26888085,5483,26893568,1017,26894585
"1707",35,26903835,1483,26905318,3735,26909053
"1708",35,26933769,2400,26936169,2817,26938986
"1709",35,26940619,1383,26942002,3835,26945837
"1710",35,26947469,1250,26948719,3968,26952687
"1711",35,26975403,3000,26978403,2218,26980621
"1712",35,27010536,1767,27012303,3451,27015754
"1713",35,27025003,4601,27029604,1016,27030620
"1714",35,27059671,2200,27061871,3018,27064889
"1715",35,27101588,1333,27102921,3885,27106806
"1716",36,7490284,1234,7491518,3984,7495502
"1717",36,7504384,2484,7506868,2734,7509602
"1718",36,7533818,2750,7536568,2468,7539036
"1719",36,7548918,1184,7550102,4034,7554136
"1720",36,7576752,3983,7580735,1235,7581970
"1721",36,7591285,1134,7592419,4084,7596503
"1722",36,7611869,1534,7613403,3684,7617087
"1723",36,7632936,1350,7634286,3868,7638154
"1724",36,7667720,1133,7668853,4085,7672938
"1725",36,7730554,1584,7732138,3634,7735772
"1726",36,7744421,1350,7745771,3868,7749639
"1727",36,7792905,2317,7795222,2901,7798123
"1728",36,7842023,1516,7843539,3702,7847241
"1729",36,7869756,984,7870740,4234,7874974
"1730",36,7883890,1567,7885457,3651,7889108
"1731",36,7906123,2784,7908907,2434,7911341
"1732",36,7927124,1750,7928874,3468,7932342
"1733",36,8003792,1167,8004959,4051,8009010
"1734",36,8039209,1283,8040492,3935,8044427
"1735",36,8082360,1433,8083793,3784,8087577
"1736",36,8104543,1334,8105877,3884,8109761
"1737",36,8119027,1100,8120127,4118,8124245
"1738",36,8140810,1017,8141827,4201,8146028
"1739",36,8154544,1333,8155877,3885,8159762
"1740",36,8176611,1434,8178045,3784,8181829
"1741",36,8198061,2167,8200228,3051,8203279
"1742",36,8240229,2316,8242545,2902,8245447
"1743",36,8261129,1217,8262346,4001,8266347
"1744",36,8267996,2200,8270196,3018,8273214
"1745",36,8309730,1616,8311346,3602,8314948
"1746",36,8372547,1967,8374514,3251,8377765
"1747",36,8435565,1500,8437065,3718,8440783
"1748",36,8442448,1067,8443515,4151,8447666
"1749",36,8490882,3134,8494016,2084,8496100
"1750",36,8505116,1550,8506666,3668,8510334
"1751",36,8511983,2817,8514800,2401,8517201
"1752",36,8546250,2250,8548500,2968,8551468
"1753",36,8553117,1550,8554667,3668,8558335
"1754",36,8587401,1466,8588867,3751,8592618
"1755",36,8635918,1000,8636918,4218,8641136
"1756",36,8649618,1650,8651268,3568,8654836
"1757",36,8677452,1383,8678835,3835,8682670
"1758",36,8684319,1616,8685935,3602,8689537
"1759",36,8691185,1184,8692369,4034,8696403
"1760",36,8718603,1500,8720103,3717,8723820
"1761",36,8754103,983,8755086,4235,8759321
"1762",36,8768170,917,8769087,4301,8773388
"1763",36,8802920,2017,8804937,3201,8808138
"1764",36,8844804,1667,8846471,3551,8850022
"1765",37,11780682,4800,11785482,1017,11786499
"1766",37,11794999,1800,11796799,3418,11800217
"1767",37,11822633,4983,11827616,1017,11828633
"1768",37,11843416,3667,11847083,1551,11848634
"1769",37,11872400,3584,11875984,1634,11877618
"1770",37,11886334,3233,11889567,1985,11891552
"1771",37,11907751,4750,11912501,1017,11913518
"1772",37,11929751,5500,11935251,1017,11936268
"1773",37,11971968,1684,11973652,3534,11977186
"1774",37,12040569,2334,12042903,2884,12045787
"1775",37,12054270,3150,12057420,2068,12059488
"1776",37,12110837,4650,12115487,1017,12116504
"1777",37,12160088,1667,12161755,3551,12165306
"1778",37,12188088,2717,12190805,2501,12193306
"1779",37,12201839,2433,12204272,2784,12207056
"1780",37,12222889,4450,12227339,1017,12228356
"1781",37,12243706,5533,12249239,1017,12250256
"1782",37,12326824,2750,12329574,2468,12332042
"1783",37,12364624,3884,12368508,1334,12369842
"1784",37,12407675,2450,12410125,2768,12412893
"1785",37,12428892,1350,12430242,3868,12434110
"1786",37,12442609,1800,12444409,3418,12447827
"1787",37,12463659,1417,12465076,3801,12468877
"1788",37,12477493,1417,12478910,3801,12482711
"1789",37,12498076,2201,12500277,3017,12503294
"1790",37,12520827,1550,12522377,3668,12526045
"1791",37,12562011,1533,12563544,3685,12567229
"1792",37,12582578,2117,12584695,3101,12587796
"1793",37,12589444,1967,12591411,3251,12594662
"1794",37,12631195,2300,12633495,2918,12636413
"1795",37,12692979,3634,12696613,1584,12698197
"1796",37,12755714,1550,12757264,3668,12760932
"1797",37,12763480,1651,12765131,3567,12768698
"1798",37,12811848,1667,12813515,3551,12817066
"1799",37,12825581,1434,12827015,3784,12830799
"1800",37,12832448,967,12833415,4251,12837666
"1801",37,12867982,3700,12871682,1518,12873200
"1802",37,12874849,1467,12876316,3751,12880067
"1803",37,12911000,2983,12913983,2234,12916217
"1804",37,12958984,1500,12960484,3717,12964201
"1805",37,12972717,3200,12975917,2018,12977935
"1806",37,13000484,2234,13002718,2984,13005702
"1807",37,13007334,1784,13009118,3434,13012552
"1808",37,13014184,1367,13015551,3851,13019402
"1809",37,13041618,3650,13045268,1568,13046836
"1810",37,13075952,1167,13077119,4051,13081170
"1811",37,13090186,1250,13091436,3967,13095403
"1812",37,13128036,2000,13130036,3218,13133254
"1813",37,13169737,3533,13173270,1685,13174955
"1814",38,14932681,1300,14933981,3918,14937899
"1815",38,14946414,2584,14948998,2634,14951632
"1816",38,14973765,1966,14975731,3252,14978983
"1817",38,14987465,767,14988232,4451,14992683
"1818",38,15015565,1100,15016665,4118,15020783
"1819",38,15029682,1117,15030799,4101,15034900
"1820",38,15050266,1117,15051383,4101,15055484
"1821",38,15070783,950,15071733,4268,15076001
"1822",38,15105533,767,15106300,4451,15110751
"1823",38,15174401,1800,15176201,3418,15179619
"1824",38,15188135,1017,15189152,4200,15193352
"1825",38,15236102,2450,15238552,2768,15241320
"1826",38,15286353,1217,15287570,4001,15291571
"1827",38,15313737,2400,15316137,2817,15318954
"1828",38,15329870,984,15330854,4234,15335088
"1829",38,15351187,2817,15354004,2401,15356405
"1830",38,15371788,1000,15372788,4217,15377005
"1831",38,15448505,1134,15449639,4084,15453723
"1832",38,15482789,1550,15484339,3668,15488007
"1833",38,15523856,1151,15525007,4067,15529074
"1834",38,15544407,967,15545374,4251,15549625
"1835",38,15558107,950,15559057,4268,15563325
"1836",38,15578707,2434,15581141,2784,15583925
"1837",38,15592374,1500,15593874,3718,15597592
"1838",38,15612908,1917,15614825,3301,15618126
"1839",38,15633492,2433,15635925,2784,15638709
"1840",38,15675409,717,15676126,4501,15680627
"1841",38,15696059,817,15696876,4401,15701277
"1842",38,15702909,1451,15704360,3767,15708127
"1843",38,15744460,1700,15746160,3518,15749678
"1844",38,15806961,1683,15808644,3535,15812179
"1845",38,15869145,734,15869879,4484,15874363
"1846",38,15876012,1600,15877612,3618,15881230
"1847",38,15923979,850,15924829,4368,15929197
"1848",38,15937713,1033,15938746,4185,15942931
"1849",38,15944563,1467,15946030,3751,15949781
"1850",38,15978847,783,15979630,4435,15984065
"1851",38,15985947,2184,15988131,3034,15991165
"1852",38,16020298,1216,16021514,4002,16025516
"1853",38,16068982,2300,16071282,2918,16074200
"1854",38,16083115,2450,16085565,2768,16088333
"1855",38,16112999,1100,16114099,4118,16118217
"1856",38,16119866,1150,16121016,4068,16125084
"1857",38,16126732,984,16127716,4234,16131950
"1858",38,16154133,883,16155016,4335,16159351
"1859",38,16189083,1267,16190350,3951,16194301
"1860",38,16203167,817,16203984,4401,16208385
"1861",38,16237468,1100,16238568,4118,16242686
"1862",38,16279452,716,16280168,4502,16284670
"1863",39,6119738,2701,6122439,2517,6124956
"1864",39,6133455,2834,6136289,2384,6138673
"1865",39,6162606,1500,6164106,3718,6167824
"1866",39,6176639,6401,6183040,1016,6184056
"1867",39,6206673,3184,6209857,2034,6211891
"1868",39,6220373,3751,6224124,1467,6225591
"1869",39,6240940,2101,6243041,3117,6246158
"1870",39,6264141,2833,6266974,2385,6269359
"1871",39,6302291,1934,6304225,3284,6307509
"1872",39,6375226,1883,6377109,3335,6380444
"1873",39,6389526,2184,6391710,3034,6394744
"1874",39,6439710,9717,6449427,1017,6450444
"1875",39,6498361,2467,6500828,2751,6503579
"1876",39,6529011,1817,6530828,3402,6534230
"1877",39,6543962,2183,6546145,3035,6549180
"1878",39,6565179,2233,6567412,2985,6570397
"1879",39,6587046,2833,6589879,2385,6592264
"1880",39,6665014,5983,6670997,1017,6672014
"1881",39,6702114,1984,6704098,3234,6707332
"1882",39,6744798,2250,6747048,2968,6750016
"1883",39,6766015,2984,6768999,2234,6771233
"1884",39,6779749,2383,6782132,2835,6784967
"1885",39,6801449,1917,6803366,3301,6806667
"1886",39,6815166,2184,6817350,3034,6820384
"1887",39,6837150,2083,6839233,3135,6842368
"1888",39,6857717,1383,6859100,3835,6862935
"1889",39,6899634,1800,6901434,3418,6904852
"1890",39,6920484,5051,6925535,1016,6926551
"1891",39,6928201,3834,6932035,1384,6933419
"1892",39,6971068,1551,6972619,3668,6976287
"1893",39,7036803,1817,7038620,3401,7042021
"1894",39,7100954,2067,7103021,3151,7106172
"1895",39,7107804,1617,7109421,3601,7113022
"1896",39,7159005,1433,7160438,3785,7164223
"1897",39,7173622,2900,7176522,2318,7178840
"1898",39,7180472,4267,7184739,1016,7185755
"1899",39,7216572,4217,7220789,1017,7221806
"1900",39,7223439,4417,7227856,1017,7228873
"1901",39,7259390,1500,7260890,3718,7264608
"1902",39,7308290,2567,7310857,2651,7313508
"1903",39,7323124,1717,7324841,3501,7328342
"1904",39,7352008,1367,7353375,3851,7357226
"1905",39,7359491,1700,7361191,3518,7364709
"1906",39,7366341,5651,7371992,1016,7373008
"1907",39,7397059,3133,7400192,2085,7402277
"1908",39,7432709,1367,7434076,3851,7437927
"1909",39,7446393,1000,7447393,4218,7451611
"1910",39,7482060,1600,7483660,3618,7487278
"1911",39,7524744,1583,7526327,3635,7529962
"1912",40,10184169,1401,10185570,3817,10189387
"1913",40,10197853,1167,10199020,4051,10203071
"1914",40,10225320,2000,10227320,3218,10230538
"1915",40,10239004,2267,10241271,2951,10244222
"1916",40,10266388,1400,10267788,3817,10271605
"1917",40,10280104,2301,10282405,2917,10285322
"1918",40,10303521,1417,10304938,3801,10308739
"1919",40,10325322,1617,10326939,3601,10330540
"1920",40,10360089,1533,10361622,3685,10365307
"1921",40,10425007,1700,10426707,3518,10430225
"1922",40,10438740,1467,10440207,3751,10443958
"1923",40,10491491,2284,10493775,2934,10496709
"1924",40,10541609,1950,10543559,3267,10546826
"1925",40,10570192,1350,10571542,3868,10575410
"1926",40,10584292,1384,10585676,3834,10589510
"1927",40,10604893,2433,10607326,2785,10610111
"1928",40,10626643,1150,10627793,4068,10631861
"1929",40,10705278,2100,10707378,3118,10710496
"1930",40,10740978,2184,10743162,3034,10746196
"1931",40,10782529,2050,10784579,3168,10787747
"1932",40,10803446,1667,10805113,3551,10808664
"1933",40,10817546,1300,10818846,3918,10822764
"1934",40,10838463,1934,10840397,3284,10843681
"1935",40,10852180,1750,10853930,3468,10857398
"1936",40,10873164,817,10873981,4401,10878382
"1937",40,10895064,2250,10897314,2968,10900282
"1938",40,10936431,1634,10938065,3584,10941649
"1939",40,10958915,1201,10960116,4017,10964133
"1940",40,10965782,3500,10969282,1718,10971000
"1941",40,11008533,1433,11009966,3785,11013751
"1942",40,11081034,2717,11083751,2501,11086252
"1943",40,11142951,884,11143835,4334,11148169
"1944",40,11149868,1400,11151268,3818,11155086
"1945",40,11200286,1267,11201553,3951,11205504
"1946",40,11215519,1067,11216586,4151,11220737
"1947",40,11222369,801,11223170,4417,11227587
"1948",40,11257237,867,11258104,4350,11262454
"1949",40,11264070,1134,11265204,4084,11269288
"1950",40,11305304,1300,11306604,3918,11310522
"1951",40,11354171,1701,11355872,3517,11359389
"1952",40,11367888,801,11368689,4417,11373106
"1953",40,11395289,983,11396272,4235,11400507
"1954",40,11402239,1167,11403406,4051,11407457
"1955",40,11410072,1084,11411156,4134,11415290
"1956",40,11437890,1466,11439356,3752,11443108
"1957",40,11472357,1450,11473807,3768,11477575
"1958",40,11486057,1250,11487307,3968,11491275
"1959",40,11523374,1184,11524558,4034,11528592
"1960",40,11564525,1650,11566175,3568,11569743
"1961",41,13503673,1350,13505023,3868,13508891
"1962",41,13517373,7883,13525256,1017,13526273
"1963",41,13549107,3033,13552140,2185,13554325
"1964",41,13562824,1917,13564741,3300,13568041
"1965",41,13591141,1583,13592724,3635,13596359
"1966",41,13605324,1700,13607024,3518,13610542
"1967",41,13626125,1216,13627341,4002,13631343
"1968",41,13647292,1250,13648542,3968,13652510
"1969",41,13683542,1217,13684759,4001,13688760
"1970",41,13745977,1333,13747310,3885,13751195
"1971",41,13760660,7567,13768227,1017,13769244
"1972",41,13817111,2217,13819328,3001,13822329
"1973",41,13868479,1450,13869929,3767,13873696
"1974",41,13896329,1150,13897479,4068,13901547
"1975",41,13910763,3066,13913829,2152,13915981
"1976",41,13931330,1417,13932747,3801,13936548
"1977",41,13953647,1200,13954847,4018,13958865
"1978",41,14032681,2184,14034865,3034,14037899
"1979",41,14072215,3184,14075399,2034,14077433
"1980",41,14120199,2467,14122666,2751,14125417
"1981",41,14142783,3017,14145800,2201,14148001
"1982",41,14157117,2100,14159217,3117,14162334
"1983",41,14178684,2467,14181151,2750,14183901
"1984",41,14192750,1134,14193884,4084,14197968
"1985",41,14215934,3200,14219134,2018,14221152
"1986",41,14239535,1800,14241335,3418,14244753
"1987",41,14285752,1434,14287186,3784,14290970
"1988",41,14309069,900,14309969,4318,14314287
"1989",41,14315936,5050,14320986,1017,14322003
"1990",41,14360503,1750,14362253,3468,14365721
"1991",41,14429054,1784,14430838,3434,14434272
"1992",41,14492922,1467,14494389,3751,14498140
"1993",41,14499772,1300,14501072,3918,14504990
"1994",41,14547923,1100,14549023,4118,14553141
"1995",41,14562023,1800,14563823,3418,14567241
"1996",41,14569323,1400,14570723,3818,14574541
"1997",41,14604490,1917,14606407,3301,14609708
"1998",41,14611891,1566,14613457,3652,14617109
"1999",41,14648158,1083,14649241,4135,14653376
"2000",41,14697325,967,14698292,4251,14702543
"2001",41,14711742,1767,14713509,3451,14716960
"2002",41,14745276,1250,14746526,3968,14750494
"2003",41,14752476,1267,14753743,3951,14757694
"2004",41,14759360,1833,14761193,3385,14764578
"2005",41,14787410,1384,14788794,3834,14792628
"2006",41,14823811,1250,14825061,3968,14829029
"2007",41,14838144,1334,14839478,3884,14843362
"2008",41,14877378,1250,14878628,3968,14882596
"2009",41,14922229,917,14923146,4301,14927447
"2010",42,2371955,2233,2374188,2985,2377173
"2011",42,2385938,2867,2388805,2351,2391156
"2012",42,2414155,1401,2415556,3817,2419373
"2013",42,2428156,1433,2429589,3785,2433374
"2014",42,2457640,1667,2459307,3551,2462858
"2015",42,2471906,1484,2473390,3734,2477124
"2016",42,2494074,1900,2495974,3317,2499291
"2017",42,2514957,1050,2516007,4168,2520175
"2018",42,2553874,3934,2557808,1284,2559092
"2019",42,2627559,1217,2628776,4001,2632777
"2020",42,2641809,884,2642693,4334,2647027
"2021",42,2693076,1867,2694943,3351,2698294
"2022",42,2745611,3117,2748728,2101,2750829
"2023",42,2778178,1350,2779528,3868,2783396
"2024",42,2792095,933,2793028,4285,2797313
"2025",42,2814828,817,2815645,4401,2820046
"2026",42,2843029,2767,2845796,2451,2848247
"2027",42,2924480,1017,2925497,4201,2929698
"2028",42,2961631,2117,2963748,3101,2966849
"2029",42,3006248,3067,3009315,2151,3011466
"2030",42,3030532,1067,3031599,4151,3035750
"2031",42,3044232,2384,3046616,2834,3049450
"2032",42,3070432,884,3071316,4334,3075650
"2033",42,3084149,951,3085100,4267,3089367
"2034",42,3107766,934,3108700,4284,3112984
"2035",42,3131733,1284,3133017,3934,3136951
"2036",42,3176784,1300,3178084,3918,3182002
"2037",42,3200385,7233,3207618,1017,3208635
"2038",42,3210401,1551,3211952,3667,3215619
"2039",42,3254469,1317,3255786,3901,3259687
"2040",42,3318870,2267,3321137,2951,3324088
"2041",42,3393271,1817,3395088,3401,3398489
"2042",42,3400138,4100,3404238,1118,3405356
"2043",42,3453555,1417,3454972,3801,3458773
"2044",42,3472155,2167,3474322,3051,3477373
"2045",42,3479022,3584,3482606,1634,3484240
"2046",42,3516406,2000,3518406,3218,3521624
"2047",42,3525073,2634,3527707,2584,3530291
"2048",42,3561924,1066,3562990,4152,3567142
"2049",42,3611207,3551,3614758,1667,3616425
"2050",42,3624891,8284,3633175,1017,3634192
"2051",42,3662242,1367,3663609,3851,3667460
"2052",42,3669109,1833,3670942,3385,3674327
"2053",42,3675975,6467,3682442,1017,3683459
"2054",42,3712759,1484,3714243,3734,3717977
"2055",42,3753227,1867,3755094,3351,3758445
"2056",42,3768127,900,3769027,4318,3773345
"2057",42,3804477,834,3805311,4384,3809695
"2058",42,3848745,1150,3849895,4068,3853963
"2059",43,5441504,867,5442371,4351,5446722
"2060",43,5455254,1600,5456854,3618,5460472
"2061",43,5482738,1117,5483855,4101,5487956
"2062",43,5496438,1317,5497755,3901,5501656
"2063",43,5525255,2100,5527355,3118,5530473
"2064",43,5539172,1783,5540955,3435,5544390
"2065",43,5559756,2183,5561939,3035,5564974
"2066",43,5581356,2067,5583423,3151,5586574
"2067",43,5616190,2783,5618973,2435,5621408
"2068",43,5679474,1967,5681441,3251,5684692
"2069",43,5693158,1850,5695008,3368,5698376
"2070",43,5741992,1767,5743759,3451,5747210
"2071",43,5792609,1334,5793943,3884,5797827
"2072",43,5820060,1317,5821377,3901,5825278
"2073",43,5833793,1601,5835394,3617,5839011
"2074",43,5854394,1033,5855427,4185,5859612
"2075",43,5874961,1683,5876644,3535,5880179
"2076",43,5950345,2284,5952629,2934,5955563
"2077",43,5984696,1017,5985713,4201,5989914
"2078",43,6026847,733,6027580,4485,6032065
"2079",43,6047430,2584,6050014,2634,6052648
"2080",43,6061680,984,6062664,4234,6066898
"2081",43,6082281,1267,6083548,3951,6087499
"2082",43,6095998,1166,6097164,4052,6101216
"2083",43,6116581,2367,6118948,2851,6121799
"2084",43,6138282,1367,6139649,3851,6143500
"2085",43,6181166,1433,6182599,3785,6186384
"2086",43,6201766,1667,6203433,3551,6206984
"2087",43,6208633,917,6209550,4301,6213851
"2088",43,6249717,933,6250650,4285,6254935
"2089",43,6314135,1850,6315985,3368,6319353
"2090",43,6376336,983,6377319,4235,6381554
"2091",43,6383186,650,6383836,4568,6388404
"2092",43,6431370,983,6432353,4235,6436588
"2093",43,6445270,1334,6446604,3884,6450488
"2094",43,6452120,1850,6453970,3368,6457338
"2095",43,6486421,1516,6487937,3702,6491639
"2096",43,6493287,2034,6495321,3184,6498505
"2097",43,6527571,1250,6528821,3968,6532789
"2098",43,6575572,1334,6576906,3884,6580790
"2099",43,6589256,1317,6590573,3901,6594474
"2100",43,6616656,1567,6618223,3651,6621874
"2101",43,6623506,834,6624340,4384,6628724
"2102",43,6631240,1067,6632307,4151,6636458
"2103",43,6658590,1200,6659790,4018,6663808
"2104",43,6692874,834,6693708,4384,6698092
"2105",43,6707558,1317,6708875,3901,6712776
"2106",43,6743692,867,6744559,4350,6748909
"2107",43,6784825,917,6785742,4302,6790044
"2108",44,9780024,3051,9783075,2167,9785242
"2109",44,9794341,2300,9796641,2918,9799559
"2110",44,9823158,8667,9831825,1017,9832842
"2111",44,9841325,1300,9842625,3918,9846543
"2112",44,9868692,2001,9870693,3217,9873910
"2113",44,9883026,1217,9884243,4001,9888244
"2114",44,9903776,1667,9905443,3551,9908994
"2115",44,9925460,1767,9927227,3451,9930678
"2116",44,9964694,2167,9966861,3051,9969912
"2117",44,10029645,2600,10032245,2618,10034863
"2118",44,10043995,917,10044912,4301,10049213
"2119",44,10096213,1667,10097880,3551,10101431
"2120",44,10146997,1184,10148181,4034,10152215
"2121",44,10175947,1234,10177181,3984,10181165
"2122",44,10189814,4701,10194515,1016,10195531
"2123",44,10212181,1234,10213415,3984,10217399
"2124",44,10233615,1167,10234782,4051,10238833
"2125",44,10312400,4133,10316533,1085,10317618
"2126",44,10347217,1050,10348267,4168,10352435
"2127",44,10393118,2067,10395185,3151,10398336
"2128",44,10416568,1150,10417718,4068,10421786
"2129",44,10430802,1467,10432269,3751,10436020
"2130",44,10453719,1150,10454869,4068,10458937
"2131",44,10468069,1434,10469503,3784,10473287
"2132",44,10489703,2050,10491753,3168,10494921
"2133",44,10512703,1900,10514603,3318,10517921
"2134",44,10555154,2250,10557404,2968,10560372
"2135",44,10575821,1233,10577054,3985,10581039
"2136",44,10582954,1517,10584471,3701,10588172
"2137",44,10630922,1233,10632155,3985,10636140
"2138",44,10696306,1350,10697656,3868,10701524
"2139",44,10763157,4050,10767207,1168,10768375
"2140",44,10770041,2266,10772307,2952,10775259
"2141",44,10820641,1251,10821892,3967,10825859
"2142",44,10838925,1600,10840525,3618,10844143
"2143",44,10845775,1184,10846959,4034,10850993
"2144",44,10882126,1500,10883626,3718,10887344
"2145",44,10888993,1050,10890043,4168,10894211
"2146",44,10924310,967,10925277,4251,10929528
"2147",44,10974161,867,10975028,4351,10979379
"2148",44,10988511,1000,10989511,4218,10993729
"2149",44,11019711,2001,11021712,3217,11024929
"2150",44,11027028,2317,11029345,2901,11032246
"2151",44,11033895,1317,11035212,3901,11039113
"2152",44,11064079,2267,11066346,2951,11069297
"2153",44,11098796,2267,11101063,2951,11104014
"2154",44,11112513,1217,11113730,4001,11117731
"2155",44,11148280,1600,11149880,3618,11153498
"2156",44,11193998,1217,11195215,4001,11199216
