"","","stimuli_0","durations_0","choices_0","choice_durations_0","record_0"
"1",1,1500624,3117,1503741,2101,1505842
"2",1,1553575,1683,1555258,3535,1558793
"3",1,1652410,3350,1655760,1868,1657628
"4",1,1659810,2850,1662660,2368,1665028
"5",1,1690960,3301,1694261,1917,1696178
"6",1,1698911,3283,1702194,1935,1704129
"7",1,1750695,3067,1753762,2151,1755913
"8",1,1759811,2034,1761845,3184,1765029
"9",1,1767462,4033,1771495,1184,1772679
"10",1,1804912,2400,1807312,2818,1810130
"11",1,1812562,4017,1816579,1201,1817780
"12",1,1833729,1784,1835513,3434,1838947
"13",1,1859130,2133,1861263,3085,1864348
"14",1,1918731,1950,1920681,3268,1923949
"15",1,1933781,4367,1938148,1017,1939165
"16",1,1980732,1783,1982515,3435,1985950
"17",1,1994765,1700,1996465,3518,1999983
"18",1,2001799,2450,2004249,2768,2007017
"19",1,2028249,3184,2031433,2034,2033467
"20",1,2042783,2433,2045216,2785,2048001
"21",1,2049633,1933,2051566,3285,2054851
"22",1,2130401,2517,2132918,2701,2135619
"23",1,2302437,1700,2304137,3518,2307655
"24",1,2351538,2100,2353638,3118,2356756
"25",1,2384405,3733,2388138,1485,2389623
"26",1,2392171,2284,2394455,2934,2397389
"27",1,2400472,3250,2403722,1967,2405689
"28",1,2433239,1967,2435206,3251,2438457
"29",1,2461689,1567,2463256,3651,2466907
"30",1,2482573,2700,2485273,2518,2487791
"31",1,2521224,2016,2523240,3201,2526441
"32",1,2528257,2867,2531124,2351,2533475
"33",1,2535274,2883,2538157,2335,2540492
"34",1,2542274,1383,2543657,3835,2547492
"35",1,2580558,1383,2581941,3835,2585776
"36",1,2588058,4700,2592758,1017,2593775
"37",1,2660959,1450,2662409,3768,2666177
"38",1,2742544,1333,2743877,3885,2747762
"39",1,2749410,1834,2751244,3384,2754628
"40",1,2820462,1816,2822278,3402,2825680
"41",1,2858446,1583,2860029,3634,2863663
"42",1,2892663,1617,2894280,3601,2897881
"43",1,2914846,1251,2916097,3967,2920064
"44",1,2929613,1717,2931330,3501,2934831
"45",1,2943863,2984,2946847,2234,2949081
"46",1,2950697,1967,2952664,3251,2955915
"47",1,2965364,1767,2967131,3451,2970582
"48",1,2988814,7434,2996248,1017,2997265
"49",2,5568055,1683,5569738,3535,5573273
"50",2,5590138,2201,5592339,3017,5595356
"51",2,5603855,2501,5606356,2717,5609073
"52",2,5617572,2484,5620056,2734,5622790
"53",2,5631289,2200,5633489,3018,5636507
"54",2,5700923,3684,5704607,1534,5706141
"55",2,5707957,2317,5710274,2901,5713175
"56",2,5721691,1733,5723424,3485,5726909
"57",2,5770108,3384,5773492,1834,5775326
"58",2,5783842,7817,5791659,1016,5792675
"59",2,5794625,6667,5801292,1017,5802309
"60",2,5845326,2400,5847726,2818,5850544
"61",2,5879760,2217,5881977,3001,5884978
"62",2,5944161,2667,5946828,2551,5949379
"63",2,5958078,1567,5959645,3651,5963296
"64",2,5971961,2034,5973995,3184,5977179
"65",2,6034046,2350,6036396,2868,6039264
"66",2,6070413,2567,6072980,2651,6075631
"67",2,6118597,2384,6120981,2834,6123815
"68",2,6132497,2584,6135081,2634,6137715
"69",2,6146414,1750,6148164,3468,6151632
"70",2,6174148,3450,6177598,1768,6179366
"71",2,6181215,1083,6182298,4135,6186433
"72",2,6194915,1567,6196482,3651,6200133
"73",2,6312217,5467,6317684,1017,6318701
"74",2,6327384,1317,6328701,3901,6332602
"75",2,6334234,2200,6336434,3018,6339452
"76",2,6341101,1567,6342668,3651,6346319
"77",2,6393085,1717,6394802,3501,6398303
"78",2,6476170,1050,6477220,4168,6481388
"79",2,6490270,1750,6492020,3468,6495488
"80",2,6518320,3201,6521521,2017,6523538
"81",2,6525920,2151,6528071,3067,6531138
"82",2,6560254,2767,6563021,2451,6565472
"83",2,6594672,1683,6596355,3534,6599889
"84",2,6608355,1800,6610155,3418,6613573
"85",2,6615422,1133,6616555,4085,6620640
"86",2,6630689,1850,6632539,3368,6635907
"87",2,6644389,1400,6645789,3818,6649607
"88",2,6651239,1600,6652839,3618,6656457
"89",2,6680606,1967,6682573,3251,6685824
"90",2,6717040,2851,6719891,2367,6722258
"91",2,6732741,1883,6734624,3335,6737959
"92",2,6774508,1167,6775675,4051,6779726
"93",2,6781358,1483,6782841,3735,6786576
"94",2,6802608,1234,6803842,3984,6807826
"95",2,6836809,1800,6838609,3418,6842027
"96",2,6916244,1717,6917961,3501,6921462
"97",2,6937294,1050,6938344,4168,6942512
"98",2,6944144,2017,6946161,3201,6949362
"99",3,9102346,2167,9104513,3051,9107564
"100",3,9116080,1733,9117813,3485,9121298
"101",3,9150330,1167,9151497,4051,9155548
"102",3,9157180,2167,9159347,3051,9162398
"103",3,9178431,1400,9179831,3818,9183649
"104",3,9205865,1916,9207781,3301,9211082
"105",3,9289016,1767,9290783,3451,9294234
"106",3,9324016,1984,9326000,3234,9329234
"107",3,9352200,867,9353067,4351,9357418
"108",3,9372801,1266,9374067,3951,9378018
"109",3,9394084,784,9394868,4434,9399302
"110",3,9430452,1283,9431735,3935,9435670
"111",3,9479419,1234,9480653,3984,9484637
"112",3,9493119,1634,9494753,3584,9498337
"113",3,9528786,867,9529653,4352,9534005
"114",3,9569937,1300,9571237,3918,9575155
"115",3,9590504,1784,9592288,3434,9595722
"116",3,9611038,1317,9612355,3901,9616256
"117",3,9645888,1084,9646972,4134,9651106
"118",3,9673422,1684,9675106,3534,9678640
"119",3,9680289,834,9681123,4384,9685507
"120",3,9687173,1100,9688273,4117,9692390
"121",3,9700906,1334,9702240,3884,9706124
"122",3,9764941,1766,9766707,3451,9770158
"123",3,9848959,1350,9850309,3867,9854176
"124",3,9855809,1217,9857026,4001,9861027
"125",3,9897209,1234,9898443,3984,9902427
"126",3,9919610,1750,9921360,3468,9924828
"127",3,9954927,817,9955744,4401,9960145
"128",3,9961794,1867,9963661,3351,9967012
"129",3,9991661,1250,9992911,3968,9996879
"130",3,10012245,1483,10013728,3735,10017463
"131",3,10032862,1867,10034729,3351,10038080
"132",3,10075696,733,10076429,4485,10080914
"133",3,10117496,1001,10118497,4217,10122714
"134",3,10195148,1217,10196365,4000,10200365
"135",3,10202014,3334,10205348,1884,10207232
"136",3,10230215,1617,10231832,3601,10235433
"137",3,10243932,1450,10245382,3768,10249150
"138",3,10265132,1417,10266549,3801,10270350
"139",3,10306533,1000,10307533,4218,10311751
"140",3,10313400,1283,10314683,3935,10318618
"141",3,10334767,866,10335633,4352,10339985
"142",3,10369051,816,10369867,4402,10374269
"143",3,10481386,667,10482053,4551,10486604
"144",4,13769341,1533,13770874,3685,13774559
"145",4,13776207,1384,13777591,3834,13781425
"146",4,13783308,1433,13784741,3784,13788525
"147",4,13831308,3034,13834342,2184,13836526
"148",4,13873059,1834,13874893,3384,13878277
"149",4,13914243,1550,13915793,3668,13919461
"150",4,13942927,1417,13944344,3801,13948145
"151",4,13978094,1217,13979311,4001,13983312
"152",4,14077246,1317,14078563,3901,14082464
"153",4,14118563,1284,14119847,3934,14123781
"154",4,14132280,1567,14133847,3651,14137498
"155",4,14145980,2367,14148347,2851,14151198
"156",4,14153097,2167,14155264,3051,14158315
"157",4,14160797,1951,14162748,3267,14166015
"158",4,14196065,1733,14197798,3484,14201282
"159",4,14202931,1401,14204332,3817,14208149
"160",4,14230465,1300,14231765,3918,14235683
"161",4,14244515,967,14245482,4251,14249733
"162",4,14252432,2750,14255182,2468,14257650
"163",4,14301050,1333,14302383,3885,14306268
"164",4,14311450,1984,14313434,3234,14316668
"165",4,14347984,1283,14349267,3935,14353202
"166",4,14441585,1801,14443386,3417,14446803
"167",4,14526637,1833,14528470,3385,14531855
"168",4,14548104,1633,14549737,3585,14553322
"169",4,14590555,1450,14592005,3767,14595772
"170",4,14758591,1500,14760091,3718,14763809
"171",4,14782991,3517,14786508,1701,14788209
"172",4,14790758,2317,14793075,2901,14795976
"173",4,14799825,2350,14802175,2868,14805043
"174",4,14842126,3016,14845142,2202,14847344
"175",4,14911210,2234,14913444,2984,14916428
"176",4,14919477,2717,14922194,2501,14924695
"177",4,14926310,2150,14928460,3068,14931528
"178",4,14933377,4450,14937827,1017,14938844
"179",4,15043179,1550,15044729,3668,15048397
"180",4,15120914,1233,15122147,3984,15126131
"181",4,15139364,1350,15140714,3868,15144582
"182",4,15154914,17,15154931,5201,15160132
"183",4,15187948,1550,15189498,3668,15193166
"184",4,15329267,1900,15331167,3318,15334485
"185",4,15350584,1584,15352168,3634,15355802
"186",5,1215839,1050,1216889,4168,1221057
"187",5,1264790,1450,1266240,3768,1270008
"188",5,1303590,1817,1305407,3401,1308808
"189",5,1311091,3700,1314791,1517,1316308
"190",5,1331907,1451,1333358,3767,1337125
"191",5,1346124,2017,1348141,3201,1351342
"192",5,1359841,1300,1361141,3918,1365059
"193",5,1366708,2817,1369525,2401,1371926
"194",5,1380441,1084,1381525,4134,1385659
"195",5,1387475,2167,1389642,3051,1392693
"196",5,1401192,1683,1402875,3535,1406410
"197",5,1422092,1584,1423676,3634,1427310
"198",5,1437459,1050,1438509,4168,1442677
"199",5,1444309,1834,1446143,3384,1449527
"200",5,1494260,2150,1496410,3068,1499478
"201",5,1501143,1117,1502260,4101,1506361
"202",5,1508010,1217,1509227,4001,1513228
"203",5,1532477,1134,1533611,4084,1537695
"204",5,1562661,1683,1564344,3535,1567879
"205",5,1606245,867,1607112,4351,1611463
"206",5,1613095,1883,1614978,3335,1618313
"207",5,1658279,1883,1660162,3335,1663497
"208",5,1687046,867,1687913,4351,1692264
"209",5,1750563,1034,1751597,4184,1755781
"210",5,1757447,1050,1758497,4168,1762665
"211",5,1771630,4967,1776597,1017,1777614
"212",5,1779914,5600,1785514,1017,1786531
"213",5,1795647,901,1796548,4317,1800865
"214",5,1802514,1617,1804131,3601,1807732
"215",5,1837715,1217,1838932,4001,1842933
"216",5,1867315,2684,1869999,2534,1872533
"217",5,1874749,1266,1876015,3952,1879967
"218",5,1903366,1050,1904416,4168,1908584
"219",5,1910649,1184,1911833,4034,1915867
"220",5,1925499,1201,1926700,4017,1930717
"221",5,2003334,817,2004151,4401,2008552
"222",5,2025651,3967,2029618,1251,2030869
"223",5,2032951,1217,2034168,4001,2038169
"224",5,2039968,867,2040835,4351,2045186
"225",5,2047284,10651,2057935,1017,2058952
"226",5,2067968,950,2068918,4268,2073186
"227",5,2075251,1084,2076335,4134,2080469
"228",5,2082602,983,2083585,4235,2087820
"229",5,2089968,3934,2093902,1284,2095186
"230",5,2104019,783,2104802,4435,2109237
"231",5,2111135,834,2111969,4384,2116353
"232",5,2119152,1334,2120486,3884,2124370
"233",5,2126086,1366,2127452,3852,2131304
"234",5,2140403,1200,2141603,4017,2145620
"235",5,2161520,1250,2162770,3967,2166737
"236",5,2169403,1100,2170503,4118,2174621
"237",5,2193703,817,2194520,4401,2198921
"238",5,2202303,1901,2204204,3317,2207521
"239",5,2230854,1067,2231921,4151,2236072
"240",5,2245238,716,2245954,4501,2250455
"241",5,2252571,1017,2253588,4201,2257789
"242",5,2259454,850,2260304,4368,2264672
"243",5,2266538,683,2267221,4535,2271756
"244",5,2301305,967,2302272,4251,2306523
"245",5,2322155,3100,2325255,2118,2327373
"246",5,2337239,2417,2339656,2801,2342457
"247",5,2352556,1383,2353939,3835,2357774
"248",5,2359756,1450,2361206,3768,2364974
"249",5,2381289,717,2382006,4501,2386507
"250",5,2408923,867,2409790,4351,2414141
"251",5,2431490,750,2432240,4468,2436708
"252",5,2438857,1033,2439890,4185,2444075
"253",5,2452574,750,2453324,4468,2457792
"254",5,2475124,700,2475824,4518,2480342
"255",5,2489708,767,2490475,4451,2494926
"256",5,2526358,734,2527092,4484,2531576
"257",5,2540775,1084,2541859,4134,2545993
"258",5,2554742,900,2555642,4318,2559960
"259",5,2623226,1801,2625027,3417,2628444
"260",6,4896945,1550,4898495,3668,4902163
"261",6,4946829,4684,4951513,1016,4952529
"262",6,4968979,1851,4970830,3367,4974197
"263",6,4977479,2717,4980196,2501,4982697
"264",6,5011930,3284,5015214,1934,5017148
"265",6,5033747,6700,5040447,1017,5041464
"266",6,5059014,3084,5062098,2134,5064232
"267",6,5109015,1283,5110298,3935,5114233
"268",6,5133399,1733,5135132,3485,5138617
"269",6,5178116,1400,5179516,3818,5183334
"270",6,5207983,2300,5210283,2918,5213201
"271",6,5232467,1017,5233484,4201,5237685
"272",6,5239333,1418,5240751,3801,5244552
"273",6,5253050,1867,5254917,3352,5258269
"274",6,5266984,3150,5270134,2068,5272202
"275",6,5298235,1366,5299601,3851,5303452
"276",6,5311952,1466,5313418,3751,5317169
"277",6,5334568,4284,5338852,1017,5339869
"278",6,5341502,1150,5342652,4068,5346720
"279",6,5364986,1583,5366569,3635,5370204
"280",6,5392836,2584,5395420,2634,5398054
"281",6,5479471,2600,5482071,2618,5484689
"282",6,5596439,1217,5597656,4001,5601657
"283",6,5610306,3300,5613606,1918,5615524
"284",6,5624023,1000,5625023,4218,5629241
"285",6,5631540,2867,5634407,2351,5636758
"286",6,5680640,2184,5682824,3034,5685858
"287",6,5731275,2100,5733375,3118,5736493
"288",6,5794442,2401,5796843,2817,5799660
"289",6,5860327,1667,5861994,3550,5865544
"290",6,5922261,1334,5923595,3884,5927479
"291",6,5935978,1667,5937645,3551,5941196
"292",6,5963845,2500,5966345,2718,5969063
"293",6,5987662,1617,5989279,3601,5992880
"294",6,6008229,2250,6010479,2968,6013447
"295",6,6044013,1150,6045163,4068,6049231
"296",6,6079680,2334,6082014,2884,6084898
"297",6,6094481,5166,6099647,1017,6100664
"298",6,6140214,1951,6142165,3267,6145432
"299",6,6204849,2350,6207199,2868,6210067
"300",6,6229099,1384,6230483,3834,6234317
"301",6,6235949,1334,6237283,3884,6241167
"302",6,6324834,2400,6327234,2818,6330052
"303",6,6341268,1133,6342401,4085,6346486
"304",7,12964021,7433,12971454,1017,12972471
"305",7,13001504,1917,13003421,3301,13006722
"306",7,13034655,2817,13037472,2401,13039873
"307",7,13041538,1567,13043105,3651,13046756
"308",7,13048388,8351,13056739,1016,13057755
"309",7,13059405,1667,13061072,3551,13064623
"310",7,13162607,2400,13165007,2818,13167825
"311",7,13176290,1167,13177457,4051,13181508
"312",7,13183141,1050,13184191,4168,13188359
"313",7,13283009,2850,13285859,2368,13288227
"314",7,13324476,2517,13326993,2701,13329694
"315",7,13352094,1300,13353394,3918,13357312
"316",7,13372894,1283,13374177,3935,13378112
"317",7,13379760,1284,13381044,3935,13384979
"318",7,13386610,1984,13388594,3234,13391828
"319",7,13407394,1200,13408594,4018,13412612
"320",7,13476479,950,13477429,4268,13481697
"321",7,13511446,1500,13512946,3718,13516664
"322",7,13519179,2251,13521430,2967,13524397
"323",7,13534079,1067,13535146,4152,13539298
"324",7,13568513,1401,13569914,3817,13573731
"325",7,13624131,900,13625031,4318,13629349
"326",7,13630998,1617,13632615,3601,13636216
"327",7,13679482,3517,13682999,1701,13684700
"328",7,13706916,4267,13711183,1016,13712199
"329",7,13728283,1333,13729616,3885,13733501
"330",7,13784600,1900,13786500,3318,13789818
"331",7,13807517,1284,13808801,3934,13812735
"332",7,13835568,1716,13837284,3502,13840786
"333",7,13849651,2517,13852168,2701,13854869
"334",7,13904852,1417,13906269,3801,13910070
"335",7,13911702,1001,13912703,4217,13916920
"336",7,13961953,934,13962887,4284,13967171
"337",7,13969770,1600,13971370,3618,13974988
"338",7,14005854,1333,14007187,3885,14011072
"339",7,14014104,1367,14015471,3851,14019322
"340",7,14020954,1084,14022038,4134,14026172
"341",7,14057088,1467,14058555,3751,14062306
"342",7,14071055,1967,14073022,3251,14076273
"343",7,14078105,1083,14079188,4135,14083323
"344",7,14130039,2200,14132239,3018,14135257
"345",7,14153356,1600,14154956,3618,14158574
"346",7,14174056,1084,14175140,4134,14179274
"347",7,14208407,1434,14209841,3784,14213625
"348",7,14229591,2383,14231974,2835,14234809
"349",7,14300375,1284,14301659,3934,14305593
"350",7,14307225,1484,14308709,3734,14312443
"351",7,14327792,1200,14328992,4018,14333010
"352",7,14334642,1284,14335926,3934,14339860
"353",7,14362060,1250,14363310,3967,14367277
"354",8,17133137,2717,17135854,2501,17138355
"355",8,17176688,3167,17179855,2051,17181906
"356",8,17214155,2934,17217089,2284,17219373
"357",8,17221472,1467,17222939,3751,17226690
"358",8,17273006,1667,17274673,3551,17278224
"359",8,17302956,2684,17305640,2534,17308174
"360",8,17329207,2583,17331790,2635,17334425
"361",8,17359207,1400,17360607,3818,17364425
"362",8,17373724,1984,17375708,3234,17378942
"363",8,17441492,1167,17442659,4051,17446710
"364",8,17462659,2450,17465109,2768,17467877
"365",8,17521310,1717,17523027,3501,17526528
"366",8,17551144,1383,17552527,3835,17556362
"367",8,17572894,2067,17574961,3151,17578112
"368",8,17620978,1534,17622512,3684,17626196
"369",8,17634762,1917,17636679,3301,17639980
"370",8,17676446,1200,17677646,4018,17681664
"371",8,17746130,1284,17747414,3934,17751348
"372",8,17809931,1100,17811031,4118,17815149
"373",8,17816765,1450,17818215,3768,17821983
"374",8,17938350,1533,17939883,3685,17943568
"375",8,17988051,1850,17989901,3368,17993269
"376",8,18016201,3784,18019985,1434,18021419
"377",8,18087402,2334,18089736,2884,18092620
"378",8,18122736,2317,18125053,2901,18127954
"379",8,18144403,2484,18146887,2734,18149621
"380",8,18165637,1234,18166871,3984,18170855
"381",8,18173237,1050,18174287,4168,18178455
"382",8,18225338,1450,18226788,3768,18230556
"383",8,18252872,1117,18253989,4101,18258090
"384",8,18288606,816,18289422,4402,18293824
"385",8,18317339,1051,18318390,4167,18322557
"386",8,18374974,1633,18376607,3585,18380192
"387",8,18389707,1134,18390841,4084,18394925
"388",8,18425141,2984,18428125,2234,18430359
"389",8,18432541,1684,18434225,3534,18437759
"390",8,18439841,1101,18440942,4117,18445059
"391",8,18454258,1000,18455258,4218,18459476
"392",8,18468475,2084,18470559,3134,18473693
"393",8,18483175,1134,18484309,4084,18488393
"394",8,18525276,717,18525993,4501,18530494
"395",8,18583994,1500,18585494,3718,18589212
"396",9,1178422,2681,1181103,2537,1183640
"397",9,1219520,1500,1221020,3718,1224738
"398",9,1267587,2767,1270354,2451,1272805
"399",9,1308738,2117,1310855,3101,1313956
"400",9,1336188,1934,1338122,3284,1341406
"401",9,1349889,1466,1351355,3752,1355107
"402",9,1356722,1650,1358372,3568,1361940
"403",9,1453974,1550,1455524,3667,1459191
"404",9,1474540,1701,1476241,3517,1479758
"405",9,1481407,1600,1483007,3618,1486625
"406",9,1495141,1350,1496491,3868,1500359
"407",9,1563942,1500,1565442,3718,1569160
"408",9,1674477,2050,1676527,3168,1679695
"409",9,1749895,1433,1751328,3785,1755113
"410",9,1804746,1066,1805812,4152,1809964
"411",9,1832146,984,1833130,4234,1837364
"412",9,1873297,1383,1874680,3835,1878515
"413",9,1914464,1550,1916014,3668,1919682
"414",9,1955615,2150,1957765,3068,1960833
"415",9,1962481,1484,1963965,3734,1967699
"416",9,2024199,1000,2025199,4218,2029417
"417",9,2031032,1184,2032216,4034,2036250
"418",9,2099650,1517,2101167,3701,2104868
"419",9,2113367,1184,2114551,4034,2118585
"420",9,2127084,1067,2128151,4151,2132302
"421",9,2133917,1367,2135284,3851,2139135
"422",9,2181951,1767,2183718,3451,2187169
"423",9,2188818,1050,2189868,4168,2194036
"424",9,2195685,1000,2196685,4218,2200903
"425",9,2223252,817,2224069,4401,2228470
"426",9,2305603,1634,2307237,3584,2310821
"427",9,2333020,1434,2334454,3784,2338238
"428",9,2380988,800,2381788,4418,2386206
"429",9,2415272,950,2416222,4268,2420490
"430",9,2422122,667,2422789,4551,2427340
"431",9,2428972,1267,2430239,3951,2434190
"432",9,2435822,1500,2437322,3718,2441040
"433",9,2497540,1950,2499490,3268,2502758
"434",9,2511273,967,2512240,4251,2516491
"435",9,2518140,1250,2519390,3968,2523358
"436",9,2545607,950,2546557,4268,2550825
"437",10,4260484,2133,4262617,3085,4265702
"438",10,4281067,1867,4282934,3351,4286285
"439",10,4287917,1667,4289584,3552,4293136
"440",10,4315501,1117,4316618,4101,4320719
"441",10,4329201,1251,4330452,3967,4334419
"442",10,4336052,1350,4337402,3868,4341270
"443",10,4356602,1733,4358335,3485,4361820
"444",10,4363469,1933,4365402,3285,4368687
"445",10,4370302,2600,4372902,2618,4375520
"446",10,4378452,1267,4379719,3951,4383670
"447",10,4385302,1867,4387169,3351,4390520
"448",10,4441470,1267,4442737,3951,4446688
"449",10,4462070,2017,4464087,3201,4467288
"450",10,4489471,1800,4491271,3418,4494689
"451",10,4517821,2000,4519821,3218,4523039
"452",10,4552022,1983,4554005,3235,4557240
"453",10,4558855,1400,4560255,3818,4564073
"454",10,4593622,1050,4594672,4168,4598840
"455",10,4607322,1584,4608906,3634,4612540
"456",10,4614673,2250,4616923,2968,4619891
"457",10,4669707,1100,4670807,4118,4674925
"458",10,4717874,1784,4719658,3434,4723092
"459",10,4766075,1100,4767175,4118,4771293
"460",10,4772908,1834,4774742,3384,4778126
"461",10,4779775,1300,4781075,3918,4784993
"462",10,4828993,1483,4830476,3735,4834211
"463",10,4885994,2466,4888460,2752,4891212
"464",10,4913577,1934,4915511,3284,4918795
"465",10,4955311,2334,4957645,2884,4960529
"466",10,5018362,1284,5019646,3934,5023580
"467",10,5032096,1900,5033996,3318,5037314
"468",10,5100930,1467,5102397,3751,5106148
"469",10,5185398,1250,5186648,3968,5190616
"470",10,5248899,1367,5250266,3851,5254117
"471",10,5263949,1217,5265166,4001,5269167
"472",10,5313934,2016,5315950,3201,5319151
"473",10,5335801,1433,5337234,3784,5341018
"474",10,5357051,2050,5359101,3168,5362269
"475",10,5377601,1167,5378768,4051,5382819
"476",10,5405768,1617,5407385,3601,5410986
"477",10,5434102,1034,5435136,4184,5439320
"478",10,5447902,1717,5449619,3501,5453120
"479",10,5528204,1533,5529737,3685,5533422
"480",10,5549104,2400,5551504,2818,5554322
"481",10,5571221,1350,5572571,3868,5576439
"482",11,8440983,2500,8443483,2717,8446200
"483",11,8475500,4000,8479500,1218,8480718
"484",11,8504300,5784,8510084,1016,8511100
"485",11,8512884,8117,8521001,1016,8522017
"486",11,8537367,1417,8538784,3801,8542585
"487",11,8599602,1383,8600985,3835,8604820
"488",11,8627752,2467,8630219,2751,8632970
"489",11,8634686,2033,8636719,3184,8639903
"490",11,8749871,2650,8752521,2568,8755089
"491",11,8757138,4533,8761671,1017,8762688
"492",11,8854139,1384,8855523,3834,8859357
"493",11,8902273,1500,8903773,3718,8907491
"494",11,8909273,2000,8911273,3218,8914491
"495",11,8932957,2050,8935007,3168,8938175
"496",11,8993191,2434,8995625,2784,8998409
"497",11,9034292,2967,9037259,2251,9039510
"498",11,9048492,3434,9051926,1784,9053710
"499",11,9075893,2533,9078426,2685,9081111
"500",11,9096743,2600,9099343,2618,9101961
"501",11,9103593,1883,9105476,3335,9108811
"502",11,9153010,1451,9154461,3767,9158228
"503",11,9209561,1701,9211262,3517,9214779
"504",11,9258445,1534,9259979,3684,9263663
"505",11,9272162,1800,9273962,3418,9277380
"506",11,9320796,1517,9322313,3701,9326014
"507",11,9334913,2200,9337113,3018,9340131
"508",11,9364947,2467,9367414,2751,9370165
"509",11,9395098,1967,9397065,3250,9400315
"510",11,9408781,2884,9411665,2334,9413999
"511",11,9423548,3384,9426932,1834,9428766
"512",11,9431465,1483,9432948,3735,9436683
"513",11,9465882,1517,9467399,3701,9471100
"514",11,9486432,3017,9489449,2201,9491650
"515",11,9520733,1100,9521833,4118,9525951
"516",11,9527683,1300,9528983,3918,9532901
"517",11,9541500,3067,9544567,2151,9546718
"518",11,9600384,2450,9602834,2768,9605602
"519",11,9663568,1634,9665202,3584,9668786
"520",11,9754153,3267,9757420,1951,9759371
"521",11,9761003,3367,9764370,1851,9766221
"522",11,9810187,2101,9812288,3117,9815405
"523",11,9817021,5800,9822821,1017,9823838
"524",12,12009005,2751,12011756,2468,12014224
"525",12,12015856,1967,12017823,3251,12021074
"526",12,12022922,1501,12024423,3717,12028140
"527",12,12080390,4017,12084407,1201,12085608
"528",12,12095974,7717,12103691,1016,12104707
"529",12,12106490,5834,12112324,1017,12113341
"530",12,12167858,3034,12170892,2184,12173076
"531",12,12218042,1151,12219193,4067,12223260
"532",12,12224909,1400,12226309,3818,12230127
"533",12,12324461,833,12325294,4385,12329679
"534",12,12336094,1400,12337494,3818,12341312
"535",12,12364961,900,12365861,4318,12370179
"536",12,12420412,6684,12427096,1016,12428112
"537",12,12445496,2133,12447629,3085,12450714
"538",12,12540031,1633,12541664,3585,12545249
"539",12,12557964,1650,12559614,3568,12563182
"540",12,12572648,1000,12573648,4218,12577866
"541",12,12594448,2534,12596982,2684,12599666
"542",12,12616232,2150,12618382,3068,12621450
"543",12,12664016,2317,12666333,2901,12669234
"544",12,12684800,2266,12687066,2952,12690018
"545",12,12692516,2084,12694600,3134,12697734
"546",12,12735217,1117,12736334,4101,12740435
"547",12,12742067,900,12742967,4318,12747285
"548",12,12815318,1117,12816435,4101,12820536
"549",12,12891536,1417,12892953,3801,12896754
"550",12,12931837,10283,12942120,1017,12943137
"551",12,12945587,2734,12948321,2484,12950805
"552",12,12960204,1200,12961404,4018,12965422
"553",12,12967054,1417,12968471,3801,12972272
"554",12,12991054,1234,12992288,3984,12996272
"555",12,13005071,1617,13006688,3601,13010289
"556",12,13043639,1650,13045289,3568,13048857
"557",12,13067989,1033,13069022,4185,13073207
"558",12,13110156,1084,13111240,4134,13115374
"559",12,13121057,1350,13122407,3868,13126275
"560",12,13132090,1750,13133840,3468,13137308
"561",12,13174257,834,13175091,4384,13179475
"562",12,13283992,1184,13285176,4034,13289210
"563",12,13293943,1633,13295576,3584,13299160
"564",12,13302343,1266,13303609,3952,13307561
"565",12,13311293,11867,13323160,1017,13324177
"566",12,13325960,1067,13327027,4151,13331178
"567",12,13333043,1684,13334727,3534,13338261
"568",12,13377377,901,13378278,4317,13382595
"569",12,13384211,2100,13386311,3118,13389429
"570",12,13448378,3034,13451412,2184,13453596
"571",12,13514513,1883,13516396,3335,13519731
"572",12,13551347,2266,13553613,2952,13556565
"573",12,13572080,2317,13574397,2901,13577298
"574",12,13621481,1017,13622498,4201,13626699
"575",13,3777868,1734,3779602,3484,3783086
"576",13,3785218,1567,3786785,3651,3790436
"577",13,3798935,967,3799902,4251,3804153
"578",13,3840202,1367,3841569,3851,3845420
"579",13,3854569,2884,3857453,2334,3859787
"580",13,3875253,3967,3879220,1251,3880471
"581",13,3931204,4417,3935621,1016,3936637
"582",13,3972571,1500,3974071,3718,3977789
"583",13,3979938,3400,3983338,1818,3985156
"584",13,3986788,1950,3988738,3268,3992006
"585",13,4022355,2950,4025305,2268,4027573
"586",13,4036339,1367,4037706,3851,4041557
"587",13,4065573,1466,4067039,3751,4070790
"588",13,4079473,2267,4081740,2950,4084690
"589",13,4114473,3084,4117557,2134,4119691
"590",13,4143174,2350,4145524,2868,4148392
"591",13,4172541,2017,4174558,3201,4177759
"592",13,4221758,1950,4223708,3268,4226976
"593",13,4307893,1167,4309060,4051,4313111
"594",13,4315226,2467,4317693,2751,4320444
"595",13,4335793,1584,4337377,3634,4341011
"596",13,4383961,1283,4385244,3935,4389179
"597",13,4390811,1050,4391861,4168,4396029
"598",13,4397661,1384,4399045,3834,4402879
"599",13,4404644,884,4405528,4334,4409862
"600",13,4488029,2250,4490279,2968,4493247
"601",13,4524363,1084,4525447,4134,4529581
"602",13,4572380,1334,4573714,3884,4577598
"603",13,4579364,1617,4580981,3601,4584582
"604",13,4614598,1133,4615731,4085,4619816
"605",13,4691566,1450,4693016,3768,4696784
"606",13,4778934,1533,4780467,3685,4784152
"607",13,4821051,1184,4822235,4034,4826269
"608",13,4899252,1100,4900352,4118,4904470
"609",13,4906086,1033,4907119,4185,4911304
"610",13,4920619,984,4921603,4234,4925837
"611",13,4928003,783,4928786,4435,4933221
"612",13,4936303,3483,4939786,1735,4941521
"613",13,4958670,1750,4960420,3468,4963888
"614",13,5010704,4500,5015204,1017,5016221
"615",13,5018437,1851,5020288,3367,5023655
"616",13,5124389,2250,5126639,2968,5129607
"617",13,5144989,1101,5146090,4117,5150207
"618",13,5172406,1384,5173790,3834,5177624
"619",14,11215952,2117,11218069,3101,11221170
"620",14,11231852,1384,11233236,3834,11237070
"621",14,11297387,1233,11298620,3985,11302605
"622",14,11304987,1450,11306437,3768,11310205
"623",14,11312487,2417,11314904,2801,11317705
"624",14,11320937,2500,11323437,2718,11326155
"625",14,11335554,1000,11336554,4218,11340772
"626",14,11409838,1584,11411422,3634,11415056
"627",14,11430889,1867,11432756,3351,11436107
"628",14,11468639,1901,11470540,3317,11473857
"629",14,11525057,1467,11526524,3751,11530275
"630",14,11532340,2551,11534891,2667,11537558
"631",14,11553558,1616,11555174,3602,11558776
"632",14,11581591,1217,11582808,4001,11586809
"633",14,11623692,3600,11627292,1618,11628910
"634",14,11670493,1517,11672010,3701,11675711
"635",14,11732144,1400,11733544,3817,11737361
"636",14,11791161,1351,11792512,3867,11796379
"637",14,11798661,1567,11800228,3651,11803879
"638",14,11805528,900,11806428,4318,11810746
"639",14,11833762,1067,11834829,4151,11838980
"640",14,11912680,1367,11914047,3851,11917898
"641",14,11941630,1201,11942831,4017,11946848
"642",14,12012615,917,12013532,4301,12017833
"643",14,12078816,1383,12080199,3835,12084034
"644",14,12121183,984,12122167,4234,12126401
"645",14,12165484,1367,12166851,3851,12170702
"646",14,12220952,1416,12222368,3802,12226170
"647",14,12277569,1650,12279219,3568,12282787
"648",14,12299169,1117,12300286,4101,12304387
"649",14,12306019,1217,12307236,4001,12311237
"650",14,12312903,1283,12314186,3935,12318121
"651",14,12361854,3417,12365271,1801,12367072
"652",14,12444188,884,12445072,4334,12449406
"653",14,12510473,1267,12511740,3951,12515691
"654",14,12517540,1350,12518890,3867,12522757
"655",14,12560990,1384,12562374,3834,12566208
"656",14,12576491,883,12577374,4335,12581709
"657",14,12604791,1200,12605991,4018,12610009
"658",14,12640392,1166,12641558,4051,12645609
"659",14,12669525,767,12670292,4451,12674743
"660",15,14746742,2217,14748959,3001,14751960
"661",15,14760442,1384,14761826,3834,14765660
"662",15,14767292,4501,14771793,1016,14772809
"663",15,14774442,1551,14775993,3667,14779660
"664",15,14781292,2801,14784093,2417,14786510
"665",15,14788176,2734,14790910,2484,14793394
"666",15,14795143,1183,14796326,4035,14800361
"667",15,14801993,1267,14803260,3951,14807211
"668",15,14808876,4034,14812910,1184,14814094
"669",15,14815743,3167,14818910,2051,14820961
"670",15,14822610,1117,14823727,4101,14827828
"671",15,14836693,1801,14838494,3417,14841911
"672",15,14850394,1150,14851544,4068,14855612
"673",15,14870961,1316,14872277,3902,14876179
"674",15,14884661,1267,14885928,3951,14889879
"675",15,14891528,1083,14892611,4135,14896746
"676",15,14905261,4050,14909311,1168,14910479
"677",15,14912961,1300,14914261,3918,14918179
"678",15,14947245,1267,14948512,3951,14952463
"679",15,14995729,1717,14997446,3501,15000947
"680",15,15002596,917,15003513,4301,15007814
"681",15,15023680,1167,15024847,4051,15028898
"682",15,15031313,1267,15032580,3951,15036531
"683",15,15052163,951,15053114,4268,15057382
"684",15,15059030,1700,15060730,3518,15064248
"685",15,15080864,2217,15083081,3001,15086082
"686",15,15095398,1450,15096848,3767,15100615
"687",15,15102248,1017,15103265,4201,15107466
"688",15,15139382,1200,15140582,4017,15144599
"689",15,15153082,1367,15154449,3851,15158300
"690",15,15159932,1484,15161416,3734,15165150
"691",15,15173665,1151,15174816,4068,15178884
"692",15,15180499,917,15181416,4301,15185717
"693",15,15201066,867,15201933,4351,15206284
"694",15,15221633,1150,15222783,4068,15226851
"695",15,15235550,1367,15236917,3851,15240768
"696",15,15279184,1200,15280384,4018,15284402
"697",15,15292884,2234,15295118,2984,15298102
"698",15,15313584,901,15314485,4317,15318802
"699",15,15320451,1200,15321651,4018,15325669
"700",15,15334185,1033,15335218,4185,15339403
"701",15,15341035,1017,15342052,4201,15346253
"702",15,15376085,917,15377002,4301,15381303
"703",15,15411753,2783,15414536,2434,15416970
"704",15,15418836,3217,15422053,2001,15424054
"705",15,15427870,4083,15431953,1135,15433088
"706",15,15448470,1050,15449520,4168,15453688
"707",15,15455303,1667,15456970,3551,15460521
"708",15,15462153,2101,15464254,3117,15467371
"709",15,15504487,884,15505371,4334,15509705
"710",15,15529705,1150,15530855,4068,15534923
"711",15,15536805,750,15537555,4468,15542023
"712",15,15543655,1150,15544805,4068,15548873
"713",15,15550572,1166,15551738,4052,15555790
"714",15,15557438,734,15558172,4484,15562656
"715",15,15564305,1684,15565989,3534,15569523
"716",15,15591789,1017,15592806,4201,15597007
"717",15,15598656,1283,15599939,3935,15603874
"718",15,15606572,851,15607423,4368,15611791
"719",15,15613706,1200,15614906,4018,15618924
"720",15,15627873,1000,15628873,4218,15633091
"721",15,15634723,984,15635707,4234,15639941
"722",15,15656723,1167,15657890,4051,15661941
"723",15,15665807,1050,15666857,4168,15671025
"724",15,15679540,1300,15680840,3918,15684758
"725",15,15686390,1067,15687457,4152,15691609
"726",15,15714024,1084,15715108,4134,15719242
"727",15,15721024,1284,15722308,3934,15726242
"728",15,15734858,1450,15736308,3768,15740076
"729",15,15741841,1617,15743458,3601,15747059
"730",15,15748691,1134,15749825,4084,15753909
"731",15,15756108,1584,15757692,3634,15761326
"732",15,15780259,766,15781025,4451,15785476
"733",15,15802426,817,15803243,4401,15807644
"734",15,15828843,750,15829593,4468,15834061
"735",15,15870810,1117,15871927,4101,15876028
"736",15,15893060,851,15893911,4367,15898278
"737",15,15900160,934,15901094,4284,15905378
"738",15,15909211,867,15910078,4351,15914429
"739",15,15923044,1850,15924894,3368,15928262
"740",15,15930061,717,15930778,4501,15935279
"741",15,15936911,1034,15937945,4184,15942129
"742",15,15943778,1767,15945545,3451,15948996
"743",15,15960462,2233,15962695,2984,15965679
"744",15,15975345,1067,15976412,4151,15980563
"745",15,15982345,934,15983279,4284,15987563
"746",15,15989195,1900,15991095,3318,15994413
"747",15,16012312,867,16013179,4351,16017530
"748",15,16034613,800,16035413,4418,16039831
"749",15,16049930,1000,16050930,4218,16055148
"750",15,16057830,1000,16058830,4218,16063048
"751",15,16092514,1233,16093747,3984,16097731
"752",15,16099597,717,16100314,4501,16104815
"753",15,16106430,884,16107314,4334,16111648
"754",15,16113297,1617,16114914,3601,16118515
"755",15,16120214,934,16121148,4284,16125432
"756",15,16133948,816,16134764,4402,16139166
"757",15,16147814,651,16148465,4568,16153033
"758",15,16161531,1101,16162632,4117,16166749
"759",16,8165918,4383,8170301,1017,8171318
"760",16,8196902,2833,8199735,2385,8202120
"761",16,8204452,5533,8209985,1017,8211002
"762",16,8213935,4584,8218519,1016,8219535
"763",16,8241602,3867,8245469,1351,8246820
"764",16,8249269,2434,8251703,2784,8254487
"765",16,8293170,8900,8302070,1017,8303087
"766",16,8325420,4100,8329520,1118,8330638
"767",16,8339487,3867,8343354,1351,8344705
"768",16,8354104,3467,8357571,1751,8359322
"769",16,8405355,2417,8407772,2801,8410573
"770",16,8425505,3667,8429172,1551,8430723
"771",16,8432505,4617,8437122,1017,8438139
"772",16,8462122,1350,8463472,3868,8467340
"773",16,8502356,1850,8504206,3368,8507574
"774",16,8552674,6000,8558674,1017,8559691
"775",16,8611774,4134,8615908,1084,8616992
"776",16,8663225,2934,8666159,2284,8668443
"777",16,8680625,2784,8683409,2434,8685843
"778",16,8687642,2584,8690226,2634,8692860
"779",16,8757143,5717,8762860,1017,8763877
"780",16,8823128,4550,8827678,1016,8828694
"781",16,9007114,2917,9010031,2300,9012331
"782",16,9029064,1717,9030781,3501,9034282
"783",16,9060048,1417,9061465,3801,9065266
"784",16,9215517,4950,9220467,1017,9221484
"785",16,9283751,4284,9288035,1016,9289051
"786",16,9311251,3101,9314352,2117,9316469
"787",16,9338835,2284,9341119,2934,9344053
"788",16,9364186,4583,9368769,1017,9369786
"789",16,9382203,2816,9385019,2401,9387420
"790",16,9394386,1567,9395953,3651,9399604
"791",16,9457887,2917,9460804,2301,9463105
"792",16,9510621,2117,9512738,3101,9515839
"793",16,9533971,1617,9535588,3601,9539189
"794",16,9541788,1717,9543505,3501,9547006
"795",16,9567422,2450,9569872,2768,9572640
"796",16,9585522,1817,9587339,3401,9590740
"797",16,9608639,3250,9611889,1968,9613857
"798",16,9664840,4667,9669507,1017,9670524
"799",16,9697174,1250,9698424,3968,9702392
"800",16,9713624,3767,9717391,1451,9718842
"801",16,9776975,3484,9780459,1734,9782193
"802",16,9798309,1983,9800292,3234,9803526
"803",17,2442236,3134,2445370,2084,2447454
"804",17,2456637,3450,2460087,1767,2461854
"805",17,2534738,5067,2539805,1016,2540821
"806",17,2542538,1717,2544255,3501,2547756
"807",17,2549404,3617,2553021,1601,2554622
"808",17,2556271,3400,2559671,1818,2561489
"809",17,2598138,3834,2601972,1384,2603356
"810",17,2604989,1450,2606439,3768,2610207
"811",17,2678156,2434,2680590,2784,2683374
"812",17,2705823,3234,2709057,1984,2711041
"813",17,2733590,4234,2737824,1017,2738841
"814",17,2747357,6667,2754024,1017,2755041
"815",17,2778824,4284,2783108,1017,2784125
"816",17,2799458,4933,2804391,1017,2805408
"817",17,2807041,2817,2809858,2401,2812259
"818",17,2835792,2350,2838142,2868,2841010
"819",17,2842658,3767,2846425,1451,2847876
"820",17,2849509,4183,2853692,1034,2854726
"821",17,3034028,2950,3036978,2268,3039246
"822",17,3047861,13767,3061628,1017,3062645
"823",17,3095729,1950,3097679,3268,3100947
"824",17,3140679,4701,3145380,1016,3146396
"825",17,3148029,4534,3152563,1017,3153580
"826",17,3155213,2133,3157346,3085,3160431
"827",17,3198780,6217,3204997,1017,3206014
"828",17,3207764,3250,3211014,1968,3212982
"829",17,3235647,4951,3240598,1016,3241614
"830",17,3430167,4033,3434200,1185,3435385
"831",17,3443884,5800,3449684,1017,3450701
"832",17,3452350,3401,3455751,1817,3457568
"833",17,3459217,2617,3461834,2601,3464435
"834",17,3474601,7017,3481618,1016,3482634
"835",17,3497968,3283,3501251,1935,3503186
"836",17,3534918,2934,3537852,2284,3540136
"837",17,3541768,3284,3545052,1934,3546986
"838",17,3548635,8634,3557269,1016,3558285
"839",17,3587319,2600,3589919,2618,3592537
"840",17,3685837,1700,3687537,3518,3691055
"841",17,3707254,16084,3723338,1017,3724355
"842",17,3732838,1617,3734455,3601,3738056
"843",17,3829989,3400,3833389,1818,3835207
"844",17,3836856,3617,3840473,1601,3842074
"845",17,3843706,9517,3853223,1017,3854240
"846",17,3876573,1217,3877790,4001,3881791
"847",18,13144071,1217,13145288,4001,13149289
"848",18,13171455,1800,13173255,3418,13176673
"849",18,13198889,1450,13200339,3768,13204107
"850",18,13233373,2450,13235823,2768,13238591
"851",18,13267657,1600,13269257,3618,13272875
"852",18,13274523,1600,13276123,3618,13279741
"853",18,13301990,1101,13303091,4118,13307209
"854",18,13309607,1317,13310924,3901,13314825
"855",18,13351841,1417,13353258,3801,13357059
"856",18,13429426,2016,13431442,3202,13434644
"857",18,13534977,817,13535794,4401,13540195
"858",18,13578261,1134,13579395,4084,13583479
"859",18,13599995,950,13600945,4268,13605213
"860",18,13645279,1383,13646662,3835,13650497
"861",18,13662512,3401,13665913,1817,13667730
"862",18,13683096,1650,13684746,3568,13688314
"863",18,13766764,1017,13767781,4201,13771982
"864",18,13787814,1184,13788998,4034,13793032
"865",18,13838648,2034,13840682,3184,13843866
"866",18,13902283,2083,13904366,3135,13907501
"867",18,13953017,2483,13955500,2734,13958234
"868",18,13973550,1584,13975134,3634,13978768
"869",18,13987284,1083,13988367,4135,13992502
"870",18,14022684,1234,14023918,3984,14027902
"871",18,14031534,1467,14033001,3751,14036752
"872",18,14038401,1000,14039401,4218,14043619
"873",18,14046068,1534,14047602,3684,14051286
"874",18,14088035,1317,14089352,3901,14093253
"875",18,14108602,1734,14110336,3484,14113820
"876",18,14159486,1500,14160986,3718,14164704
"877",18,14182020,1300,14183320,3918,14187238
"878",18,14212454,1133,14213587,4085,14217672
"879",18,14226154,817,14226971,4401,14231372
"880",18,14240138,1516,14241654,3701,14245355
"881",18,14276638,1550,14278188,3668,14281856
"882",18,14283638,2050,14285688,3168,14288856
"883",18,14317305,2050,14319355,3168,14322523
"884",18,14338639,1217,14339856,4001,14343857
"885",18,14345489,2034,14347523,3184,14350707
"886",18,14381456,1017,14382473,4201,14386674
"887",18,14395540,1550,14397090,3668,14400758
"888",18,14410557,1717,14412274,3500,14415774
"889",18,14424557,1400,14425957,3818,14429775
"890",18,14473224,1050,14474274,4168,14478442
"891",18,14522425,1684,14524109,3534,14527643
"892",19,16474554,1300,16475854,3918,16479772
"893",19,16502704,3484,16506188,1734,16507922
"894",19,16537755,1983,16539738,3235,16542973
"895",19,16544605,3600,16548205,1618,16549823
"896",19,16551455,2617,16554072,2601,16556673
"897",19,16572005,1367,16573372,3851,16577223
"898",19,16656657,1100,16657757,4117,16661874
"899",19,16679790,1750,16681540,3468,16685008
"900",19,16686757,3750,16690507,1468,16691975
"901",19,16708841,2150,16710991,3067,16714058
"902",19,16722707,2751,16725458,2467,16727925
"903",19,16779742,1083,16780825,4135,16784960
"904",19,16814609,1583,16816192,3635,16819827
"905",19,16876960,1800,16878760,3418,16882178
"906",19,16989428,1567,16990995,3651,16994646
"907",19,16996311,1384,16997695,3834,17001529
"908",19,17016845,3334,17020179,1884,17022063
"909",19,17023979,1417,17025396,3800,17029196
"910",19,17164747,1534,17166281,3684,17169965
"911",19,17171614,1000,17172614,4218,17176832
"912",19,17178498,2800,17181298,2417,17183715
"913",19,17192714,1151,17193865,4067,17197932
"914",19,17228665,3150,17231815,2068,17233883
"915",19,17285383,2750,17288133,2467,17290600
"916",19,17300149,1617,17301766,3601,17305367
"917",19,17315650,1466,17317116,3752,17320868
"918",19,17322800,1617,17324417,3601,17328018
"919",19,17336683,3017,17339700,2201,17341901
"920",19,17350383,1251,17351634,3967,17355601
"921",19,17357233,1451,17358684,3768,17362452
"922",19,17378634,2333,17380967,2885,17383852
"923",19,17392384,1784,17394168,3434,17397602
"924",19,17406101,2067,17408168,3151,17411319
"925",19,17412934,817,17413751,4401,17418152
"926",19,17419784,1101,17420885,4118,17425003
"927",19,17461052,1833,17462885,3385,17466270
"928",19,17467902,1600,17469502,3618,17473120
"929",19,17502702,1001,17503703,4217,17507920
"930",19,17509536,1100,17510636,4118,17514754
"931",19,17523253,1283,17524536,3935,17528471
"932",19,17578587,1250,17579837,3968,17583805
"933",19,17635521,1934,17637455,3284,17640739
"934",19,17725239,1784,17727023,3434,17730457
"935",19,17746006,1684,17747690,3534,17751224
"936",19,17837807,1067,17838874,4151,17843025
"937",19,17873175,1050,17874225,4168,17878393
"938",20,20559898,1650,20561548,3568,20565116
"939",20,20594399,3017,20597416,2201,20599617
"940",20,20601232,1333,20602565,3885,20606450
"941",20,20608066,1666,20609732,3552,20613284
"942",20,20615682,2484,20618166,2734,20620900
"943",20,20656799,3951,20660750,1267,20662017
"944",20,20670683,1750,20672433,3468,20675901
"945",20,20705334,3767,20709101,1451,20710552
"946",20,20719050,1317,20720367,3901,20724268
"947",20,20747334,4267,20751601,1017,20752618
"948",20,20774935,1283,20776218,3935,20780153
"949",20,20806835,2267,20809102,2951,20812053
"950",20,20841119,1917,20843036,3301,20846337
"951",20,20889336,3067,20892403,2151,20894554
"952",20,20903070,1967,20905037,3251,20908288
"953",20,20917020,2317,20919337,2901,20922238
"954",20,20938087,3517,20941604,1701,20943305
"955",20,20958787,1417,20960204,3801,20964005
"956",20,20980021,1250,20981271,3968,20985239
"957",20,20993988,2033,20996021,3185,20999206
"958",20,21023022,2233,21025255,2985,21028240
"959",20,21058322,1550,21059872,3668,21063540
"960",20,21185974,1700,21187674,3518,21191192
"961",20,21207558,1117,21208675,4101,21212776
"962",20,21221641,1117,21222758,4101,21226859
"963",20,21278876,2067,21280943,3151,21284094
"964",20,21292759,1484,21294243,3734,21297977
"965",20,21307743,2733,21310476,2485,21312961
"966",20,21321510,1817,21323327,3400,21326727
"967",20,21342810,1550,21344360,3668,21348028
"968",20,21356777,2717,21359494,2501,21361995
"969",20,21414044,851,21414895,4367,21419262
"970",20,21435711,1201,21436912,4017,21440929
"971",20,21467095,3117,21470212,2101,21472313
"972",20,21481245,6751,21487996,1016,21489012
"973",20,21505729,917,21506646,4301,21510947
"974",20,21535296,1784,21537080,3434,21540514
"975",20,21563880,7550,21571430,1017,21572447
"976",20,21603964,2417,21606381,2801,21609182
"977",20,21652165,1633,21653798,3585,21657383
"978",20,21674615,1467,21676082,3751,21679833
"979",20,21681465,1950,21683415,3268,21686683
"980",20,21696915,1417,21698332,3801,21702133
"981",20,21777250,3050,21780300,2168,21782468
"982",21,4178471,1733,4180204,3485,4183689
"983",21,4185321,2367,4187688,2851,4190539
"984",21,4207605,2150,4209755,3067,4212822
"985",21,4273706,1700,4275406,3517,4278923
"986",21,4301106,3517,4304623,1701,4306324
"987",21,4335890,4167,4340057,1051,4341108
"988",21,4349707,3300,4353007,1917,4354924
"989",21,4405374,1884,4407258,3334,4410592
"990",21,4506059,2884,4508943,2334,4511277
"991",21,4526626,2233,4528859,2985,4531844
"992",21,4540576,3467,4544043,1751,4545794
"993",21,4574843,2200,4577043,3018,4580061
"994",21,4615977,4917,4620894,1017,4621911
"995",21,4630444,1317,4631761,3901,4635662
"996",21,4684145,2817,4686962,2401,4689363
"997",21,4691028,2867,4693895,2351,4696246
"998",21,4765713,3283,4768996,1935,4770931
"999",21,4793130,13050,4806180,1017,4807197
"1000",21,4829547,3750,4833297,1468,4834765
"1001",21,4836414,1766,4838180,3452,4841632
"1002",21,4864214,2867,4867081,2351,4869432
"1003",21,4906565,1283,4907848,3935,4911783
"1004",21,4927332,4017,4931349,1201,4932550
"1005",21,4955032,1067,4956099,4151,4960250
"1006",21,4989516,1917,4991433,3301,4994734
"1007",21,4996383,3683,5000066,1534,5001600
"1008",21,5017883,1367,5019250,3851,5023101
"1009",21,5073550,2334,5075884,2884,5078768
"1010",21,5095584,1150,5096734,4068,5100802
"1011",21,5109318,2250,5111568,2967,5114535
"1012",21,5171668,2717,5174385,2501,5176886
"1013",21,5193185,2751,5195936,2467,5198403
"1014",21,5248120,1216,5249336,4002,5253338
"1015",21,5283337,1600,5284937,3618,5288555
"1016",21,5297037,1200,5298237,4018,5302255
"1017",21,5318604,1767,5320371,3451,5323822
"1018",21,5360705,1600,5362305,3617,5365922
"1019",21,5401772,1900,5403672,3318,5406990
"1020",21,5422339,1450,5423789,3768,5427557
"1021",21,5457573,1066,5458639,4151,5462790
"1022",21,5464439,3301,5467740,1917,5469657
"1023",21,5485023,1467,5486490,3751,5490241
"1024",21,5498757,1850,5500607,3367,5503974
"1025",21,5505607,1283,5506890,3935,5510825
"1026",21,5512440,3150,5515590,2068,5517658
"1027",21,5519290,917,5520207,4301,5524508
"1028",21,5534174,900,5535074,4318,5539392
"1029",22,11698895,3001,11701896,2217,11704113
"1030",22,11732646,1100,11733746,4118,11737864
"1031",22,11746346,5517,11751863,1017,11752880
"1032",22,11768396,3601,11771997,1617,11773614
"1033",22,11775263,6834,11782097,1016,11783113
"1034",22,11821647,1417,11823064,3801,11826865
"1035",22,11846081,1517,11847598,3701,11851299
"1036",22,11891465,1567,11893032,3651,11896683
"1037",22,11906265,1584,11907849,3634,11911483
"1038",22,11913115,2067,11915182,3151,11918333
"1039",22,12004450,1317,12005767,3901,12009668
"1040",22,12109301,4967,12114268,1017,12115285
"1041",22,12147002,1867,12148869,3351,12152220
"1042",22,12154052,1684,12155736,3534,12159270
"1043",22,12176369,1367,12177736,3851,12181587
"1044",22,12218553,867,12219420,4351,12223771
"1045",22,12225420,1300,12226720,3918,12230638
"1046",22,12312221,867,12313088,4351,12317439
"1047",22,12319871,1750,12321621,3468,12325089
"1048",22,12337071,1701,12338772,3517,12342289
"1049",22,12396089,750,12396839,4468,12401307
"1050",22,12409806,900,12410706,4318,12415024
"1051",22,12417823,1367,12419190,3851,12423041
"1052",22,12424690,3233,12427923,1984,12429907
"1053",22,12439290,1850,12441140,3368,12444508
"1054",22,12446156,1517,12447673,3701,12451374
"1055",22,12453023,1334,12454357,3884,12458241
"1056",22,12495124,3483,12498607,1735,12500342
"1057",22,12526641,1234,12527875,3984,12531859
"1058",22,12554675,3400,12558075,1818,12559893
"1059",22,12561542,1183,12562725,4034,12566759
"1060",22,12583675,1050,12584725,4168,12588893
"1061",22,12591075,1567,12592642,3651,12596293
"1062",22,12597942,967,12598909,4251,12603160
"1063",22,12618559,967,12619526,4251,12623777
"1064",22,12653293,1117,12654410,4101,12658511
"1065",22,12675710,1133,12676843,4085,12680928
"1066",22,12710894,1017,12711911,4201,12716112
"1067",22,12731411,2633,12734044,2585,12736629
"1068",22,12738444,1200,12739644,4018,12743662
"1069",22,12752344,1451,12753795,3767,12757562
"1070",22,12830646,1433,12832079,3784,12835863
"1071",22,12838462,2101,12840563,3117,12843680
"1072",22,12854246,2000,12856246,3218,12859464
"1073",22,12895913,967,12896880,4251,12901131
"1074",22,12923980,1317,12925297,3901,12929198
"1075",22,12930830,1201,12932031,4017,12936048
"1076",22,12966364,1117,12967481,4101,12971582
"1077",22,12994481,751,12995232,4467,12999699
"1078",22,13024515,767,13025282,4451,13029733
"1079",22,13038282,2317,13040599,2901,13043500
"1080",22,13095549,1801,13097350,3417,13100767
"1081",22,13105333,2100,13107433,3118,13110551
"1082",22,13112250,4333,13116583,1017,13117600
"1083",22,13119250,833,13120083,4385,13124468
"1084",23,14898343,1784,14900127,3434,14903561
"1085",23,14919077,3800,14922877,1418,14924295
"1086",23,14933677,3317,14936994,1901,14938895
"1087",23,14940544,1517,14942061,3701,14945762
"1088",23,14947411,3867,14951278,1350,14952628
"1089",23,14955194,3917,14959111,1301,14960412
"1090",23,14989745,2533,14992278,2685,14994963
"1091",23,15003645,2683,15006328,2535,15008863
"1092",23,15031779,1617,15033396,3600,15036996
"1093",23,15045662,1250,15046912,3968,15050880
"1094",23,15066263,1066,15067329,4151,15071480
"1095",23,15093696,3700,15097396,1518,15098914
"1096",23,15100813,1434,15102247,3784,15106031
"1097",23,15121363,3184,15124547,2034,15126581
"1098",23,15128397,883,15129280,4335,15133615
"1099",23,15135263,2284,15137547,2934,15140481
"1100",23,15142130,1167,15143297,4051,15147348
"1101",23,15162914,733,15163647,4485,15168132
"1102",23,15169931,1917,15171848,3301,15175149
"1103",23,15183631,3017,15186648,2201,15188849
"1104",23,15190631,2700,15193331,2518,15195849
"1105",23,15246148,784,15246932,4434,15251366
"1106",23,15280399,1517,15281916,3701,15285617
"1107",23,15301216,1383,15302599,3835,15306434
"1108",23,15322000,1000,15323000,4218,15327218
"1109",23,15335717,966,15336683,4252,15340935
"1110",23,15342550,1250,15343800,3968,15347768
"1111",23,15349400,767,15350167,4451,15354618
"1112",23,15356267,1150,15357417,4068,15361485
"1113",23,15363284,1216,15364500,4002,15368502
"1114",23,15377017,734,15377751,4484,15382235
"1115",23,15383884,1217,15385101,4001,15389102
"1116",23,15390734,1284,15392018,3934,15395952
"1117",23,15404468,683,15405151,4535,15409686
"1118",23,15418351,900,15419251,4318,15423569
"1119",23,15425368,2583,15427951,2635,15430586
"1120",23,15461168,717,15461885,4501,15466386
"1121",23,15503202,2284,15505486,2934,15508420
"1122",23,15523853,1417,15525270,3801,15529071
"1123",23,15530753,1700,15532453,3518,15535971
"1124",23,15537720,833,15538553,4384,15542937
"1125",23,15558287,1150,15559437,4068,15563505
"1126",23,15565137,1983,15567120,3235,15570355
"1127",23,15572003,1101,15573104,4117,15577221
"1128",23,15578837,1317,15580154,3901,15584055
"1129",23,15592520,884,15593404,4334,15597738
"1130",23,15619937,634,15620571,4584,15625155
"1131",23,15626804,751,15627555,4467,15632022
"1132",23,15633654,4867,15638521,1017,15639538
"1133",23,15641188,733,15641921,4485,15646406
"1134",23,15648038,617,15648655,4601,15653256
"1135",23,15661805,1250,15663055,3968,15667023
"1136",23,15668672,4650,15673322,1016,15674338
"1137",23,15675972,1317,15677289,3900,15681189
"1138",23,15689922,817,15690739,4401,15695140
"1139",23,15766223,967,15767190,4251,15771441
"1140",23,15773073,1884,15774957,3334,15778291
"1141",23,15779940,800,15780740,4418,15785158
"1142",23,15787457,1050,15788507,4168,15792675
"1143",23,15794724,1600,15796324,3618,15799942
"1144",23,15808457,700,15809157,4518,15813675
"1145",23,15815324,833,15816157,4385,15820542
"1146",23,15822174,1450,15823624,3768,15827392
"1147",23,15836091,1350,15837441,3868,15841309
"1148",23,15842941,1117,15844058,4101,15848159
"1149",23,15849775,1050,15850825,4167,15854992
"1150",23,15870391,1134,15871525,4084,15875609
"1151",23,15877241,1701,15878942,3517,15882459
"1152",23,15891825,1467,15893292,3751,15897043
"1153",23,15905542,867,15906409,4351,15910760
"1154",23,15919692,1817,15921509,3401,15924910
"1155",23,15926742,967,15927709,4251,15931960
"1156",23,15934359,1617,15935976,3601,15939577
"1157",23,15941226,1150,15942376,4068,15946444
"1158",23,15990843,1917,15992760,3301,15996061
"1159",23,15997693,684,15998377,4534,16002911
"1160",23,16004560,767,16005327,4451,16009778
"1161",23,16011427,1300,16012727,3918,16016645
"1162",23,16038844,667,16039511,4551,16044062
"1163",23,16045711,1417,16047128,3801,16050929
"1164",23,16052544,1350,16053894,3868,16057762
"1165",23,16066261,1034,16067295,4184,16071479
"1166",23,16079944,3467,16083411,1751,16085162
"1167",23,16088978,1067,16090045,4151,16094196
"1168",23,16102695,2300,16104995,2918,16107913
"1169",23,16109562,1250,16110812,3968,16114780
"1170",23,16123278,2034,16125312,3184,16128496
"1171",23,16130312,1550,16131862,3668,16135530
"1172",23,16139262,1484,16140746,3734,16144480
"1173",23,16160079,934,16161013,4284,16165297
"1174",23,16166946,1217,16168163,4001,16172164
"1175",23,16181163,1200,16182363,4017,16186380
"1176",23,16188263,2467,16190730,2751,16193481
"1177",23,16195113,1634,16196747,3584,16200331
"1178",23,16208796,1484,16210280,3734,16214014
"1179",23,16215630,783,16216413,4435,16220848
"1180",23,16222463,801,16223264,4417,16227681
"1181",23,16243047,917,16243964,4301,16248265
"1182",23,16249897,850,16250747,4368,16255115
"1183",23,16263597,1150,16264747,4068,16268815
"1184",23,16270481,1133,16271614,4085,16275699
"1185",23,16284431,1183,16285614,4035,16289649
"1186",24,18862303,2601,18864904,2617,18867521
"1187",24,18882870,2717,18885587,2501,18888088
"1188",24,18918321,3533,18921854,1684,18923538
"1189",24,18925171,3417,18928588,1801,18930389
"1190",24,18959471,3200,18962671,2018,18964689
"1191",24,18966338,1267,18967605,3951,18971556
"1192",24,18973188,2367,18975555,2851,18978406
"1193",24,18986888,2367,18989255,2851,18992106
"1194",24,19030789,2217,19033006,3001,19036007
"1195",24,19044489,3000,19047489,2218,19049707
"1196",24,19093957,2450,19096407,2768,19099175
"1197",24,19183875,2383,19186258,2835,19189093
"1198",24,19205408,3234,19208642,1984,19210626
"1199",24,19220175,3967,19224142,1251,19225393
"1200",24,19262159,5434,19267593,1017,19268610
"1201",24,19284026,1367,19285393,3851,19289244
"1202",24,19325460,3017,19328477,2201,19330678
"1203",24,19353161,6100,19359261,1017,19360278
"1204",24,19440829,2566,19443395,2652,19446047
"1205",24,19526347,1833,19528180,3384,19531564
"1206",24,19554230,3167,19557397,2051,19559448
"1207",24,19567931,2400,19570331,2817,19573148
"1208",24,19609215,1716,19610931,3501,19614432
"1209",24,19617481,5151,19622632,1016,19623648
"1210",24,19687982,3067,19691049,2151,19693200
"1211",24,19763200,4750,19767950,1017,19768967
"1212",24,19814868,1883,19816751,3335,19820086
"1213",24,19879035,1600,19880635,3618,19884253
"1214",24,19889935,1634,19891569,3584,19895153
"1215",24,19917352,1751,19919103,3467,19922570
"1216",24,19937920,1150,19939070,4067,19943137
"1217",24,19944770,8017,19952787,1016,19953803
"1218",24,19962303,1534,19963837,3684,19967521
"1219",24,19969137,1633,19970770,3585,19974355
"1220",24,20007954,1767,20009721,3451,20013172
"1221",24,20028521,3667,20032188,1551,20033739
"1222",24,20035388,2150,20037538,3068,20040606
"1223",24,20109889,833,20110722,4385,20115107
"1224",24,20150306,1567,20151873,3651,20155524
"1225",24,20164173,9867,20174040,1017,20175057
"1226",24,20176673,1667,20178340,3551,20181891
"1227",24,20183523,1800,20185323,3418,20188741
"1228",24,20205957,1900,20207857,3318,20211175
"1229",24,20270091,1051,20271142,4167,20275309
"1230",25,22731462,6801,22738263,1016,22739279
"1231",25,22741396,2617,22744013,2601,22746614
"1232",25,22860998,4667,22865665,1016,22866681
"1233",25,22875431,2267,22877698,2951,22880649
"1234",25,22889248,2634,22891882,2584,22894466
"1235",25,22930699,1850,22932549,3368,22935917
"1236",25,22951716,1583,22953299,3635,22956934
"1237",25,23059084,1734,23060818,3484,23064302
"1238",25,23066168,3900,23070068,1318,23071386
"1239",25,23123418,10051,23133469,1016,23134485
"1240",25,23154186,2617,23156803,2600,23159403
"1241",25,23175919,4634,23180553,1017,23181570
"1242",25,23185119,1684,23186803,3534,23190337
"1243",25,23206220,4367,23210587,1016,23211603
"1244",25,23235803,4151,23239954,1068,23241022
"1245",25,23242837,3117,23245954,2101,23248055
"1246",25,23349422,1500,23350922,3718,23354640
"1247",25,23377672,2534,23380206,2684,23382890
"1248",25,23384889,8501,23393390,1016,23394406
"1249",25,23410723,2767,23413490,2451,23415941
"1250",25,23434540,1617,23436157,3601,23439758
"1251",25,23502691,2400,23505091,2818,23507909
"1252",25,23543408,4101,23547509,1117,23548626
"1253",25,23579326,1133,23580459,4084,23584543
"1254",25,23593809,2034,23595843,3184,23599027
"1255",25,23636193,1700,23637893,3518,23641411
"1256",25,23667043,1384,23668427,3834,23672261
"1257",25,23674327,2150,23676477,3068,23679545
"1258",25,23696694,6150,23702844,1017,23703861
"1259",25,23742745,2450,23745195,2768,23747963
"1260",25,23786912,2567,23789479,2651,23792130
"1261",25,23814913,2366,23817279,2851,23820130
"1262",25,23821763,4917,23826680,1016,23827696
"1263",25,23851496,1651,23853147,3567,23856714
"1264",25,23887930,1667,23889597,3551,23893148
"1265",25,23901780,4617,23906397,1017,23907414
"1266",25,23946581,8234,23954815,1017,23955832
"1267",25,23979832,1317,23981149,3901,23985050
"1268",25,23993815,1717,23995532,3501,23999033
"1269",25,24032133,1933,24034066,3285,24037351
"1270",25,24089483,1534,24091017,3684,24094701
"1271",25,24161018,2484,24163502,2734,24166236
"1272",25,24175185,1433,24176618,3785,24180403
"1273",25,24182035,1383,24183418,3835,24187253
"1274",25,24189035,1583,24190618,3635,24194253
"1275",26,4278273,1447,4279720,3770,4283490
"1276",26,4319571,1533,4321104,3685,4324789
"1277",26,4333637,4851,4338488,1017,4339505
"1278",26,4341138,1166,4342304,4051,4346355
"1279",26,4400605,2400,4403005,2818,4405823
"1280",26,4407472,3467,4410939,1751,4412690
"1281",26,4421455,2001,4423456,3217,4426673
"1282",26,4442356,1467,4443823,3751,4447574
"1283",26,4497806,2384,4500190,2834,4503024
"1284",26,4504757,1217,4505974,4000,4509974
"1285",26,4518473,1934,4520407,3284,4523691
"1286",26,4588974,3384,4592358,1834,4594192
"1287",26,4617658,3434,4621092,1784,4622876
"1288",26,4631992,1533,4633525,3685,4637210
"1289",26,4752077,1050,4753127,4167,4757294
"1290",26,4793710,1551,4795261,3667,4798928
"1291",26,4863161,4034,4867195,1184,4868379
"1292",26,4931929,4167,4936096,1051,4937147
"1293",26,4940579,1634,4942213,3584,4945797
"1294",26,4968829,2567,4971396,2651,4974047
"1295",26,4975680,1117,4976797,4100,4980897
"1296",26,4982513,1667,4984180,3551,4987731
"1297",26,5031064,1500,5032564,3718,5036282
"1298",26,5066697,1584,5068281,3634,5071915
"1299",26,5073564,1684,5075248,3534,5078782
"1300",26,5080414,1817,5082231,3401,5085632
"1301",26,5129848,4184,5134032,1034,5135066
"1302",26,5202433,1150,5203583,4068,5207651
"1303",26,5216983,883,5217866,4335,5222201
"1304",26,5244867,3717,5248584,1501,5250085
"1305",26,5261517,1717,5263234,3501,5266735
"1306",26,5297251,1483,5298734,3735,5302469
"1307",26,5318334,1284,5319618,3934,5323552
"1308",26,5451870,1700,5453570,3518,5457088
"1309",26,5492970,4417,5497387,1017,5498404
"1310",26,5527437,1350,5528787,3868,5532655
"1311",26,5561754,3284,5565038,1934,5566972
"1312",26,5596588,867,5597455,4351,5601806
"1313",26,5603455,1550,5605005,3668,5608673
"1314",26,5637755,1751,5639506,3467,5642973
"1315",26,5692656,1000,5693656,4218,5697874
"1316",27,7664134,1333,7665467,3885,7669352
"1317",27,7670967,4000,7674967,1218,7676185
"1318",27,7729734,2134,7731868,3084,7734952
"1319",27,7773235,1834,7775069,3384,7778453
"1320",27,7793819,1417,7795236,3801,7799037
"1321",27,7821353,1033,7822386,4184,7826570
"1322",27,7898404,2233,7900637,2985,7903622
"1323",27,7940188,1667,7941855,3550,7945405
"1324",27,7953921,2917,7956838,2301,7959139
"1325",27,7967654,1234,7968888,3984,7972872
"1326",27,8045939,1967,8047906,3251,8051157
"1327",27,8054673,1100,8055773,4118,8059891
"1328",27,8082089,1901,8083990,3317,8087307
"1329",27,8088940,1717,8090657,3501,8094158
"1330",27,8103690,1467,8105157,3751,8108908
"1331",27,8138974,1500,8140474,3718,8144192
"1332",27,8182524,1401,8183925,3817,8187742
"1333",27,8198425,1866,8200291,3351,8203642
"1334",27,8205275,1933,8207208,3285,8210493
"1335",27,8225958,2434,8228392,2784,8231176
"1336",27,8241292,1150,8242442,4068,8246510
"1337",27,8282492,1417,8283909,3801,8287710
"1338",27,8311026,1784,8312810,3434,8316244
"1339",27,8367877,1033,8368910,4185,8373095
"1340",27,8399111,1017,8400128,4201,8404329
"1341",27,8420944,2101,8423045,3117,8426162
"1342",27,8504929,800,8505729,4418,8510147
"1343",27,8540679,951,8541630,4267,8545897
"1344",27,8554396,751,8555147,4467,8559614
"1345",27,8574963,900,8575863,4318,8580181
"1346",27,8596797,2117,8598914,3101,8602015
"1347",27,8618614,1317,8619931,3901,8623832
"1348",27,8668165,1233,8669398,3985,8673383
"1349",27,8690232,1867,8692099,3350,8695449
"1350",27,8726882,1084,8727966,4134,8732100
"1351",27,8733749,3850,8737599,1368,8738967
"1352",27,8740599,1600,8742199,3618,8745817
"1353",27,8754433,1733,8756166,3484,8759650
"1354",27,8783016,1434,8784450,3784,8788234
"1355",27,8856317,1100,8857417,4118,8861535
"1356",27,8863167,1251,8864418,3967,8868385
"1357",27,8883768,817,8884585,4401,8888986
"1358",27,8911218,3317,8914535,1901,8916436
"1359",27,8924952,2066,8927018,3152,8930170
"1360",27,8932518,917,8933435,4301,8937736
"1361",27,8955352,850,8956202,4368,8960570
"1362",27,8969586,1233,8970819,3984,8974803
"1363",28,11101299,3867,11105166,1351,11106517
"1364",28,11163517,3834,11167351,1384,11168735
"1365",28,11226718,5217,11231935,1017,11232952
"1366",28,11241935,2417,11244352,2801,11247153
"1367",28,11283102,3067,11286169,2151,11288320
"1368",28,11352370,1633,11354003,3585,11357588
"1369",28,11366587,6766,11373353,1017,11374370
"1370",28,11432471,1683,11434154,3535,11437689
"1371",28,11439321,1417,11440738,3801,11444539
"1372",28,11474522,1183,11475705,4034,11479739
"1373",28,11488255,1983,11490238,3235,11493473
"1374",28,11495105,4484,11499589,1016,11500605
"1375",28,11547089,2567,11549656,2651,11552307
"1376",28,11569590,2716,11572306,2502,11574808
"1377",28,11576473,3634,11580107,1584,11581691
"1378",28,11630974,3683,11634657,1535,11636192
"1379",28,11672674,2834,11675508,2384,11677892
"1380",28,11679541,1950,11681491,3268,11684759
"1381",28,11715175,7534,11722709,1016,11723725
"1382",28,11767209,2367,11769576,2851,11772427
"1383",28,11787793,3600,11791393,1618,11793011
"1384",28,11815727,1800,11817527,3417,11820944
"1385",28,11859477,2117,11861594,3101,11864695
"1386",28,11908411,2900,11911311,2318,11913629
"1387",28,12006979,4484,12011463,1017,12012480
"1388",28,12027846,4834,12032680,1017,12033697
"1389",28,12042180,2750,12044930,2468,12047398
"1390",28,12135214,5634,12140848,1017,12141865
"1391",28,12170898,1234,12172132,3984,12176116
"1392",28,12177748,1467,12179215,3751,12182966
"1393",28,12220816,3666,12224482,1552,12226034
"1394",28,12248416,3000,12251416,2218,12253634
"1395",28,12303250,3650,12306900,1568,12308468
"1396",28,12359451,2767,12362218,2451,12364669
"1397",28,12373418,2017,12375435,3201,12378636
"1398",28,12402418,2334,12404752,2884,12407636
"1399",28,12409268,2401,12411669,2818,12414487
"1400",28,12416118,3684,12419802,1534,12421336
"1401",28,12445036,1150,12446186,4068,12450254
"1402",28,12451886,1733,12453619,3485,12457104
"1403",28,12515320,1750,12517070,3468,12520538
"1404",28,12522170,3734,12525904,1484,12527388
"1405",29,15356411,1133,15357544,4085,15361629
"1406",29,15391144,1534,15392678,3684,15396362
"1407",29,15412728,1034,15413762,4184,15417946
"1408",29,15440362,1350,15441712,3868,15445580
"1409",29,15468829,1117,15469946,4101,15474047
"1410",29,15482913,1250,15484163,3967,15488130
"1411",29,15539347,1216,15540563,4002,15544565
"1412",29,15560564,1100,15561664,4118,15565782
"1413",29,15582014,917,15582931,4301,15587232
"1414",29,15632981,967,15633948,4251,15638199
"1415",29,15691549,1667,15693216,3551,15696767
"1416",29,15698916,1467,15700383,3751,15704134
"1417",29,15706049,1284,15707333,3934,15711267
"1418",29,15719966,850,15720816,4368,15725184
"1419",29,15733850,1050,15734900,4167,15739067
"1420",29,15778317,1067,15779384,4151,15783535
"1421",29,15814417,1234,15815651,3984,15819635
"1422",29,15835601,817,15836418,4401,15840819
"1423",29,15857485,1083,15858568,4135,15862703
"1424",29,15864918,1617,15866535,3601,15870136
"1425",29,15916469,1100,15917569,4118,15921687
"1426",29,15944386,1250,15945636,3968,15949604
"1427",29,16047137,2267,16049404,2951,16052355
"1428",29,16061788,1316,16063104,3902,16067006
"1429",29,16097088,1334,16098422,3884,16102306
"1430",29,16160639,1500,16162139,3718,16165857
"1431",29,16275957,1334,16277291,3884,16281175
"1432",29,16319875,1217,16321092,4001,16325093
"1433",29,16363242,1083,16364325,4135,16368460
"1434",29,16392276,1183,16393459,4035,16397494
"1435",29,16442176,1467,16443643,3751,16447394
"1436",29,16521578,900,16522478,4318,16526796
"1437",29,16528978,1350,16530328,3868,16534196
"1438",29,16557178,1500,16558678,3718,16562396
"1439",29,16615146,1700,16616846,3518,16620364
"1440",29,16634013,866,16634879,4352,16639231
"1441",29,16641013,1433,16642446,3785,16646231
"1442",29,16672946,1067,16674013,4151,16678164
"1443",29,16715114,1200,16716314,4018,16720332
"1444",29,16730281,1233,16731514,3985,16735499
"1445",29,16737764,3234,16740998,1984,16742982
"1446",29,16752281,1817,16754098,3401,16757499
"1447",29,16766981,1067,16768048,4151,16772199
"1448",29,16788331,1351,16789682,3867,16793549
"1449",30,19276568,3550,19280118,1668,19281786
"1450",30,19297135,1667,19298802,3551,19302353
"1451",30,19305285,3050,19308335,2168,19310503
"1452",30,19335052,2900,19337952,2318,19340270
"1453",30,19350086,1200,19351286,4017,19355303
"1454",30,19363802,4484,19368286,1017,19369303
"1455",30,19378003,3233,19381236,1985,19383221
"1456",30,19384869,5017,19389886,1017,19390903
"1457",30,19427637,8250,19435887,1017,19436904
"1458",30,19497388,2300,19499688,2918,19502606
"1459",30,19512071,3167,19515238,2051,19517289
"1460",30,19523455,1717,19525172,3501,19528673
"1461",30,19604039,2584,19606623,2634,19609257
"1462",30,19611273,2367,19613640,2851,19616491
"1463",30,19644373,1650,19646023,3568,19649591
"1464",30,19658290,2900,19661190,2318,19663508
"1465",30,19710008,1616,19711624,3601,19715225
"1466",30,19770958,4017,19774975,1201,19776176
"1467",30,19777792,1483,19779275,3735,19783010
"1468",30,19787642,1500,19789142,3718,19792860
"1469",30,19794492,5484,19799976,1017,19800993
"1470",30,19837226,1567,19838793,3651,19842444
"1471",30,19877277,1650,19878927,3568,19882495
"1472",30,19885560,2584,19888144,2634,19890778
"1473",30,19926377,1667,19928044,3551,19931595
"1474",30,19936011,3217,19939228,2001,19941229
"1475",30,19952411,2450,19954861,2768,19957629
"1476",30,19970111,1801,19971912,3417,19975329
"1477",30,20049529,2000,20051529,3218,20054747
"1478",30,20118797,1450,20120247,3768,20124015
"1479",30,20314633,984,20315617,4234,20319851
"1480",30,20322883,850,20323733,4368,20328101
"1481",30,20357817,1117,20358934,4101,20363035
"1482",30,20384551,2167,20386718,3051,20389769
"1483",30,20392501,1200,20393701,4018,20397719
"1484",30,20399368,1917,20401285,3301,20404586
"1485",30,20414585,1450,20416035,3768,20419803
"1486",30,20448902,1067,20449969,4151,20454120
"1487",30,20455935,950,20456885,4268,20461153
"1488",30,20478019,1234,20479253,3984,20483237
"1489",30,20486269,1184,20487453,4034,20491487
"1490",30,20493136,1017,20494153,4201,20498354
"1491",30,20507086,4134,20511220,1084,20512304
"1492",30,20514253,1033,20515286,4185,20519471
"1493",30,20564237,1000,20565237,4218,20569455
"1494",30,20601487,1417,20602904,3801,20606705
"1495",30,20615538,1433,20616971,3785,20620756
"1496",30,20622404,2517,20624921,2701,20627622
"1497",30,20654155,1283,20655438,3935,20659373
"1498",30,20664372,2467,20666839,2751,20669590
"1499",30,20701289,4034,20705323,1184,20706507
"1500",30,20708389,1467,20709856,3751,20713607
"1501",30,20775573,1651,20777224,3567,20780791
"1502",30,20846308,1817,20848125,3401,20851526
"1503",30,20860025,916,20860941,4302,20865243
"1504",30,20907509,1083,20908592,4135,20912727
"1505",30,20914375,1267,20915642,3951,20919593
"1506",30,20929626,1317,20930943,3901,20934844
"1507",30,20943359,1284,20944643,3934,20948577
"1508",30,20957226,1084,20958310,4134,20962444
"1509",30,20964093,2183,20966276,3035,20969311
"1510",30,20979093,1200,20980293,4018,20984311
"1511",30,20985960,950,20986910,4268,20991178
"1512",30,20999977,1117,21001094,4101,21005195
"1513",30,21010360,1267,21011627,3951,21015578
"1514",30,21031161,1216,21032377,4001,21036378
"1515",30,21038011,1233,21039244,3985,21043229
"1516",31,2172089,2700,2174789,2518,2177307
"1517",31,2178923,1850,2180773,3368,2184141
"1518",31,2229240,2050,2231290,3168,2234458
"1519",31,2301258,3733,2304991,1485,2306476
"1520",31,2308875,1516,2310391,3702,2314093
"1521",31,2344958,2834,2347792,2384,2350176
"1522",31,2359675,2034,2361709,3184,2364893
"1523",31,2381292,1784,2383076,3434,2386510
"1524",31,2388792,1651,2390443,3567,2394010
"1525",31,2396326,1367,2397693,3851,2401544
"1526",31,2403809,1717,2405526,3501,2409027
"1527",31,2469793,1734,2471527,3484,2475011
"1528",31,2490377,984,2491361,4234,2495595
"1529",31,2497994,1183,2499177,4035,2503212
"1530",31,2597979,2483,2600462,2735,2603197
"1531",31,2636829,1367,2638196,3851,2642047
"1532",31,2644496,1400,2645896,3818,2649714
"1533",31,2666563,3233,2669796,1985,2671781
"1534",31,2673430,1983,2675413,3235,2678648
"1535",31,2680830,1900,2682730,3318,2686048
"1536",31,2695913,1767,2697680,3451,2701131
"1537",31,2717947,3467,2721414,1751,2723165
"1538",31,2732614,933,2733547,4285,2737832
"1539",31,2760764,1567,2762331,3651,2765982
"1540",31,2775098,1700,2776798,3518,2780316
"1541",31,2832999,1600,2834599,3617,2838216
"1542",31,2847682,2867,2850549,2351,2852900
"1543",31,2854532,1384,2855916,3834,2859750
"1544",31,2870132,3017,2873149,2201,2875350
"1545",31,2898549,3417,2901966,1801,2903767
"1546",31,2934300,2367,2936667,2851,2939518
"1547",31,2950250,1650,2951900,3568,2955468
"1548",31,2992801,2733,2995534,2485,2998019
"1549",31,3013384,1317,3014701,3902,3018603
"1550",31,3020835,1133,3021968,4085,3026053
"1551",31,3110136,2383,3112519,2835,3115354
"1552",31,3161453,2734,3164187,2484,3166671
"1553",31,3210104,1833,3211937,3385,3215322
"1554",31,3225287,1101,3226388,4117,3230505
"1555",31,3252888,3150,3256038,2068,3258106
"1556",31,3260055,3433,3263488,1785,3265273
"1557",31,3304372,1917,3306289,3301,3309590
"1558",31,3311222,1150,3312372,4068,3316440
"1559",31,3318072,1300,3319372,3918,3323290
"1560",31,3361473,1250,3362723,3968,3366691
"1561",31,3368323,1317,3369640,3901,3373541
"1562",32,5038480,1467,5039947,3751,5043698
"1563",32,5100648,1167,5101815,4051,5105866
"1564",32,5123515,2250,5125765,2968,5128733
"1565",32,5170315,8084,5178399,1017,5179416
"1566",32,5215933,1317,5217250,3901,5221151
"1567",32,5231016,3651,5234667,1567,5236234
"1568",32,5238900,1350,5240250,3868,5244118
"1569",32,5275017,833,5275850,4385,5280235
"1570",32,5309784,1534,5311318,3684,5315002
"1571",32,5316751,1383,5318134,3835,5321969
"1572",32,5323584,3151,5326735,2067,5328802
"1573",32,5330451,2200,5332651,3018,5335669
"1574",32,5338118,4550,5342668,1017,5343685
"1575",32,5409636,1766,5411402,3452,5414854
"1576",32,5437019,1817,5438836,3401,5442237
"1577",32,5493520,1884,5495404,3334,5498738
"1578",32,5528471,3267,5531738,1951,5533689
"1579",32,5535337,1834,5537171,3384,5540555
"1580",32,5569805,1050,5570855,4168,5575023
"1581",32,5651239,1800,5653039,3418,5656457
"1582",32,5713690,1450,5715140,3768,5718908
"1583",32,5747974,1233,5749207,3985,5753192
"1584",32,5762907,984,5763891,4234,5768125
"1585",32,5798408,834,5799242,4384,5803626
"1586",32,5849092,900,5849992,4318,5854310
"1587",32,5855959,1050,5857009,4168,5861177
"1588",32,5905310,1283,5906593,3935,5910528
"1589",32,5948410,1217,5949627,4001,5953628
"1590",32,5975844,850,5976694,4368,5981062
"1591",32,6026928,1684,6028612,3534,6032146
"1592",32,6034661,917,6035578,4302,6039880
"1593",32,6055712,1783,6057495,3435,6060930
"1594",32,6115346,1417,6116763,3801,6120564
"1595",32,6159530,1167,6160697,4051,6164748
"1596",32,6194947,1600,6196547,3618,6200165
"1597",32,6229898,6733,6236631,1017,6237648
"1598",32,6262865,1500,6264365,3718,6268083
"1599",32,6318382,900,6319282,4318,6323600
"1600",32,6328132,851,6328983,4367,6333350
"1601",32,6443718,1333,6445051,3884,6448935
"1602",32,6452951,1417,6454368,3801,6458169
"1603",33,18783098,2766,18785864,2451,18788315
"1604",33,18799881,1434,18801315,3784,18805099
"1605",33,18871715,1167,18872882,4051,18876933
"1606",33,18879382,1217,18880599,4001,18884600
"1607",33,18915816,2250,18918066,2968,18921034
"1608",33,18930716,1367,18932083,3851,18935934
"1609",33,18979750,2167,18981917,3051,18984968
"1610",33,18995184,6233,19001417,1017,19002434
"1611",33,19015217,34,19015251,5184,19020435
"1612",33,19030568,1633,19032201,3585,19035786
"1613",33,19037518,2950,19040468,2268,19042736
"1614",33,19045601,1250,19046851,3968,19050819
"1615",33,19052451,1817,19054268,3401,19057669
"1616",33,19103852,1834,19105686,3384,19109070
"1617",33,19111602,1500,19113102,3718,19116820
"1618",33,19119569,2150,19121719,3068,19124787
"1619",33,19182737,1950,19184687,3267,19187954
"1620",33,19190453,1117,19191570,4101,19195671
"1621",33,19220204,2150,19222354,3068,19225422
"1622",33,19241937,1801,19243738,3417,19247155
"1623",33,19256988,1983,19258971,3235,19262206
"1624",33,19287205,2017,19289222,3201,19292423
"1625",33,19377956,1167,19379123,4051,19383174
"1626",33,19385473,2083,19387556,3135,19390691
"1627",33,19407973,1567,19409540,3651,19413191
"1628",33,19415840,1300,19417140,3918,19421058
"1629",33,19445807,867,19446674,4351,19451025
"1630",33,19453374,1117,19454491,4101,19458592
"1631",33,19494491,1750,19496241,3468,19499709
"1632",33,19563159,1117,19564276,4101,19568377
"1633",33,19578192,2551,19580743,2667,19583410
"1634",33,19611593,1717,19613310,3501,19616811
"1635",33,19627093,767,19627860,4451,19632311
"1636",33,19671110,1284,19672394,3934,19676328
"1637",33,19678877,1817,19680694,3401,19684095
"1638",33,19718044,2301,19720345,2917,19723262
"1639",33,19788929,1283,19790212,3935,19794147
"1640",33,19803512,867,19804379,4351,19808730
"1641",33,19811196,1283,19812479,3935,19816414
"1642",33,19825963,950,19826913,4268,19831181
"1643",33,19840863,1934,19842797,3284,19846081
"1644",33,19848863,1867,19850730,3351,19854081
"1645",33,19880163,1134,19881297,4084,19885381
"1646",33,19971482,816,19972298,4402,19976700
"1647",33,19988448,1567,19990015,3651,19993666
"1648",33,20070366,1684,20072050,3534,20075584
"1649",33,20078433,867,20079300,4351,20083651
"1650",33,20120917,934,20121851,4284,20126135
"1651",33,20136851,850,20137701,4368,20142069
"1652",33,20151634,2617,20154251,2601,20156852
"1653",33,20158651,1517,20160168,3701,20163869
"1654",33,20166384,734,20167118,4484,20171602
"1655",33,20183885,916,20184801,4302,20189103
"1656",33,20265936,817,20266753,4401,20271154
"1657",34,22194497,1684,22196181,3535,22199716
"1658",34,22230648,1217,22231865,4001,22235866
"1659",34,22258082,1850,22259932,3368,22263300
"1660",34,22285482,1534,22287016,3684,22290700
"1661",34,22306066,1033,22307099,4185,22311284
"1662",34,22312916,1383,22314299,3835,22318134
"1663",34,22319749,2001,22321750,3217,22324967
"1664",34,22450735,833,22451568,4385,22455953
"1665",34,22464452,1333,22465785,3885,22469670
"1666",34,22478168,834,22479002,4384,22483386
"1667",34,22554770,1066,22555836,4152,22559988
"1668",34,22575503,1484,22576987,3734,22580721
"1669",34,22684472,1233,22685705,3985,22689690
"1670",34,22764256,1883,22766139,3335,22769474
"1671",34,22784973,1284,22786257,3934,22790191
"1672",34,22813123,851,22813974,4367,22818341
"1673",34,22849391,900,22850291,4318,22854609
"1674",34,22856857,1067,22857924,4151,22862075
"1675",34,22871274,934,22872208,4284,22876492
"1676",34,22893008,1067,22894075,4151,22898226
"1677",34,22906758,1117,22907875,4101,22911976
"1678",34,22929625,1050,22930675,4168,22934843
"1679",34,22944492,850,22945342,4368,22949710
"1680",34,22995043,667,22995710,4551,23000261
"1681",34,23009676,634,23010310,4584,23014894
"1682",34,23037577,800,23038377,4418,23042795
"1683",34,23058877,717,23059594,4501,23064095
"1684",34,23095544,817,23096361,4401,23100762
"1685",34,23125078,934,23126012,4284,23130296
"1686",34,23148095,1167,23149262,4051,23153313
"1687",34,23190946,1133,23192079,4085,23196164
"1688",34,23229146,1134,23230280,4084,23234364
"1689",34,23250213,1117,23251330,4101,23255431
"1690",34,23271897,817,23272714,4401,23277115
"1691",34,23302381,800,23303181,4418,23307599
"1692",34,23352982,733,23353715,4485,23358200
"1693",34,23410182,884,23411066,4334,23415400
"1694",34,23431749,1034,23432783,4184,23436967
"1695",34,23460516,1117,23461633,4101,23465734
"1696",34,23467366,1017,23468383,4201,23472584
"1697",34,23474850,1600,23476450,3618,23480068
"1698",34,23504734,700,23505434,4518,23509952
"1699",34,23539118,616,23539734,4602,23544336
"1700",34,23545968,1150,23547118,4068,23551186
"1701",34,23552834,617,23553451,4601,23558052
"1702",34,23559701,700,23560401,4518,23564919
"1703",34,23566551,901,23567452,4317,23571769
"1704",34,23594152,583,23594735,4635,23599370
"1705",34,23601018,534,23601552,4685,23606237
"1706",35,25675200,6150,25681350,1017,25682367
"1707",35,25684000,2283,25686283,2935,25689218
"1708",35,25690833,2234,25693067,2984,25696051
"1709",35,25697700,2550,25700250,2668,25702918
"1710",35,25712267,3067,25715334,2151,25717485
"1711",35,25953554,1450,25955004,3768,25958772
"1712",35,25960387,6534,25966921,1017,25967938
"1713",35,25976971,4933,25981904,1017,25982921
"1714",35,26012321,3117,26015438,2101,26017539
"1715",35,26033305,3100,26036405,2118,26038523
"1716",35,26071322,6034,26077356,1017,26078373
"1717",35,26109173,2017,26111190,3201,26114391
"1718",35,26153857,2583,26156440,2635,26159075
"1719",35,26199158,1050,26200208,4168,26204376
"1720",35,26213991,1717,26215708,3501,26219209
"1721",35,26220841,1834,26222675,3384,26226059
"1722",35,26227708,1017,26228725,4201,26232926
"1723",35,26269725,2117,26271842,3101,26274943
"1724",35,26283409,3333,26286742,1885,26288627
"1725",35,26304559,2367,26306926,2851,26309777
"1726",35,26311576,4467,26316043,1017,26317060
"1727",35,26407844,883,26408727,4335,26413062
"1728",35,26422161,2817,26424978,2401,26427379
"1729",35,26453378,4584,26457962,1016,26458978
"1730",35,26511312,3901,26515213,1317,26516530
"1731",35,26518162,917,26519079,4301,26523380
"1732",35,26619231,3900,26623131,1317,26624448
"1733",35,26643664,1384,26645048,3834,26648882
"1734",35,26657881,1967,26659848,3251,26663099
"1735",35,26686415,4400,26690815,1017,26691832
"1736",35,26693465,3017,26696482,2201,26698683
"1737",35,26773166,2301,26775467,2917,26778384
"1738",35,26780016,4051,26784067,1167,26785234
"1739",35,26800600,1434,26802034,3784,26805818
"1740",35,26807450,2967,26810417,2251,26812668
"1741",35,26836117,1417,26837534,3801,26841335
"1742",35,26865668,5866,26871534,1017,26872551
"1743",35,26874184,2534,26876718,2684,26879402
"1744",35,26913202,1433,26914635,3785,26918420
"1745",35,26933769,2400,26936169,2817,26938986
"1746",35,26954336,1667,26956003,3551,26959554
"1747",35,26989120,3350,26992470,1867,26994337
"1748",35,27003536,1801,27005337,3417,27008754
"1749",35,27059671,2200,27061871,3018,27064889
"1750",35,27066521,1400,27067921,3817,27071738
"1751",36,7469234,1083,7470317,4135,7474452
"1752",36,7497151,1700,7498851,3518,7502369
"1753",36,7533818,2750,7536568,2468,7539036
"1754",36,7569885,1200,7571085,4018,7575103
"1755",36,7583919,1900,7585819,3318,7589137
"1756",36,7611869,1534,7613403,3684,7617087
"1757",36,7639786,1800,7641586,3418,7645004
"1758",36,7703137,1334,7704471,3884,7708355
"1759",36,7751455,1383,7752838,3835,7756673
"1760",36,7785805,1550,7787355,3668,7791023
"1761",36,7813439,2883,7816322,2335,7818657
"1762",36,7834706,1517,7836223,3701,7839924
"1763",36,7906123,2784,7908907,2434,7911341
"1764",36,7919824,1333,7921157,3885,7925042
"1765",36,7955474,1250,7956724,3968,7960692
"1766",36,7969174,2684,7971858,2534,7974392
"1767",36,8010658,2051,8012709,3167,8015876
"1768",36,8053876,1650,8055526,3568,8059094
"1769",36,8097293,1434,8098727,3784,8102511
"1770",36,8205028,1400,8206428,3818,8210246
"1771",36,8212245,1433,8213678,3785,8217463
"1772",36,8233378,1401,8234779,3817,8238596
"1773",36,8247079,1116,8248195,4102,8252297
"1774",36,8323480,1533,8325013,3685,8328698
"1775",36,8379847,1451,8381298,3767,8385065
"1776",36,8421831,1351,8423182,3867,8427049
"1777",36,8470315,1117,8471432,4101,8475533
"1778",36,8490882,3134,8494016,2084,8496100
"1779",36,8497799,1300,8499099,3918,8503017
"1780",36,8505116,1550,8506666,3668,8510334
"1781",36,8553117,1550,8554667,3668,8558335
"1782",36,8566817,2017,8568834,3201,8572035
"1783",36,8608151,1033,8609184,4185,8613369
"1784",36,8656485,1683,8658168,3535,8661703
"1785",36,8663335,2017,8665352,3201,8668553
"1786",36,8698052,2050,8700102,3168,8703270
"1787",36,8739536,1050,8740586,4168,8744754
"1788",36,8761303,1384,8762687,3834,8766521
"1789",36,8768170,917,8769087,4301,8773388
"1790",36,8781953,1284,8783237,3934,8787171
"1791",36,8795720,1500,8797220,3718,8800938
"1792",36,8816854,1917,8818771,3301,8822072
"1793",36,8858521,1250,8859771,3968,8863739
"1794",37,11801866,1683,11803549,3535,11807084
"1795",37,11808716,4300,11813016,1017,11814033
"1796",37,11822633,4983,11827616,1017,11828633
"1797",37,11830233,10500,11840733,1017,11841750
"1798",37,11865550,2867,11868417,2351,11870768
"1799",37,11886334,3233,11889567,1985,11891552
"1800",37,11907751,4750,11912501,1017,11913518
"1801",37,11915134,2717,11917851,2501,11920352
"1802",37,11971968,1684,11973652,3534,11977186
"1803",37,12017552,4617,12022169,1017,12023186
"1804",37,12033719,1667,12035386,3551,12038937
"1805",37,12040569,2334,12042903,2884,12045787
"1806",37,12047403,2517,12049920,2701,12052621
"1807",37,12054270,3150,12057420,2068,12059488
"1808",37,12110837,4650,12115487,1017,12116504
"1809",37,12139554,1334,12140888,3884,12144772
"1810",37,12215555,4651,12220206,1016,12221222
"1811",37,12236806,4250,12241056,1017,12242073
"1812",37,12263656,3150,12266806,2068,12268874
"1813",37,12270490,4266,12274756,1017,12275773
"1814",37,12284706,3617,12288323,1601,12289924
"1815",37,12298423,5167,12303590,1017,12304607
"1816",37,12326824,2750,12329574,2468,12332042
"1817",37,12349674,1534,12351208,3684,12354892
"1818",37,12371974,2967,12374941,2251,12377192
"1819",37,12407675,2450,12410125,2768,12412893
"1820",37,12422009,2200,12424209,3018,12427227
"1821",37,12513977,1933,12515910,3285,12519195
"1822",37,12527694,2300,12529994,2918,12532912
"1823",37,12548294,3167,12551461,2051,12553512
"1824",37,12562011,1533,12563544,3685,12567229
"1825",37,12568844,2217,12571061,3001,12574062
"1826",37,12575694,1517,12577211,3701,12580912
"1827",37,12582578,2117,12584695,3101,12587796
"1828",37,12596295,2617,12598912,2601,12601513
"1829",37,12631195,2300,12633495,2918,12636413
"1830",37,12651812,2550,12654362,2668,12657030
"1831",37,12658679,1433,12660112,3785,12663897
"1832",37,12665546,717,12666263,4501,12670764
"1833",37,12686129,2317,12688446,2901,12691347
"1834",37,12706946,1434,12708380,3784,12712164
"1835",37,12859865,5451,12865316,1016,12866332
"1836",37,12888582,2001,12890583,3217,12893800
"1837",37,12895449,4350,12899799,1017,12900816
"1838",37,12965850,1100,12966950,4118,12971068
"1839",37,13000484,2234,13002718,2984,13005702
"1840",37,13014184,1367,13015551,3851,13019402
"1841",37,13041618,3650,13045268,1568,13046836
"1842",37,13128036,2000,13130036,3218,13133254
"1843",37,13162870,1767,13164637,3451,13168088
"1844",37,13169737,3533,13173270,1685,13174955
"1845",38,14918964,1117,14920081,4101,14924182
"1846",38,14925814,1217,14927031,4001,14931032
"1847",38,14973765,1966,14975731,3252,14978983
"1848",38,14987465,767,14988232,4451,14992683
"1849",38,14995015,1267,14996282,3951,15000233
"1850",38,15057116,1100,15058216,4118,15062334
"1851",38,15132934,2150,15135084,3068,15138152
"1852",38,15139784,2050,15141834,3168,15145002
"1853",38,15201835,1067,15202902,4151,15207053
"1854",38,15215518,967,15216485,4251,15220736
"1855",38,15229252,883,15230135,4335,15234470
"1856",38,15236102,2450,15238552,2768,15241320
"1857",38,15258936,3400,15262336,1818,15264154
"1858",38,15300053,2000,15302053,3218,15305271
"1859",38,15329870,984,15330854,4234,15335088
"1860",38,15351187,2817,15354004,2401,15356405
"1861",38,15385504,934,15386438,4284,15390722
"1862",38,15427905,1400,15429305,3818,15433123
"1863",38,15469056,1117,15470173,4101,15474274
"1864",38,15475922,2301,15478223,2917,15481140
"1865",38,15551257,1050,15552307,4168,15556475
"1866",38,15558107,950,15559057,4268,15563325
"1867",38,15599208,1650,15600858,3568,15604426
"1868",38,15612908,1917,15614825,3301,15618126
"1869",38,15633492,2433,15635925,2784,15638709
"1870",38,15640358,1967,15642325,3251,15645576
"1871",38,15647192,1333,15648525,3885,15652410
"1872",38,15696059,817,15696876,4401,15701277
"1873",38,15723910,1116,15725026,4101,15729127
"1874",38,15779027,1467,15780494,3751,15784245
"1875",38,15785894,2700,15788594,2518,15791112
"1876",38,15806961,1683,15808644,3535,15812179
"1877",38,15876012,1600,15877612,3618,15881230
"1878",38,15882862,984,15883846,4234,15888080
"1879",38,15923979,850,15924829,4368,15929197
"1880",38,15944563,1467,15946030,3751,15949781
"1881",38,15965147,1550,15966697,3668,15970365
"1882",38,15972013,1601,15973614,3617,15977231
"1883",38,15978847,783,15979630,4435,15984065
"1884",38,15985947,2184,15988131,3034,15991165
"1885",38,15999681,1216,16000897,4001,16004898
"1886",38,16013431,1133,16014564,4085,16018649
"1887",38,16041048,1050,16042098,4168,16046266
"1888",38,16054765,1583,16056348,3635,16059983
"1889",38,16068982,2300,16071282,2918,16074200
"1890",38,16076165,2284,16078449,2934,16081383
"1891",38,16103882,1017,16104899,4201,16109100
"1892",38,16119866,1150,16121016,4068,16125084
"1893",38,16133583,1850,16135433,3368,16138801
"1894",38,16140449,1917,16142366,3301,16145667
"1895",38,16196300,2401,16198701,2817,16201518
"1896",38,16251368,1217,16252585,4001,16256586
"1897",38,16258851,2717,16261568,2501,16264069
"1898",39,6098371,5017,6103388,1017,6104405
"1899",39,6162606,1500,6164106,3718,6167824
"1900",39,6185689,1651,6187340,3567,6190907
"1901",39,6206673,3184,6209857,2034,6211891
"1902",39,6256891,4583,6261474,1017,6262491
"1903",39,6264141,2833,6266974,2385,6269359
"1904",39,6316025,4783,6320808,1017,6321825
"1905",39,6323475,7900,6331375,1017,6332392
"1906",39,6344409,4033,6348442,1185,6349627
"1907",39,6351325,6417,6357742,1017,6358759
"1908",39,6382076,4783,6386859,1017,6387876
"1909",39,6389526,2184,6391710,3034,6394744
"1910",39,6403259,1884,6405143,3334,6408477
"1911",39,6410143,5300,6415443,1017,6416460
"1912",39,6467144,5550,6472694,1017,6473711
"1913",39,6505661,2434,6508095,2784,6510879
"1914",39,6536462,1466,6537928,3752,6541680
"1915",39,6551478,2051,6553529,3168,6556697
"1916",39,6572929,2583,6575512,2635,6578147
"1917",39,6580196,1733,6581929,3485,6585414
"1918",39,6601563,1700,6603263,3518,6606781
"1919",39,6665014,5983,6670997,1017,6672014
"1920",39,6673897,2384,6676281,2834,6679115
"1921",39,6680747,4517,6685264,1017,6686281
"1922",39,6722915,1966,6724881,3252,6728133
"1923",39,6729781,3117,6732898,2101,6734999
"1924",39,6737465,4700,6742165,1017,6743182
"1925",39,6751665,1984,6753649,3234,6756883
"1926",39,6808299,2051,6810350,3167,6813517
"1927",39,6864567,2517,6867084,2701,6869785
"1928",39,6920484,5051,6925535,1016,6926551
"1929",39,6949368,1484,6950852,3734,6954586
"1930",39,6978619,3083,6981702,2135,6983837
"1931",39,6994852,2200,6997052,3018,7000070
"1932",39,7036803,1817,7038620,3401,7042021
"1933",39,7044286,2684,7046970,2534,7049504
"1934",39,7059453,2317,7061770,2901,7064671
"1935",39,7094087,1300,7095387,3918,7099305
"1936",39,7115404,4684,7120088,1016,7121104
"1937",39,7129671,1667,7131338,3551,7134889
"1938",39,7202122,1484,7203606,3734,7207340
"1939",39,7216572,4217,7220789,1017,7221806
"1940",39,7223439,4417,7227856,1017,7228873
"1941",39,7245689,1734,7247423,3484,7250907
"1942",39,7252556,2467,7255023,2751,7257774
"1943",39,7273973,2400,7276373,2818,7279191
"1944",39,7323124,1717,7324841,3501,7328342
"1945",39,7375208,3317,7378525,1901,7380426
"1946",39,7397059,3133,7400192,2085,7402277
"1947",39,7453393,1517,7454910,3701,7458611
"1948",39,7467876,2401,7470277,2817,7473094
"1949",39,7475210,1650,7476860,3568,7480428
"1950",39,7503777,2200,7505977,3018,7508995
"1951",39,7538844,1534,7540378,3684,7544062
"1952",40,10191020,2050,10193070,3167,10196237
"1953",40,10197853,1167,10199020,4051,10203071
"1954",40,10211603,867,10212470,4351,10216821
"1955",40,10218470,1000,10219470,4218,10223688
"1956",40,10232170,1084,10233254,4134,10237388
"1957",40,10266388,1400,10267788,3817,10271605
"1958",40,10280104,2301,10282405,2917,10285322
"1959",40,10310621,1317,10311938,3901,10315839
"1960",40,10360089,1533,10361622,3685,10365307
"1961",40,10403706,1500,10405206,3718,10408924
"1962",40,10431873,1734,10433607,3484,10437091
"1963",40,10498641,1984,10500625,3234,10503859
"1964",40,10534742,1617,10536359,3601,10539960
"1965",40,10577276,1383,10578659,3835,10582494
"1966",40,10698294,3017,10701311,2201,10703512
"1967",40,10705278,2100,10707378,3118,10710496
"1968",40,10748062,1550,10749612,3668,10753280
"1969",40,10782529,2050,10784579,3168,10787747
"1970",40,10789596,1633,10791229,3585,10794814
"1971",40,10796446,1900,10798346,3318,10801664
"1972",40,10803446,1667,10805113,3551,10808664
"1973",40,10873164,817,10873981,4401,10878382
"1974",40,10929581,1517,10931098,3701,10934799
"1975",40,10994849,2134,10996983,3084,11000067
"1976",40,11001683,1033,11002716,4184,11006900
"1977",40,11015949,3601,11019550,1617,11021167
"1978",40,11023683,2000,11025683,3218,11028901
"1979",40,11045400,2033,11047433,3185,11050618
"1980",40,11101551,1383,11102934,3835,11106769
"1981",40,11122401,1150,11123551,4068,11127619
"1982",40,11129268,1117,11130385,4101,11134486
"1983",40,11165002,2200,11167202,3018,11170220
"1984",40,11172085,1884,11173969,3334,11177303
"1985",40,11236103,1267,11237370,3951,11241321
"1986",40,11264070,1134,11265204,4084,11269288
"1987",40,11270937,1400,11272337,3818,11276155
"1988",40,11354171,1701,11355872,3517,11359389
"1989",40,11395289,983,11396272,4235,11400507
"1990",40,11423789,1667,11425456,3551,11429007
"1991",40,11451606,2367,11453973,2851,11456824
"1992",40,11501307,1167,11502474,4051,11506525
"1993",40,11515507,801,11516308,4417,11520725
"1994",41,13472805,2751,13475556,2468,13478024
"1995",41,13487639,4634,13492273,1016,13493289
"1996",41,13510523,2317,13512840,2901,13515741
"1997",41,13542240,1467,13543707,3751,13547458
"1998",41,13562824,1917,13564741,3300,13568041
"1999",41,13584307,1551,13585858,3667,13589525
"2000",41,13598358,1366,13599724,3852,13603576
"2001",41,13605324,1700,13607024,3518,13610542
"2002",41,13626125,1216,13627341,4002,13631343
"2003",41,13640175,1000,13641175,4218,13645393
"2004",41,13669475,1734,13671209,3484,13674693
"2005",41,13676342,2284,13678626,2934,13681560
"2006",41,13683542,1217,13684759,4001,13688760
"2007",41,13690376,1200,13691576,4018,13695594
"2008",41,13739126,1084,13740210,4134,13744344
"2009",41,13753793,1634,13755427,3584,13759011
"2010",41,13799761,1167,13800928,4051,13804979
"2011",41,13868479,1450,13869929,3767,13873696
"2012",41,13997797,1234,13999031,3984,14003015
"2013",41,14048348,950,14049298,4268,14053566
"2014",41,14055448,3400,14058848,1818,14060666
"2015",41,14063282,5450,14068732,1017,14069749
"2016",41,14072215,3184,14075399,2034,14077433
"2017",41,14079215,1300,14080515,3918,14084433
"2018",41,14092932,4617,14097549,1017,14098566
"2019",41,14223434,4034,14227468,1184,14228652
"2020",41,14260818,2717,14263535,2501,14266036
"2021",41,14285752,1434,14287186,3784,14290970
"2022",41,14408487,1934,14410421,3284,14413705
"2023",41,14449771,1200,14450971,4018,14454989
"2024",41,14492922,1467,14494389,3751,14498140
"2025",41,14506622,1400,14508022,3818,14511840
"2026",41,14555140,933,14556073,4285,14560358
"2027",41,14604490,1917,14606407,3301,14609708
"2028",41,14640041,5450,14645491,1017,14646508
"2029",41,14648158,1083,14649241,4135,14653376
"2030",41,14668742,1350,14670092,3867,14673959
"2031",41,14690492,1400,14691892,3818,14695710
"2032",41,14711742,1767,14713509,3451,14716960
"2033",41,14738409,1534,14739943,3684,14743627
"2034",41,14752476,1267,14753743,3951,14757694
"2035",41,14851861,1650,14853511,3568,14857079
"2036",42,2344024,4364,2348388,1017,2349405
"2037",42,2443439,1601,2445040,3617,2448657
"2038",42,2457640,1667,2459307,3551,2462858
"2039",42,2465056,1117,2466173,4101,2470274
"2040",42,2494074,1900,2495974,3317,2499291
"2041",42,2521824,1700,2523524,3518,2527042
"2042",42,2610859,1533,2612392,3685,2616077
"2043",42,2617709,2200,2619909,3018,2622927
"2044",42,2627559,1217,2628776,4001,2632777
"2045",42,2634442,700,2635142,4518,2639660
"2046",42,2663576,2184,2665760,3034,2668794
"2047",42,2856796,2350,2859146,2868,2862014
"2048",42,2863663,2133,2865796,3084,2868880
"2049",42,2891496,1451,2892947,3767,2896714
"2050",42,2898346,6818,2905164,1016,2906180
"2051",42,2917347,1400,2918747,3818,2922565
"2052",42,2924480,1017,2925497,4201,2929698
"2053",42,2954681,1750,2956431,3468,2959899
"2054",42,3051065,1001,3052066,4217,3056283
"2055",42,3077283,1200,3078483,4017,3082500
"2056",42,3084149,951,3085100,4267,3089367
"2057",42,3091016,4634,3095650,1016,3096666
"2058",42,3124850,1067,3125917,4151,3130068
"2059",42,3138600,1134,3139734,4084,3143818
"2060",42,3176784,1300,3178084,3918,3182002
"2061",42,3183651,1750,3185401,3468,3188869
"2062",42,3200385,7233,3207618,1017,3208635
"2063",42,3217268,1700,3218968,3518,3222486
"2064",42,3233868,1251,3235119,3967,3239086
"2065",42,3275736,1683,3277419,3535,3280954
"2066",42,3318870,2267,3321137,2951,3324088
"2067",42,3379271,3967,3383238,1251,3384489
"2068",42,3432705,2117,3434822,3101,3437923
"2069",42,3516406,2000,3518406,3218,3521624
"2070",42,3555040,1284,3556324,3934,3560258
"2071",42,3561924,1066,3562990,4152,3567142
"2072",42,3675975,6467,3682442,1017,3683459
"2073",42,3694142,2417,3696559,2801,3699360
"2074",42,3768127,900,3769027,4318,3773345
"2075",42,3781860,1434,3783294,3784,3787078
"2076",42,3862495,1083,3863578,4135,3867713
"2077",43,5420887,1450,5422337,3768,5426105
"2078",43,5532138,1834,5533972,3384,5537356
"2079",43,5573472,4917,5578389,1017,5579406
"2080",43,5609340,1783,5611123,3435,5614558
"2081",43,5616190,2783,5618973,2435,5621408
"2082",43,5629923,1267,5631190,3951,5635141
"2083",43,5638324,2083,5640407,3135,5643542
"2084",43,5686308,1500,5687808,3718,5691526
"2085",43,5707091,1217,5708308,4001,5712309
"2086",43,5751425,1851,5753276,3367,5756643
"2087",43,5806343,1150,5807493,4068,5811561
"2088",43,5826910,1650,5828560,3568,5832128
"2089",43,5833793,1601,5835394,3617,5839011
"2090",43,5874961,1683,5876644,3535,5880179
"2091",43,5895478,1267,5896745,3951,5900696
"2092",43,5984696,1017,5985713,4201,5989914
"2093",43,6033713,2701,6036414,2517,6038931
"2094",43,6047430,2584,6050014,2634,6052648
"2095",43,6102864,684,6103548,4534,6108082
"2096",43,6151982,817,6152799,4401,6157200
"2097",43,6160599,1600,6162199,3618,6165817
"2098",43,6167449,1250,6168699,3968,6172667
"2099",43,6174299,1450,6175749,3768,6179517
"2100",43,6201766,1667,6203433,3551,6206984
"2101",43,6249717,933,6250650,4285,6254935
"2102",43,6271784,1417,6273201,3801,6277002
"2103",43,6278634,1500,6280134,3718,6283852
"2104",43,6307301,1067,6308368,4151,6312519
"2105",43,6314135,1850,6315985,3368,6319353
"2106",43,6327818,1217,6329035,4001,6333036
"2107",43,6390052,1501,6391553,3717,6395270
"2108",43,6396936,917,6397853,4301,6402154
"2109",43,6403786,1184,6404970,4034,6409004
"2110",43,6424503,2284,6426787,2934,6429721
"2111",43,6431370,983,6432353,4235,6436588
"2112",43,6568705,1267,6569972,3951,6573923
"2113",43,6644940,817,6645757,4401,6650158
"2114",43,6699724,1334,6701058,3884,6704942
"2115",43,6707558,1317,6708875,3901,6712776
"2116",43,6721291,1100,6722391,4118,6726509
"2117",43,6777976,1116,6779092,4101,6783193
"2118",43,6784825,917,6785742,4302,6790044
"2119",44,9765307,2117,9767424,3101,9770525
"2120",44,9815542,4400,9819942,1016,9820958
"2121",44,9834458,2034,9836492,3185,9839677
"2122",44,9855009,2300,9857309,2918,9860227
"2123",44,9883026,1217,9884243,4001,9888244
"2124",44,9896926,1917,9898843,3301,9902144
"2125",44,9944127,2134,9946261,3084,9949345
"2126",44,9980794,1100,9981894,4118,9986012
"2127",44,10022795,1800,10024595,3418,10028013
"2128",44,10029645,2600,10032245,2618,10034863
"2129",44,10068796,1833,10070629,3385,10074014
"2130",44,10075662,1967,10077629,3251,10080880
"2131",44,10082496,2317,10084813,2901,10087714
"2132",44,10160731,4050,10164781,1168,10165949
"2133",44,10182948,2983,10185931,2235,10188166
"2134",44,10189814,4701,10194515,1016,10195531
"2135",44,10226248,884,10227132,4334,10231466
"2136",44,10240465,2267,10242732,2951,10245683
"2137",44,10275682,3084,10278766,2134,10280900
"2138",44,10291166,1534,10292700,3684,10296384
"2139",44,10304883,3017,10307900,2201,10310101
"2140",44,10319450,3333,10322783,1885,10324668
"2141",44,10333250,2417,10335667,2801,10338468
"2142",44,10385718,1350,10387068,3868,10390936
"2143",44,10400534,2434,10402968,2784,10405752
"2144",44,10461236,1133,10462369,4084,10466453
"2145",44,10520336,2584,10522920,2634,10525554
"2146",44,10534037,2300,10536337,2918,10539255
"2147",44,10595738,767,10596505,4451,10600956
"2148",44,10616338,1600,10617938,3618,10621556
"2149",44,10675722,817,10676539,4401,10680940
"2150",44,10726207,1066,10727273,4151,10731424
"2151",44,10747957,1167,10749124,4051,10753175
"2152",44,10755574,1367,10756941,3851,10760792
"2153",44,10770041,2266,10772307,2952,10775259
"2154",44,10820641,1251,10821892,3967,10825859
"2155",44,10882126,1500,10883626,3718,10887344
"2156",44,10917076,1117,10918193,4101,10922294
"2157",44,10974161,867,10975028,4351,10979379
"2158",44,10981544,917,10982461,4301,10986762
"2159",44,11033895,1317,11035212,3901,11039113
"2160",44,11064079,2267,11066346,2951,11069297
"2161",44,11077812,1317,11079129,3901,11083030
"2162",44,11091929,2817,11094746,2401,11097147
"2163",44,11133663,1017,11134680,4201,11138881
"2164",44,11187148,1383,11188531,3834,11192365
