"","","stimuli_2","durations_2","choices_2","choice_durations_2","record_2"
"1",1,1493641,1783,1495424,3435,1498859
"2",1,1523758,1500,1525258,3718,1528976
"3",1,1570108,4601,1574709,1016,1575725
"4",1,1591359,1533,1592892,3685,1596577
"5",1,1614226,2683,1616909,2535,1619444
"6",1,1628226,1767,1629993,3451,1633444
"7",1,1720044,2000,1722044,3218,1725262
"8",1,1727878,4333,1732211,1017,1733228
"9",1,1742811,2200,1745011,3018,1748029
"10",1,1782695,2784,1785479,2434,1787913
"11",1,1819629,2134,1821763,3084,1824847
"12",1,1873130,2234,1875364,2984,1878348
"13",1,1888680,1467,1890147,3751,1893898
"14",1,1973532,4366,1977898,1017,1978915
"15",1,2035266,2367,2037633,2851,2040484
"16",1,2064866,5601,2070467,1016,2071483
"17",1,2080150,1467,2081617,3751,2085368
"18",1,2094183,1567,2095750,3651,2099401
"19",1,2101183,1384,2102567,3834,2106401
"20",1,2122834,1233,2124067,3985,2128052
"21",1,2138801,3250,2142051,1968,2144019
"22",1,2170235,4400,2174635,1017,2175652
"23",1,2202002,4267,2206269,1016,2207285
"24",1,2210302,13034,2223336,1016,2224352
"25",1,2233886,1917,2235803,3301,2239104
"26",1,2273536,3217,2276753,2001,2278754
"27",1,2280403,2034,2282437,3184,2285621
"28",1,2295103,3550,2298653,1668,2300321
"29",1,2312487,2083,2314570,3135,2317705
"30",1,2408022,3083,2411105,2135,2413240
"31",1,2440822,1751,2442573,3467,2446040
"32",1,2468706,2183,2470889,3035,2473924
"33",1,2506923,1067,2507990,4151,2512141
"34",1,2603058,1517,2604575,3701,2608276
"35",1,2610575,1834,2612409,3384,2615793
"36",1,2652926,4183,2657109,1034,2658143
"37",1,2667976,1533,2669509,3685,2673194
"38",1,2703560,1800,2705360,3418,2708778
"39",1,2718510,2300,2720810,2918,2723728
"40",1,2728177,2517,2730694,2701,2733395
"41",1,2764894,1667,2766561,3551,2770112
"42",1,2779394,2767,2782161,2451,2784612
"43",1,2813611,2551,2816162,2667,2818829
"44",1,2829312,3817,2833129,1401,2834530
"45",1,2865596,1333,2866929,3884,2870813
"46",1,2899713,1400,2901113,3818,2904931
"47",1,2958014,4033,2962047,1185,2963232
"48",1,2981781,1817,2983598,3401,2986999
"49",1,3003648,5500,3009148,1017,3010165
"50",1,3036682,2183,3038865,3035,3041900
"51",2,5582022,1133,5583155,4084,5587239
"52",2,5597005,2017,5599022,3201,5602223
"53",2,5610722,3167,5613889,2051,5615940
"54",2,5652273,2283,5654556,2935,5657491
"55",2,5673056,884,5673940,4334,5678274
"56",2,5749541,1817,5751358,3401,5754759
"57",2,5756391,1717,5758108,3501,5761609
"58",2,5763241,1217,5764458,4001,5768459
"59",2,5776975,1533,5778508,3685,5782193
"60",2,5804175,1700,5805875,3518,5809393
"61",2,5811025,2134,5813159,3084,5816243
"62",2,5824742,2984,5827726,2234,5829960
"63",2,5831609,1867,5833476,3351,5836827
"64",2,5964928,3017,5967945,2201,5970146
"65",2,5999762,2583,6002345,2635,6004980
"66",2,6020312,2050,6022362,3168,6025530
"67",2,6047879,3417,6051296,1801,6053097
"68",2,6054796,5900,6060696,1017,6061713
"69",2,6077280,2117,6079397,3101,6082498
"70",2,6084197,1950,6086147,3267,6089414
"71",2,6104764,2950,6107714,2267,6109981
"72",2,6111730,2017,6113747,3201,6116948
"73",2,6125464,1500,6126964,3718,6130682
"74",2,6139364,2850,6142214,2368,6144582
"75",2,6153464,1584,6155048,3634,6158682
"76",2,6160314,1851,6162165,3367,6165532
"77",2,6188065,1367,6189432,3851,6193283
"78",2,6229599,3783,6233382,1435,6234817
"79",2,6257216,1200,6258416,4018,6262434
"80",2,6270933,2000,6272933,3218,6276151
"81",2,6291483,1167,6292650,4051,6296701
"82",2,6379385,1500,6380885,3718,6384603
"83",2,6399968,2051,6402019,3167,6405186
"84",2,6420519,2067,6422586,3151,6425737
"85",2,6455103,1066,6456169,4152,6460321
"86",2,6483203,884,6484087,4334,6488421
"87",2,6511320,1084,6512404,4134,6516538
"88",2,6573971,1534,6575505,3684,6579189
"89",2,6673740,1416,6675156,3802,6678958
"90",2,6696023,1300,6697323,3918,6701241
"91",2,6710007,1667,6711674,3551,6715225
"92",2,6746741,1650,6748391,3568,6751959
"93",2,6809675,1100,6810775,4118,6814893
"94",2,6816692,1283,6817975,3935,6821910
"95",2,6868859,2101,6870960,3117,6874077
"96",2,6884326,1351,6885677,3867,6889544
"97",2,6891376,1134,6892510,4084,6896594
"98",2,6905310,8100,6913410,1017,6914427
"99",2,6930277,1884,6932161,3334,6935495
"100",2,6978528,11000,6989528,1017,6990545
"101",2,6992645,1050,6993695,4168,6997863
"102",3,9095513,2917,9098430,2301,9100731
"103",3,9109196,4167,9113363,1051,9114414
"104",3,9122930,2800,9125730,2418,9128148
"105",3,9164030,4884,9168914,1017,9169931
"106",3,9192148,2316,9194464,2902,9197366
"107",3,9212715,750,9213465,4468,9217933
"108",3,9219565,1933,9221498,3285,9224783
"109",3,9246982,1300,9248282,3918,9252200
"110",3,9260699,983,9261682,4235,9265917
"111",3,9267565,1234,9268799,3984,9272783
"112",3,9409301,1034,9410335,4184,9414519
"113",3,9416151,1617,9417768,3601,9421369
"114",3,9437318,3101,9440419,2117,9442536
"115",3,9465702,1034,9466736,4184,9470920
"116",3,9486269,984,9487253,4234,9491487
"117",3,9521936,1101,9523037,4117,9527154
"118",3,9535653,1184,9536837,4034,9540871
"119",3,9549387,750,9550137,4468,9554605
"120",3,9604188,1383,9605571,3835,9609406
"121",3,9624905,900,9625805,4318,9630123
"122",3,9652805,867,9653672,4351,9658023
"123",3,9694039,1217,9695256,4001,9699257
"124",3,9707756,1400,9709156,3818,9712974
"125",3,9735873,901,9736774,4317,9741091
"126",3,9758074,1167,9759241,4051,9763292
"127",3,9772507,851,9773358,4367,9777725
"128",3,9786208,1350,9787558,3867,9791425
"129",3,9799924,801,9800725,4417,9805142
"130",3,9806758,1250,9808008,3968,9811976
"131",3,9813625,850,9814475,4368,9818843
"132",3,9869542,1050,9870592,4168,9874760
"133",3,9883226,900,9884126,4318,9888444
"134",3,9940193,1584,9941777,3634,9945411
"135",3,9947060,750,9947810,4468,9952278
"136",3,9998511,1434,9999945,3784,10003729
"137",3,10005378,700,10006078,4518,10010596
"138",3,10025995,1150,10027145,4068,10031213
"139",3,10060979,667,10061646,4551,10066197
"140",3,10083246,1250,10084496,3968,10088464
"141",3,10103796,1450,10105246,3768,10109014
"142",3,10124363,1250,10125613,3968,10129581
"143",3,10131447,2150,10133597,3067,10136664
"144",3,10173064,1667,10174731,3551,10178282
"145",3,10180614,984,10181598,4234,10185832
"146",3,10187481,1117,10188598,4101,10192699
"147",3,10222631,1267,10223898,3951,10227849
"148",3,10285699,967,10286666,4251,10290917
"149",3,10292566,934,10293500,4284,10297784
"150",3,10320250,1133,10321383,4085,10325468
"151",3,10327583,1784,10329367,3434,10332801
"152",3,10341633,967,10342600,4251,10346851
"153",3,10348483,1034,10349517,4185,10353702
"154",3,10397218,1700,10398918,3518,10402436
"155",3,10411118,1367,10412485,3851,10416336
"156",3,10445402,1267,10446669,3951,10450620
"157",4,13734690,1667,13736357,3551,13739908
"158",4,13762324,1317,13763641,3901,13767542
"159",4,13893676,2450,13896126,2768,13898894
"160",4,13900543,1583,13902126,3635,13905761
"161",4,13964177,1467,13965644,3751,13969395
"162",4,13971044,1817,13972861,3401,13976262
"163",4,13984944,1450,13986394,3768,13990162
"164",4,14007128,1984,14009112,3234,14012346
"165",4,14014111,1401,14015512,3817,14019329
"166",4,14020962,1417,14022379,3801,14026180
"167",4,14042945,2134,14045079,3084,14048163
"168",4,14056679,1917,14058596,3301,14061897
"169",4,14091129,1301,14092430,3917,14096347
"170",4,14097996,1534,14099530,3684,14103214
"171",4,14104863,1984,14106847,3234,14110081
"172",4,14167931,2217,14170148,3001,14173149
"173",4,14182364,3601,14185965,1617,14187582
"174",4,14262082,1884,14263966,3334,14267300
"175",4,14268966,2933,14271899,2285,14274184
"176",4,14283016,1517,14284533,3701,14288234
"177",4,14292666,1984,14294650,3234,14297884
"178",4,14324517,933,14325450,4285,14329735
"179",4,14361151,1683,14362834,3535,14366369
"180",4,14395468,2600,14398068,2618,14400686
"181",4,14403385,1933,14405318,3285,14408603
"182",4,14410235,1617,14411852,3601,14415453
"183",4,14475853,1466,14477319,3752,14481071
"184",4,14496936,1984,14498920,3234,14502154
"185",4,14504787,1583,14506370,3635,14510005
"186",4,14512903,1684,14514587,3534,14518121
"187",4,14519770,1633,14521403,3585,14524988
"188",4,14533487,1700,14535187,3518,14538705
"189",4,14569988,1933,14571921,3284,14575205
"190",4,14583688,2633,14586321,2585,14588906
"191",4,14606338,2534,14608872,2684,14611556
"192",4,14613772,3067,14616839,2151,14618990
"193",4,14640005,3267,14643272,1951,14645223
"194",4,14657122,2467,14659589,2751,14662340
"195",4,14663972,2017,14665989,3201,14669190
"196",4,14670839,2700,14673539,2518,14676057
"197",4,14698073,1500,14699573,3718,14703291
"198",4,14704940,1533,14706473,3685,14710158
"199",4,14711973,2850,14714823,2368,14717191
"200",4,14750774,3083,14753857,2135,14755992
"201",4,14862959,2634,14865593,2584,14868177
"202",4,14897510,2417,14899927,2801,14902728
"203",4,14961644,1850,14963494,3368,14966862
"204",4,14975378,2217,14977595,3001,14980596
"205",4,15000695,2117,15002812,3101,15005913
"206",4,15017028,2134,15019162,3084,15022246
"207",4,15070613,1467,15072080,3751,15075831
"208",4,15078646,3234,15081880,1984,15083864
"209",4,15195765,1617,15197382,3601,15200983
"210",4,15223932,1334,15225266,3884,15229150
"211",4,15238049,2400,15240449,2818,15243267
"212",4,15255732,1517,15257249,3702,15260951
"213",5,1201539,1383,1202922,3835,1206757
"214",5,1271640,4983,1276623,1017,1277640
"215",5,1325041,3033,1328074,2185,1330259
"216",5,1428959,5183,1434142,1017,1435159
"217",5,1451176,1550,1452726,3668,1456394
"218",5,1465359,1250,1466609,3968,1470577
"219",5,1472209,1084,1473293,4134,1477427
"220",5,1515643,6517,1522160,1017,1523177
"221",5,1548611,2400,1551011,2817,1553828
"222",5,1599161,1784,1600945,3434,1604379
"223",5,1672896,1517,1674413,3701,1678114
"224",5,1788797,1217,1790014,4001,1794015
"225",5,1845048,1567,1846615,3651,1850266
"226",5,1882015,1201,1883216,4017,1887233
"227",5,1896366,800,1897166,4417,1901583
"228",5,1917516,783,1918299,4435,1922734
"229",5,1939633,1283,1940916,3935,1944851
"230",5,1946766,1301,1948067,3917,1951984
"231",5,1996000,1217,1997217,4001,2001218
"232",5,2344806,1116,2345922,4101,2350023
"233",5,2367006,1417,2368423,3801,2372224
"234",5,2402040,800,2402840,4418,2407258
"235",5,2482141,650,2482791,4568,2487359
"236",5,2518692,766,2519458,4451,2523909
"237",5,2533642,783,2534425,4435,2538860
"238",5,2547875,701,2548576,4517,2553093
"239",5,2561609,1050,2562659,4168,2566827
"240",5,2576193,700,2576893,4517,2581410
"241",5,2583259,1634,2584893,3584,2588477
"242",5,2590109,617,2590726,4601,2595327
"243",5,2598159,1217,2599376,4001,2603377
"244",5,2605793,1033,2606826,4185,2611011
"245",5,2612626,967,2613593,4251,2617844
"246",5,2644593,3067,2647660,2151,2649811
"247",6,4903795,2217,4906012,3001,4909013
"248",6,4910795,1534,4912329,3684,4916013
"249",6,5044014,1717,5045731,3501,5049232
"250",6,5088464,1651,5090115,3567,5093682
"251",6,5185866,1600,5187466,3618,5191084
"252",6,5225417,3967,5229384,1251,5230635
"253",6,5273851,1717,5275568,3501,5279069
"254",6,5282768,1333,5284101,3885,5287986
"255",6,5290818,1200,5292018,4018,5296036
"256",6,5305101,2834,5307935,2384,5310319
"257",6,5325868,1500,5327368,3718,5331086
"258",6,5385986,2867,5388853,2351,5391204
"259",6,5408670,1217,5409887,4000,5413887
"260",6,5423853,1484,5425337,3734,5429071
"261",6,5430870,2884,5433754,2334,5436088
"262",6,5437970,2000,5439970,3218,5443188
"263",6,5444987,2117,5447104,3101,5450205
"264",6,5451837,2300,5454137,2918,5457055
"265",6,5486437,1384,5487821,3834,5491655
"266",6,5493421,1467,5494888,3751,5498639
"267",6,5500288,1467,5501755,3751,5505506
"268",6,5508105,4816,5512921,1017,5513938
"269",6,5515555,1567,5517122,3650,5520772
"270",6,5522421,1217,5523638,4001,5527639
"271",6,5529305,1900,5531205,3318,5534523
"272",6,5536171,1167,5537338,4051,5541389
"273",6,5549888,1317,5551205,3901,5555106
"274",6,5603439,2034,5605473,3184,5608657
"275",6,5645573,2684,5648257,2534,5650791
"276",6,5666107,1383,5667490,3835,5671325
"277",6,5673774,1783,5675557,3435,5678992
"278",6,5687507,1184,5688691,4034,5692725
"279",6,5694674,1267,5695941,3951,5699892
"280",6,5701758,2200,5703958,3017,5706975
"281",6,5745192,1550,5746742,3668,5750410
"282",6,5752042,1717,5753759,3501,5757260
"283",6,5773259,1100,5774359,4118,5778477
"284",6,5809459,1734,5811193,3484,5814677
"285",6,5816293,1467,5817760,3751,5821511
"286",6,5846577,1500,5848077,3717,5851794
"287",6,5880977,1934,5882911,3284,5886195
"288",6,5887844,1450,5889294,3768,5893062
"289",6,5901677,1001,5902678,4217,5906895
"290",6,5915394,1767,5917161,3451,5920612
"291",6,5956995,1817,5958812,3401,5962213
"292",6,5971078,1367,5972445,3851,5976296
"293",6,6065697,2083,6067780,3135,6070915
"294",6,6072847,1250,6074097,3968,6078065
"295",6,6111164,2784,6113948,2434,6116382
"296",6,6124981,1517,6126498,3701,6130199
"297",6,6147065,1600,6148665,3617,6152282
"298",6,6162632,1216,6163848,4001,6167849
"299",6,6197049,2433,6199482,2785,6202267
"300",6,6243083,1533,6244616,3685,6248301
"301",6,6271183,1700,6272883,3518,6276401
"302",6,6317984,2200,6320184,3018,6323202
"303",6,6368885,2317,6371202,2901,6374103
"304",7,13008338,1434,13009772,3784,13013556
"305",7,13107756,1450,13109206,3768,13112974
"306",7,13148907,1183,13150090,4035,13154125
"307",7,13169457,1534,13170991,3684,13174675
"308",7,13220825,900,13221725,4318,13226043
"309",7,13227691,2367,13230058,2851,13232909
"310",7,13241425,883,13242308,4335,13246643
"311",7,13303909,1067,13304976,4151,13309127
"312",7,13317609,1251,13318860,3967,13322827
"313",7,13421328,1167,13422495,4051,13426546
"314",7,13435045,883,13435928,4335,13440263
"315",7,13455878,2500,13458378,2718,13461096
"316",7,13462745,1484,13464229,3734,13467963
"317",7,13469628,1451,13471079,3768,13474847
"318",7,13497579,1050,13498629,4168,13502797
"319",7,13526196,1184,13527380,4034,13531414
"320",7,13547930,1350,13549280,3868,13553148
"321",7,13561663,1984,13563647,3234,13566881
"322",7,13610397,1584,13611981,3634,13615615
"323",7,13617248,2266,13619514,2952,13622466
"324",7,13665498,1167,13666665,4051,13670716
"325",7,13672348,734,13673082,4484,13677566
"326",7,13686349,1600,13687949,3618,13691567
"327",7,13693215,1267,13694482,3951,13698433
"328",7,13756716,1367,13758083,3851,13761934
"329",7,13763717,1333,13765050,3885,13768935
"330",7,13770583,1134,13771717,4084,13775801
"331",7,13777733,1784,13779517,3434,13782951
"332",7,13842451,1917,13844368,3301,13847669
"333",7,13856518,1467,13857985,3751,13861736
"334",7,13863535,950,13864485,4268,13868753
"335",7,13891135,1917,13893052,3301,13896353
"336",7,13976987,1417,13978404,3801,13982205
"337",7,13990720,1501,13992221,3717,13995938
"338",7,14036354,3750,14040104,1468,14041572
"339",7,14043371,850,14044221,4368,14048589
"340",7,14050238,1233,14051471,3985,14055456
"341",7,14094855,2350,14097205,2868,14100073
"342",7,14122272,1717,14123989,3501,14127490
"343",7,14139323,2050,14141373,3168,14144541
"344",7,14160240,1366,14161606,3852,14165458
"345",7,14180923,1284,14182207,3934,14186141
"346",7,14187757,1067,14188824,4151,14192975
"347",7,14194623,1467,14196090,3751,14199841
"348",7,14222391,1500,14223891,3718,14227609
"349",7,14252408,1117,14253525,4101,14257626
"350",7,14266125,2100,14268225,3117,14271342
"351",7,14272975,1400,14274375,3818,14278193
"352",7,14314092,1084,14315176,4134,14319310
"353",7,14348326,1234,14349560,3984,14353544
"354",7,14375793,1150,14376943,4068,14381011
"355",8,17126270,3267,17129537,1951,17131488
"356",8,17139987,2034,17142021,3184,17145205
"357",8,17199105,3683,17202788,1535,17204323
"358",8,17237005,2017,17239022,3201,17242223
"359",8,17250739,1533,17252272,3685,17255957
"360",8,17258139,1467,17259606,3751,17263357
"361",8,17280373,1767,17282140,3451,17285591
"362",8,17288440,2416,17290856,2802,17293658
"363",8,17296090,1933,17298023,3285,17301308
"364",8,17349207,1800,17351007,3418,17354425
"365",8,17366074,1150,17367224,4068,17371292
"366",8,17397458,1767,17399225,3451,17402676
"367",8,17448459,1217,17449676,4001,17453677
"368",8,17485459,1651,17487110,3567,17490677
"369",8,17507293,1867,17509160,3351,17512511
"370",8,17514427,1383,17515810,3835,17519645
"371",8,17614078,2184,17616262,3034,17619296
"372",8,17627895,1650,17629545,3568,17633113
"373",8,17683312,3034,17686346,2185,17688531
"374",8,17697513,1267,17698780,3951,17702731
"375",8,17704379,1617,17705996,3601,17709597
"376",8,17732397,1633,17734030,3585,17737615
"377",8,17759964,1300,17761264,3918,17765182
"378",8,17781981,1183,17783164,4035,17787199
"379",8,17796198,2750,17798948,2468,17801416
"380",8,17838798,1384,17840182,3834,17844016
"381",8,17845665,4500,17850165,1017,17851182
"382",8,17924633,1184,17925817,4034,17929851
"383",8,17945833,1984,17947817,3234,17951051
"384",8,17973884,2050,17975934,3168,17979102
"385",8,18002484,1884,18004368,3334,18007702
"386",8,18009334,1101,18010435,4117,18014552
"387",8,18024001,2384,18026385,2834,18029219
"388",8,18037785,1583,18039368,3635,18043003
"389",8,18044652,2750,18047402,2468,18049870
"390",8,18080552,1101,18081653,4117,18085770
"391",8,18094236,1350,18095586,3868,18099454
"392",8,18108503,1333,18109836,3885,18113721
"393",8,18115353,1467,18116820,3751,18120571
"394",8,18137253,1300,18138553,3918,18142471
"395",8,18151253,1217,18152470,4001,18156471
"396",8,18158287,1183,18159470,4035,18163505
"397",8,18180121,1133,18181254,4084,18185338
"398",8,18194471,1800,18196271,3418,18199689
"399",8,18209738,1217,18210955,4000,18214955
"400",8,18218471,1534,18220005,3684,18223689
"401",8,18274289,1200,18275489,4018,18279507
"402",8,18332106,1517,18333623,3701,18337324
"403",8,18339456,1184,18340640,4034,18344674
"404",8,18397007,1034,18398041,4184,18402225
"405",8,18417608,1017,18418625,4201,18422826
"406",8,18497409,1083,18498492,4135,18502627
"407",8,18518409,900,18519309,4318,18523627
"408",8,18539010,1000,18540010,4218,18544228
"409",8,18555826,1384,18557210,3835,18561045
"410",8,18606527,1634,18608161,3584,18611745
"411",8,18613877,1317,18615194,3901,18619095
"412",8,18621061,950,18622011,4268,18626279
"413",9,1198953,1300,1200253,3918,1204171
"414",9,1205820,1233,1207053,3985,1211038
"415",9,1212670,1617,1214287,3601,1217888
"416",9,1240104,1466,1241570,3752,1245322
"417",9,1260704,1517,1262221,3701,1265922
"418",9,1295038,1483,1296521,3735,1300256
"419",9,1329322,1383,1330705,3835,1334540
"420",9,1343038,1084,1344122,4134,1348256
"421",9,1392106,2700,1394806,2518,1397324
"422",9,1405990,1416,1407406,3801,1411207
"423",9,1419673,1100,1420773,4118,1424891
"424",9,1426540,1683,1428223,3535,1431758
"425",9,1460824,1216,1462040,4002,1466042
"426",9,1508841,1367,1510208,3851,1514059
"427",9,1557075,1550,1558625,3668,1562293
"428",9,1570809,1267,1572076,3951,1576027
"429",9,1599126,883,1600009,4335,1604344
"430",9,1605976,1450,1607426,3768,1611194
"431",9,1626526,1334,1627860,3884,1631744
"432",9,1633376,1667,1635043,3551,1638594
"433",9,1653910,1250,1655160,3968,1659128
"434",9,1660760,1300,1662060,3918,1665978
"435",9,1681344,967,1682311,4251,1686562
"436",9,1715628,1333,1716961,3884,1720845
"437",9,1722494,1067,1723561,4151,1727712
"438",9,1743045,783,1743828,4435,1748263
"439",9,1756745,1033,1757778,4185,1761963
"440",9,1763595,1367,1764962,3851,1768813
"441",9,1770428,1051,1771479,4167,1775646
"442",9,1777295,1200,1778495,4018,1782513
"443",9,1818429,950,1819379,4268,1823647
"444",9,1839013,1117,1840130,4101,1844231
"445",9,1845863,1283,1847146,3935,1851081
"446",9,1866430,733,1867163,4485,1871648
"447",9,1880163,1351,1881514,3867,1885381
"448",9,1893897,1167,1895064,4051,1899115
"449",9,1907630,1367,1908997,3851,1912848
"450",9,1921331,1033,1922364,4185,1926549
"451",9,1928181,917,1929098,4301,1933399
"452",9,1941914,1534,1943448,3684,1947132
"453",9,1989932,1017,1990949,4201,1995150
"454",9,2017365,1118,2018483,4100,2022583
"455",9,2058483,1000,2059483,4218,2063701
"456",9,2092783,1034,2093817,4184,2098001
"457",9,2147651,1183,2148834,4035,2152869
"458",9,2154501,833,2155334,4385,2159719
"459",9,2161351,934,2162285,4284,2166569
"460",9,2236952,1134,2238086,4084,2242170
"461",9,2257519,1334,2258853,3884,2262737
"462",9,2284986,1501,2286487,3717,2290204
"463",9,2319320,1084,2320404,4134,2324538
"464",9,2339854,1017,2340871,4201,2345072
"465",9,2346704,1834,2348538,3384,2351922
"466",9,2387855,900,2388755,4318,2393073
"467",9,2408438,1100,2409538,4118,2413656
"468",9,2442689,883,2443572,4335,2447907
"469",9,2531873,1117,2532990,4102,2537092
"470",10,4233067,1317,4234384,3901,4238285
"471",10,4246784,1183,4247967,4034,4252001
"472",10,4253634,1117,4254751,4101,4258852
"473",10,4267351,1050,4268401,4167,4272568
"474",10,4308651,1650,4310301,3568,4313869
"475",10,4342902,2117,4345019,3101,4348120
"476",10,4434620,1433,4436053,3785,4439838
"477",10,4448337,1233,4449570,3985,4453555
"478",10,4455187,1283,4456470,3935,4460405
"479",10,4475754,1267,4477021,3951,4480972
"480",10,4510988,1117,4512105,4101,4516206
"481",10,4524655,916,4525571,4301,4529872
"482",10,4538338,1584,4539922,3634,4543556
"483",10,4572572,2300,4574872,2918,4577790
"484",10,4579872,1534,4581406,3684,4585090
"485",10,4600456,2417,4602873,2801,4605674
"486",10,4628423,1350,4629773,3868,4633641
"487",10,4642106,2501,4644607,2717,4647324
"488",10,4676574,1333,4677907,3885,4681792
"489",10,4697291,1883,4699174,3334,4702508
"490",10,4711024,1084,4712108,4134,4716242
"491",10,4724724,1767,4726491,3451,4729942
"492",10,4738458,1033,4739491,4185,4743676
"493",10,4745525,1583,4747108,3634,4750742
"494",10,4752358,1567,4753925,3651,4757576
"495",10,4786809,1117,4787926,4101,4792027
"496",10,4801426,1383,4802809,3834,4806643
"497",10,4822143,1283,4823426,3935,4827361
"498",10,4850243,1350,4851593,3868,4855461
"499",10,4892844,1516,4894360,3702,4898062
"500",10,4927311,2350,4929661,2868,4932529
"501",10,4969328,1334,4970662,3884,4974546
"502",10,4983945,1734,4985679,3484,4989163
"503",10,4997645,1367,4999012,3851,5002863
"504",10,5011329,2200,5013529,3018,5016547
"505",10,5038929,1300,5040229,3918,5044147
"506",10,5059513,1167,5060680,4051,5064731
"507",10,5093913,1867,5095780,3351,5099131
"508",10,5122447,1634,5124081,3584,5127665
"509",10,5143214,2134,5145348,3084,5148432
"510",10,5150148,1166,5151314,4052,5155366
"511",10,5192265,1433,5193698,3785,5197483
"512",10,5235082,1917,5236999,3301,5240300
"513",10,5255749,4901,5260650,1016,5261666
"514",10,5299467,1633,5301100,3585,5304685
"515",10,5328750,2201,5330951,3017,5333968
"516",10,5363884,2051,5365935,3167,5369102
"517",10,5419802,1533,5421335,3685,5425020
"518",10,5426785,1167,5427952,4051,5432003
"519",10,5462819,2317,5465136,2901,5468037
"520",10,5477853,1517,5479370,3701,5483071
"521",10,5542237,1600,5543837,3618,5547455
"522",10,5578071,1667,5579738,3551,5583289
"523",10,5585271,2034,5587305,3184,5590489
"524",11,8489217,5450,8494667,1017,8495684
"525",11,8497450,2050,8499500,3168,8502668
"526",11,8530500,3167,8533667,2051,8535718
"527",11,8544234,4134,8548368,1084,8549452
"528",11,8557918,1767,8559685,3451,8563136
"529",11,8620669,3617,8624286,1601,8625887
"530",11,8679886,1851,8681737,3367,8685104
"531",11,8736137,1700,8737837,3518,8741355
"532",11,8797021,4634,8801655,1017,8802672
"533",11,8804522,4083,8808605,1135,8809740
"534",11,8811488,3001,8814489,2217,8816706
"535",11,8819688,2551,8822239,2667,8824906
"536",11,8840422,1717,8842139,3501,8845640
"537",11,8847289,2117,8849406,3101,8852507
"538",11,8874839,1484,8876323,3734,8880057
"539",11,8881706,1934,8883640,3284,8886924
"540",11,8916140,2800,8918940,2418,8921358
"541",11,8939974,1866,8941840,3352,8945192
"542",11,8946840,1534,8948374,3684,8952058
"543",11,8953691,1566,8955257,3652,8958909
"544",11,8979474,2584,8982058,2634,8984692
"545",11,8986324,1334,8987658,3884,8991542
"546",11,9000041,1834,9001875,3384,9005259
"547",11,9020608,1984,9022592,3234,9025826
"548",11,9027458,1467,9028925,3751,9032676
"549",11,9041625,2300,9043925,2918,9046843
"550",11,9089626,3167,9092793,2051,9094844
"551",11,9117343,2667,9120010,2551,9122561
"552",11,9146144,2717,9148861,2501,9151362
"553",11,9174961,1267,9176228,3951,9180179
"554",11,9202695,1850,9204545,3367,9207912
"555",11,9244745,1234,9245979,3984,9249963
"556",11,9251595,1117,9252712,4101,9256813
"557",11,9265296,1166,9266462,4052,9270514
"558",11,9293179,1150,9294329,4068,9298397
"559",11,9300063,2417,9302480,2801,9305281
"560",11,9307079,1201,9308280,4017,9312297
"561",11,9313930,2150,9316080,3068,9319148
"562",11,9351213,1384,9352597,3834,9356431
"563",11,9371814,3867,9375681,1351,9377032
"564",11,9401948,1317,9403265,3900,9407165
"565",11,9438315,1817,9440132,3401,9443533
"566",11,9472749,2383,9475132,2835,9477967
"567",11,9479599,1850,9481449,3368,9484817
"568",11,9500166,3500,9503666,1718,9505384
"569",11,9513866,1350,9515216,3868,9519084
"570",11,9586167,4417,9590584,1017,9591601
"571",11,9621151,1184,9622335,4034,9626369
"572",11,9634851,1267,9636118,3951,9640069
"573",11,9656718,2301,9659019,2917,9661936
"574",11,9670435,1784,9672219,3434,9675653
"575",11,9691252,2851,9694103,2367,9696470
"576",11,9699286,2883,9702169,2335,9704504
"577",11,9740436,2917,9743353,2301,9745654
"578",11,9795954,2650,9798604,2568,9801172
"579",11,9825771,1167,9826938,4051,9830989
"580",11,9847788,2150,9849938,3068,9853006
"581",11,9854655,2400,9857055,2818,9859873
"582",12,12073373,1400,12074773,3818,12078591
"583",12,12088557,1700,12090257,3518,12093775
"584",12,12130474,1700,12132174,3518,12135692
"585",12,12146924,4084,12151008,1134,12152142
"586",12,12200192,1117,12201309,4101,12205410
"587",12,12242409,1234,12243643,3984,12247627
"588",12,12285277,1716,12286993,3502,12290495
"589",12,12292243,1801,12294044,3417,12297461
"590",12,12343194,1167,12344361,4051,12348412
"591",12,12395128,2134,12397262,3084,12400346
"592",12,12401978,1968,12403946,3250,12407196
"593",12,12410262,1683,12411945,3535,12415480
"594",12,12465063,1450,12466513,3768,12470281
"595",12,12471896,1800,12473696,3418,12477114
"596",12,12478746,1684,12480430,3534,12483964
"597",12,12487013,1800,12488813,3418,12492231
"598",12,12508747,1567,12510314,3651,12513965
"599",12,12587231,1617,12588848,3601,12592449
"600",12,12625715,934,12626649,4284,12630933
"601",12,12670849,967,12671816,4251,12676067
"602",12,12701483,2384,12703867,2834,12706701
"603",12,12748934,1283,12750217,3935,12754152
"604",12,12755851,2450,12758301,2768,12761069
"605",12,12778218,1583,12779801,3635,12783436
"606",12,12837269,1383,12838652,3834,12842486
"607",12,12867053,2483,12869536,2735,12872271
"608",12,12874036,1433,12875469,3785,12879254
"609",12,12905603,6184,12911787,1016,12912803
"610",12,12915370,1617,12916987,3601,12920588
"611",12,13029922,1833,13031755,3385,13035140
"612",12,13036772,850,13037622,4368,13041990
"613",12,13081839,1600,13083439,3618,13087057
"614",12,13089173,1250,13090423,3968,13094391
"615",12,13103306,1150,13104456,4068,13108524
"616",12,13142557,867,13143424,4351,13147775
"617",12,13183024,1367,13184391,3851,13188242
"618",12,13246658,784,13247442,4434,13251876
"619",12,13262825,1134,13263959,4084,13268043
"620",12,13269692,1550,13271242,3668,13274910
"621",12,13344693,1234,13345927,3984,13349911
"622",12,13351710,8850,13360560,1017,13361577
"623",12,13463629,1883,13465512,3335,13468847
"624",12,13474029,1283,13475312,3935,13479247
"625",12,13487762,1967,13489729,3251,13492980
"626",12,13494629,10367,13504996,1017,13506013
"627",12,13536146,4484,13540630,1017,13541647
"628",12,13558180,967,13559147,4251,13563398
"629",12,13565047,1283,13566330,3935,13570265
"630",12,13585780,2101,13587881,3117,13590998
"631",12,13635415,1033,13636448,4185,13640633
"632",13,3771020,1765,3772785,3453,3776238
"633",13,3833369,2583,3835952,2635,3838587
"634",13,3847569,2184,3849753,3034,3852787
"635",13,3861553,2966,3864519,2252,3866771
"636",13,3903803,2284,3906087,2934,3909021
"637",13,3910670,2600,3913270,2618,3915888
"638",13,3917520,2734,3920254,2484,3922738
"639",13,3924354,2033,3926387,3184,3929571
"640",13,3945154,3167,3948321,2051,3950372
"641",13,3958837,1201,3960038,4018,3964056
"642",13,3965704,1667,3967371,3551,3970922
"643",13,4008038,1434,4009472,3784,4013256
"644",13,4015338,3584,4018922,1634,4020556
"645",13,4050506,1517,4052023,3700,4055723
"646",13,4086323,1883,4088206,3335,4091541
"647",13,4107506,817,4108323,4402,4112725
"648",13,4121507,1217,4122724,4001,4126725
"649",13,4128357,2300,4130657,2918,4133575
"650",13,4165674,1384,4167058,3834,4170892
"651",13,4201225,1150,4202375,4068,4206443
"652",13,4208075,1383,4209458,3835,4213293
"653",13,4265492,734,4266226,4484,4270710
"654",13,4279226,1317,4280543,3901,4284444
"655",13,4322093,2550,4324643,2668,4327311
"656",13,4349527,1150,4350677,4068,4354745
"657",13,4370244,1383,4371627,3835,4375462
"658",13,4439928,2134,4442062,3084,4445146
"659",13,4446778,2817,4449595,2401,4451996
"660",13,4460595,2484,4463079,2734,4465813
"661",13,4481179,2517,4483696,2701,4486397
"662",13,4509146,1050,4510196,4168,4514364
"663",13,4516029,1567,4517596,3651,4521247
"664",13,4531213,2817,4534030,2401,4536431
"665",13,4551797,1100,4552897,4118,4557015
"666",13,4558664,1550,4560214,3668,4563882
"667",13,4607731,1534,4609265,3684,4612949
"668",13,4628281,1467,4629748,3751,4633499
"669",13,4642748,2500,4645248,2718,4647966
"670",13,4649632,2766,4652398,2452,4654850
"671",13,4656565,3967,4660532,1251,4661783
"672",13,4663565,1300,4664865,3918,4668783
"673",13,4677849,1350,4679199,3868,4683067
"674",13,4705482,1401,4706883,3818,4710701
"675",13,4740383,2784,4743167,2434,4745601
"676",13,4747233,1267,4748500,3951,4752451
"677",13,4754100,1600,4755700,3618,4759318
"678",13,4761650,1934,4763584,3284,4766868
"679",13,4785800,4134,4789934,1084,4791018
"680",13,4855918,2484,4858402,2734,4861136
"681",13,4944720,1266,4945986,3952,4949938
"682",13,4966420,1517,4967937,3701,4971638
"683",13,5026554,1900,5028454,3318,5031772
"684",13,5117539,1083,5118622,4135,5122757
"685",14,11200735,3250,11203985,1968,11205953
"686",14,11253119,1767,11254886,3451,11258337
"687",14,11268020,1183,11269203,4034,11273237
"688",14,11275520,1567,11277087,3651,11280738
"689",14,11342421,2050,11344471,3168,11347639
"690",14,11356121,1883,11358004,3335,11361339
"691",14,11363121,1150,11364271,4068,11368339
"692",14,11372871,1034,11373905,4184,11378089
"693",14,11395772,1683,11397455,3535,11400990
"694",14,11402638,1301,11403939,3917,11407856
"695",14,11416705,1350,11418055,3868,11421923
"696",14,11460506,1417,11461923,3801,11465724
"697",14,11497623,1167,11498790,4051,11502841
"698",14,11504490,1200,11505690,4018,11509708
"699",14,11511357,1350,11512707,3868,11516575
"700",14,11518223,1984,11520207,3235,11523442
"701",14,11567274,1151,11568425,4067,11572492
"702",14,11589108,2417,11591525,2801,11594326
"703",14,11609975,1784,11611759,3434,11615193
"704",14,11616842,933,11617775,4285,11622060
"705",14,11647192,1650,11648842,3568,11652410
"706",14,11680993,1733,11682726,3485,11686211
"707",14,11687926,2317,11690243,2901,11693144
"708",14,11696093,1934,11698027,3284,11701311
"709",14,11710727,1433,11712160,3785,11715945
"710",14,11725277,1150,11726427,4068,11730495
"711",14,11739010,1684,11740694,3534,11744228
"712",14,11754544,1250,11755794,3968,11759762
"713",14,11841095,1501,11842596,3717,11846313
"714",14,11856162,2267,11858429,2951,11861380
"715",14,11864996,1367,11866363,3851,11870214
"716",14,11927313,1201,11928514,4018,11932532
"717",14,11969514,2967,11972481,2251,11974732
"718",14,12005348,850,12006198,4368,12010566
"719",14,12019465,950,12020415,4268,12024683
"720",14,12037049,1500,12038549,3717,12042266
"721",14,12043899,2567,12046466,2651,12049117
"722",14,12057882,1150,12059032,4068,12063100
"723",14,12071966,1100,12073066,4118,12077184
"724",14,12085683,1016,12086699,4202,12090901
"725",14,12093099,1067,12094166,4151,12098317
"726",14,12107433,850,12108283,4368,12112651
"727",14,12158584,950,12159534,4268,12163802
"728",14,12227985,1033,12229018,4185,12233203
"729",14,12249435,1334,12250769,3884,12254653
"730",14,12263635,951,12264586,4268,12268854
"731",14,12270719,1117,12271836,4101,12275937
"732",14,12319753,1417,12321170,3801,12324971
"733",14,12348153,867,12349020,4352,12353372
"734",14,12386687,1467,12388154,3751,12391905
"735",14,12394021,983,12395004,4235,12399239
"736",14,12408288,1633,12409921,3585,12413506
"737",14,12422888,734,12423622,4484,12428106
"738",14,12482139,1050,12483189,4168,12487357
"739",14,12503389,1384,12504773,3834,12508607
"740",14,12569324,1183,12570507,4035,12574542
"741",14,12626391,1034,12627425,4184,12631609
"742",14,12654842,1250,12656092,3968,12660060
"743",14,12662625,1217,12663842,4001,12667843
"744",15,14864111,2033,14866144,3184,14869328
"745",15,14919828,1367,14921195,3851,14925046
"746",15,15117498,1300,15118798,3918,15122716
"747",15,15228483,1034,15229517,4184,15233701
"748",15,15271100,1251,15272351,3967,15276318
"749",15,15362352,1350,15363702,3868,15367570
"750",15,15434736,1151,15435887,4067,15439954
"751",15,15482720,3134,15485854,2084,15487938
"752",15,15489570,2984,15492554,2235,15494789
"753",15,15519238,1250,15520488,3968,15524456
"754",15,15620556,917,15621473,4301,15625774
"755",15,15649890,967,15650857,4251,15655108
"756",15,15672674,850,15673524,4368,15677892
"757",15,15700341,1200,15701541,4018,15705559
"758",15,15707191,1750,15708941,3468,15712409
"759",15,15787125,1167,15788292,4051,15792343
"760",15,15863960,733,15864693,4485,15869178
"761",15,16041696,1134,16042830,4084,16046914
"762",15,16127081,833,16127914,4385,16132299
"763",15,16140948,800,16141748,4418,16146166
"764",15,16154681,1400,16156081,3818,16159899
"765",16,8157901,2384,8160285,2834,8163119
"766",16,8173518,4367,8177885,1017,8178902
"767",16,8225969,2433,8228402,2785,8231187
"768",16,8234552,3134,8237686,2084,8239770
"769",16,8286186,2300,8288486,2918,8291404
"770",16,8388038,3150,8391188,2068,8393256
"771",16,8397205,1867,8399072,3351,8402423
"772",16,8468972,1984,8470956,3234,8474190
"773",16,8476222,4384,8480606,1017,8481623
"774",16,8495239,2084,8497323,3134,8500457
"775",16,8527440,7133,8534573,1017,8535590
"776",16,8538290,1433,8539723,3785,8543508
"777",16,8545807,1517,8547324,3701,8551025
"778",16,8571791,2183,8573974,3034,8577008
"779",16,8581207,5334,8586541,1017,8587558
"780",16,8589957,1434,8591391,3784,8595175
"781",16,8604441,1584,8606025,3634,8609659
"782",16,8629575,2217,8631792,3001,8634793
"783",16,8649242,1933,8651175,3284,8654459
"784",16,8706909,1150,8708059,4068,8712127
"785",16,8714593,2400,8716993,2818,8719811
"786",16,8728443,2283,8730726,2935,8733661
"787",16,8772710,1350,8774060,3868,8777928
"788",16,8787677,1684,8789361,3534,8792895
"789",16,8795544,3800,8799344,1418,8800762
"790",16,8809411,1283,8810694,3935,8814629
"791",16,8816277,3317,8819594,1901,8821495
"792",16,8865561,2101,8867662,3117,8870779
"793",16,8881262,2100,8883362,3118,8886480
"794",16,8889245,1200,8890445,4018,8894463
"795",16,8948896,2834,8951730,2384,8954114
"796",16,8972663,2367,8975030,2851,8977881
"797",16,9067915,1950,9069865,3268,9073133
"798",16,9083431,1301,9084732,3917,9088649
"799",16,9105782,1567,9107349,3651,9111000
"800",16,9124532,2350,9126882,2868,9129750
"801",16,9151199,3084,9154283,2134,9156417
"802",16,9158783,1700,9160483,3517,9164000
"803",16,9165633,4700,9170333,1017,9171350
"804",16,9173149,1717,9174866,3501,9178367
"805",16,9224700,1434,9226134,3784,9229918
"806",16,9267017,1301,9268318,3917,9272235
"807",16,9404736,2017,9406753,3201,9409954
"808",16,9426770,2517,9429287,2701,9431988
"809",16,9481021,4400,9485421,1017,9486438
"810",16,9488804,1050,9489854,4168,9494022
"811",16,9495738,2100,9497838,3117,9500955
"812",16,9503754,2051,9505805,3167,9508972
"813",16,9518205,1966,9520171,3252,9523423
"814",16,9525638,4617,9530255,1017,9531272
"815",16,9560405,1350,9561755,3868,9565623
"816",16,9615973,1217,9617190,4001,9621191
"817",16,9673757,1317,9675074,3901,9678975
"818",16,9682490,1134,9683624,4084,9687708
"819",16,9783842,1633,9785475,3585,9789060
"820",17,2428519,2967,2431486,2251,2433737
"821",17,2449087,4866,2453953,1017,2454970
"822",17,2478470,4534,2483004,1016,2484020
"823",17,2492687,1800,2494487,3418,2497905
"824",17,2591305,1383,2592688,3835,2596523
"825",17,2611822,2034,2613856,3184,2617040
"826",17,2618655,3001,2621656,2217,2623873
"827",17,2625506,6833,2632339,1017,2633356
"828",17,2641956,1967,2643923,3251,2647174
"829",17,2685006,4451,2689457,1016,2690473
"830",17,2698956,2751,2701707,2468,2704175
"831",17,2726757,2717,2729474,2501,2731975
"832",17,2740490,2601,2743091,2617,2745708
"833",17,2763757,2384,2766141,2834,2768975
"834",17,2820725,1950,2822675,3268,2825943
"835",17,2904326,6050,2910376,1017,2911393
"836",17,2913009,8451,2921460,1017,2922477
"837",17,2924110,2350,2926460,2868,2929328
"838",17,2968744,4233,2972977,1017,2973994
"839",17,2982594,6933,2989527,1017,2990544
"840",17,3013444,1284,3014728,3934,3018662
"841",17,3020328,2233,3022561,2985,3025546
"842",17,3027161,2684,3029845,2534,3032379
"843",17,3064295,1800,3066095,3418,3069513
"844",17,3088862,2750,3091612,2468,3094080
"845",17,3162063,2334,3164397,2884,3167281
"846",17,3178230,1817,3180047,3401,3183448
"847",17,3185080,1200,3186280,4018,3190298
"848",17,3214614,11533,3226147,1017,3227164
"849",17,3228814,3650,3232464,1568,3234032
"850",17,3243264,6584,3249848,1016,3250864
"851",17,3266181,1984,3268165,3234,3271399
"852",17,3273048,2367,3275415,2851,3278266
"853",17,3302265,1950,3304215,3268,3307483
"854",17,3322832,1750,3324582,3468,3328050
"855",17,3343416,2000,3345416,3218,3348634
"856",17,3380049,6117,3386166,1017,3387183
"857",17,3402650,1450,3404100,3768,3407868
"858",17,3466051,1567,3467618,3651,3471269
"859",17,3504818,2367,3507185,2851,3510036
"860",17,3511685,5933,3517618,1017,3518635
"861",17,3520251,1867,3522118,3351,3525469
"862",17,3614703,2317,3617020,2901,3619921
"863",17,3629953,2200,3632153,3018,3635171
"864",17,3658287,1633,3659920,3585,3663505
"865",17,3672120,1900,3674020,3318,3677338
"866",17,3678987,2000,3680987,3218,3684205
"867",17,3725988,1433,3727421,3785,3731206
"868",17,3739688,1300,3740988,3918,3744906
"869",17,3753405,1217,3754622,4001,3758623
"870",17,3778188,2001,3780189,3217,3783406
"871",17,3791872,2217,3794089,3001,3797090
"872",17,3805572,7900,3813472,1017,3814489
"873",17,3823139,3167,3826306,2051,3828357
"874",17,3862856,1401,3864257,3817,3868074
"875",17,3869723,1250,3870973,3968,3874941
"876",17,3929474,2000,3931474,3218,3934692
"877",17,3936307,1317,3937624,3901,3941525
"878",18,13102004,2034,13104038,3184,13107222
"879",18,13108854,1817,13110671,3401,13114072
"880",18,13137205,1233,13138438,3985,13142423
"881",18,13157772,1116,13158888,4102,13162990
"882",18,13178289,1633,13179922,3585,13183507
"883",18,13212789,1050,13213839,4168,13218007
"884",18,13226506,1017,13227523,4201,13231724
"885",18,13253940,1317,13255257,3901,13259158
"886",18,13260790,1133,13261923,4085,13266008
"887",18,13344974,1584,13346558,3634,13350192
"888",18,13359008,1133,13360141,4085,13364226
"889",18,13372875,1783,13374658,3435,13378093
"890",18,13393458,2034,13395492,3184,13398676
"891",18,13400459,1700,13402159,3518,13405677
"892",18,13422125,1317,13423442,3901,13427343
"893",18,13443309,1634,13444943,3584,13448527
"894",18,13514410,1267,13515677,3951,13519628
"895",18,13543644,2133,13545777,3085,13548862
"896",18,13606862,1216,13608078,4001,13612079
"897",18,13621095,2100,13623195,3118,13626313
"898",18,13676229,1150,13677379,4068,13681447
"899",18,13710680,1083,13711763,4135,13715898
"900",18,13724530,867,13725397,4351,13729748
"901",18,13731380,900,13732280,4318,13736598
"902",18,13751947,1217,13753164,4001,13757165
"903",18,13774097,1151,13775248,4067,13779315
"904",18,13794664,1167,13795831,4051,13799882
"905",18,13801514,1834,13803348,3384,13806732
"906",18,13894266,1083,13895349,4135,13899484
"907",18,13916149,984,13917133,4234,13921367
"908",18,13929849,1201,13931050,4017,13935067
"909",18,13966700,1200,13967900,4018,13971918
"910",18,13980434,1066,13981500,4152,13985652
"911",18,14008984,1267,14010251,3951,14014202
"912",18,14015818,1700,14017518,3517,14021035
"913",18,14080918,1084,14082002,4134,14086136
"914",18,14094902,1450,14096352,3768,14100120
"915",18,14122302,984,14123286,4234,14127520
"916",18,14143619,1267,14144886,3951,14148837
"917",18,14196303,1401,14197704,3817,14201521
"918",18,14205620,834,14206454,4384,14210838
"919",18,14219304,1467,14220771,3751,14224522
"920",18,14233254,1750,14235004,3468,14238472
"921",18,14353039,1317,14354356,3901,14358257
"922",18,14366856,1017,14367873,4201,14372074
"923",18,14432090,1767,14433857,3451,14437308
"924",18,14452674,1600,14454274,3618,14457892
"925",18,14459524,800,14460324,4418,14464742
"926",18,14466357,1334,14467691,3884,14471575
"927",19,16482154,1167,16483321,4051,16487372
"928",19,16488987,1551,16490538,3667,16494205
"929",19,16509538,1566,16511104,3652,16514756
"930",19,16516404,1584,16517988,3634,16521622
"931",19,16530121,1717,16531838,3501,16535339
"932",19,16558288,3834,16562122,1384,16563506
"933",19,16599422,1984,16601406,3234,16604640
"934",19,16606256,5600,16611856,1017,16612873
"935",19,16628356,1384,16629740,3834,16633574
"936",19,16649090,1117,16650207,4101,16654308
"937",19,16664457,3333,16667790,1885,16669675
"938",19,16672940,2550,16675490,2668,16678158
"939",19,16693807,1300,16695107,3918,16699025
"940",19,16729574,1250,16730824,3968,16734792
"941",19,16756991,1900,16758891,3318,16762209
"942",19,16800909,1750,16802659,3468,16806127
"943",19,16835826,1317,16837143,3901,16841044
"944",19,16842693,966,16843659,4252,16847911
"945",19,16856409,1267,16857676,3951,16861627
"946",19,16912977,2867,16915844,2351,16918195
"947",19,16919827,1550,16921377,3668,16925045
"948",19,16961494,1984,16963478,3234,16966712
"949",19,17003162,1466,17004628,3752,17008380
"950",19,17030829,1450,17032279,3768,17036047
"951",19,17085996,1200,17087196,4018,17091214
"952",19,17106763,1034,17107797,4184,17111981
"953",19,17121097,1900,17122997,3318,17126315
"954",19,17135014,5917,17140931,1016,17141947
"955",19,17207565,1267,17208832,3951,17212783
"956",19,17278516,1650,17280166,3568,17283734
"957",19,17370984,800,17371784,4418,17376202
"958",19,17399251,1467,17400718,3751,17404469
"959",19,17433685,1150,17434835,4068,17438903
"960",19,17447385,1217,17448602,4001,17452603
"961",19,17481619,1817,17483436,3401,17486837
"962",19,17516386,1667,17518053,3551,17521604
"963",19,17536970,2100,17539070,3118,17542188
"964",19,17557653,1034,17558687,4184,17562871
"965",19,17599171,1166,17600337,4052,17604389
"966",19,17608071,1266,17609337,3952,17613289
"967",19,17614921,1333,17616254,3885,17620139
"968",19,17628654,1317,17629971,3901,17633872
"969",19,17649205,1233,17650438,3984,17654422
"970",19,17662971,1117,17664088,4101,17668189
"971",19,17704639,800,17705439,4418,17709857
"972",19,17753023,1400,17754423,3818,17758241
"973",19,17759856,1500,17761356,3718,17765074
"974",19,17766706,1584,17768290,3634,17771924
"975",19,17773756,2801,17776557,2417,17778974
"976",19,17787707,1550,17789257,3668,17792925
"977",19,17808640,4567,17813207,1017,17814224
"978",19,17823391,1133,17824524,4084,17828608
"979",20,20497547,2067,20499614,3151,20502765
"980",20,20524964,2634,20527598,2584,20530182
"981",20,20546164,1951,20548115,3267,20551382
"982",20,20566948,1100,20568048,4118,20572166
"983",20,20580682,1883,20582565,3335,20585900
"984",20,20629399,2300,20631699,2918,20634617
"985",20,20712184,1250,20713434,3968,20717402
"986",20,20754401,2734,20757135,2484,20759619
"987",20,20768101,1850,20769951,3368,20773319
"988",20,20896203,3350,20899553,1868,20901421
"989",20,20945104,1833,20946937,3385,20950322
"990",20,20987121,2117,20989238,3101,20992339
"991",20,21000855,1800,21002655,3418,21006073
"992",20,21015122,1466,21016588,3752,21020340
"993",20,21029888,2734,21032622,2484,21035106
"994",20,21037539,766,21038305,4452,21042757
"995",20,21065189,1134,21066323,4084,21070407
"996",20,21079106,1233,21080339,3985,21084324
"997",20,21085956,2084,21088040,3134,21091174
"998",20,21236075,2067,21238142,3151,21241293
"999",20,21242942,1450,21244392,3768,21248160
"1000",20,21249809,1400,21251209,3818,21255027
"1001",20,21256659,1650,21258309,3567,21261876
"1002",20,21264309,1433,21265742,3785,21269527
"1003",20,21285726,817,21286543,4401,21290944
"1004",20,21363960,1734,21365694,3484,21369178
"1005",20,21385327,1767,21387094,3451,21390545
"1006",20,21407178,1883,21409061,3335,21412396
"1007",20,21427895,1733,21429628,3484,21433112
"1008",20,21492029,1167,21493196,4051,21497247
"1009",20,21498879,3950,21502829,1268,21504097
"1010",20,21528313,3367,21531680,1851,21533531
"1011",20,21549946,1017,21550963,4201,21555164
"1012",20,21631364,984,21632348,4234,21636582
"1013",20,21638198,1383,21639581,3835,21643416
"1014",20,21645298,1100,21646398,4118,21650516
"1015",20,21666631,1167,21667798,4051,21671849
"1016",20,21690048,1334,21691382,3885,21695267
"1017",20,21725832,1217,21727049,4001,21731050
"1018",20,21740799,4867,21745666,1017,21746683
"1019",20,21756716,1201,21757917,4017,21761934
"1020",20,21808050,1484,21809534,3734,21813268
"1021",20,21821767,934,21822701,4284,21826985
"1022",20,21873118,950,21874068,4268,21878336
"1023",20,21905385,4767,21910152,1017,21911169
"1024",20,21917185,851,21918036,4367,21922403
"1025",21,4157854,1817,4159671,3401,4163072
"1026",21,4214455,2567,4217022,2650,4219672
"1027",21,4232572,1850,4234422,3368,4237790
"1028",21,4246305,3267,4249572,1951,4251523
"1029",21,4294239,2134,4296373,3084,4299457
"1030",21,4363424,4833,4368257,1017,4369274
"1031",21,4377940,1101,4379041,4117,4383158
"1032",21,4391641,2850,4394491,2367,4396858
"1033",21,4412241,2984,4415225,2234,4417459
"1034",21,4450641,3117,4453758,2101,4455859
"1035",21,4464508,1200,4465708,4018,4469726
"1036",21,4471858,1617,4473475,3601,4477076
"1037",21,4547426,1517,4548943,3701,4552644
"1038",21,4568010,1550,4569560,3668,4573228
"1039",21,4581710,1517,4583227,3701,4586928
"1040",21,4602260,1667,4603927,3551,4607478
"1041",21,4623577,1617,4625194,3601,4628795
"1042",21,4637277,1017,4638294,4201,4642495
"1043",21,4677095,2367,4679462,2851,4682313
"1044",21,4713229,3800,4717029,1418,4718447
"1045",21,4741029,2267,4743296,2951,4746247
"1046",21,4755879,7184,4763063,1016,4764079
"1047",21,4779396,1267,4780663,3951,4784614
"1048",21,4786263,1867,4788130,3351,4791481
"1049",21,4815830,1700,4817530,3518,4821048
"1050",21,4843264,1400,4844664,3818,4848482
"1051",21,4850397,1484,4851881,3734,4855615
"1052",21,4913398,3134,4916532,2084,4918616
"1053",21,4934465,1450,4935915,3768,4939683
"1054",21,4941298,3751,4945049,1468,4946517
"1055",21,4961882,2134,4964016,3084,4967100
"1056",21,4982666,1400,4984066,3818,4987884
"1057",21,5025933,2900,5028833,2318,5031151
"1058",21,5032766,1451,5034217,3767,5037984
"1059",21,5053350,1567,5054917,3651,5058568
"1060",21,5088417,1184,5089601,4034,5093635
"1061",21,5150918,1984,5152902,3234,5156136
"1062",21,5179469,1567,5181036,3650,5184686
"1063",21,5186335,1351,5187686,3867,5191553
"1064",21,5206886,1350,5208236,3867,5212103
"1065",21,5234403,1500,5235903,3718,5239621
"1066",21,5276470,967,5277437,4251,5281688
"1067",21,5311121,1050,5312171,4167,5316338
"1068",21,5325454,3300,5328754,1918,5330672
"1069",21,5340171,1883,5342054,3335,5345389
"1070",21,5388088,2367,5390455,2851,5393306
"1071",21,5408622,983,5409605,4235,5413840
"1072",21,5436972,1117,5438089,4101,5442190
"1073",21,5443839,1267,5445106,3951,5449057
"1074",21,5450706,1800,5452506,3418,5455924
"1075",21,5471290,1566,5472856,3651,5476507
"1076",21,5478156,2317,5480473,2901,5483374
"1077",21,5491890,1083,5492973,4135,5497108
"1078",21,5541041,1666,5542707,3551,5546258
"1079",21,5547874,1333,5549207,3885,5553092
"1080",22,11705745,7434,11713179,1017,11714196
"1081",22,11806780,2451,11809231,2767,11811998
"1082",22,11859798,8000,11867798,1017,11868815
"1083",22,11877265,4217,11881482,1016,11882498
"1084",22,11899415,2767,11902182,2451,11904633
"1085",22,11955949,1600,11957549,3618,11961167
"1086",22,12025167,1683,12026850,3535,12030385
"1087",22,12038884,2533,12041417,2685,12044102
"1088",22,12060334,1017,12061351,4201,12065552
"1089",22,12068684,7750,12076434,1017,12077451
"1090",22,12086468,4233,12090701,1017,12091718
"1091",22,12102135,1750,12103885,3468,12107353
"1092",22,12140152,1100,12141252,4118,12145370
"1093",22,12162686,1183,12163869,4035,12167904
"1094",22,12169536,1133,12170669,4085,12174754
"1095",22,12190986,1317,12192303,3901,12196204
"1096",22,12197853,2017,12199870,3201,12203071
"1097",22,12211570,1283,12212853,3935,12216788
"1098",22,12254387,900,12255287,4318,12259605
"1099",22,12283704,1700,12285404,3518,12288922
"1100",22,12305371,1584,12306955,3634,12310589
"1101",22,12365322,1984,12367306,3234,12370540
"1102",22,12382239,1583,12383822,3635,12387457
"1103",22,12389072,1367,12390439,3851,12394290
"1104",22,12402939,1517,12404456,3701,12408157
"1105",22,12473624,3150,12476774,2068,12478842
"1106",22,12534158,3233,12537391,1985,12539376
"1107",22,12576308,4701,12581009,1016,12582025
"1108",22,12611692,1300,12612992,3918,12616910
"1109",22,12625426,1150,12626576,4068,12630644
"1110",22,12767028,1217,12768245,4001,12772246
"1111",22,12773878,11067,12784945,1017,12785962
"1112",22,12794462,1233,12795695,3985,12799680
"1113",22,12808179,5416,12813595,1017,12814612
"1114",22,12847129,3267,12850396,1951,12852347
"1115",22,12861113,2967,12864080,2251,12866331
"1116",22,12867963,1267,12869230,3951,12873181
"1117",22,12882230,833,12883063,4385,12887448
"1118",22,12944564,4134,12948698,1084,12949782
"1119",22,12958281,1650,12959931,3568,12963499
"1120",22,12973214,2051,12975265,3167,12978432
"1121",22,13017665,850,13018515,4368,13022883
"1122",22,13067899,3551,13071450,1667,13073117
"1123",22,13081833,783,13082616,4435,13087051
"1124",22,13126100,1100,13127200,4118,13131318
"1125",23,15024178,4934,15029112,1017,15030129
"1126",23,15038795,1334,15040129,3884,15044013
"1127",23,15059412,1917,15061329,3301,15064630
"1128",23,15073129,1350,15074479,3868,15078347
"1129",23,15114530,1467,15115997,3751,15119748
"1130",23,15218715,1750,15220465,3468,15223933
"1131",23,15225582,1100,15226682,4117,15230799
"1132",23,15232432,1233,15233665,3985,15237650
"1133",23,15259849,1283,15261132,3935,15265067
"1134",23,15273532,984,15274516,4234,15278750
"1135",23,15294149,2450,15296599,2768,15299367
"1136",23,15397601,1417,15399018,3801,15402819
"1137",23,15432418,1367,15433785,3851,15437636
"1138",23,15474902,1950,15476852,3268,15480120
"1139",23,15489019,883,15489902,4335,15494237
"1140",23,15517019,1100,15518119,4118,15522237
"1141",23,15613104,900,15614004,4318,15618322
"1142",23,15696789,917,15697706,4301,15702007
"1143",23,15710656,950,15711606,4267,15715873
"1144",23,15731489,2334,15733823,2884,15736707
"1145",23,15745506,1667,15747173,3551,15750724
"1146",23,15752523,1417,15753940,3801,15757741
"1147",23,15759390,2000,15761390,3218,15764608
"1148",23,15898692,1000,15899692,4218,15903910
"1149",23,15912592,850,15913442,4368,15917810
"1150",23,15954943,850,15955793,4368,15960161
"1151",23,15977126,850,15977976,4368,15982344
"1152",23,15983976,1501,15985477,3717,15989194
"1153",23,16018260,784,16019044,4434,16023478
"1154",23,16095828,1350,16097178,3868,16101046
"1155",24,18848586,1251,18849837,3967,18853804
"1156",24,18855436,2001,18857437,3217,18860654
"1157",24,18869153,4117,18873270,1101,18874371
"1158",24,18938888,3433,18942321,1784,18944105
"1159",24,18952621,2134,18954755,3084,18957839
"1160",24,19000605,2600,19003205,2618,19005823
"1161",24,19021156,6966,19028122,1017,19029139
"1162",24,19037639,1684,19039323,3534,19042857
"1163",24,19052123,4967,19057090,1016,19058106
"1164",24,19073406,2401,19075807,2817,19078624
"1165",24,19087123,3617,19090740,1601,19092341
"1166",24,19108540,1584,19110124,3634,19113758
"1167",24,19142707,1934,19144641,3284,19147925
"1168",24,19149557,4267,19153824,1017,19154841
"1169",24,19170158,1733,19171891,3485,19175376
"1170",24,19270326,2000,19272326,3218,19275544
"1171",24,19291010,1350,19292360,3867,19296227
"1172",24,19304710,4383,19309093,1017,19310110
"1173",24,19361894,1417,19363311,3801,19367112
"1174",24,19383444,1451,19384895,3767,19388662
"1175",24,19404211,2534,19406745,2684,19409429
"1176",24,19447845,2151,19449996,3067,19453063
"1177",24,19454712,2434,19457146,2784,19459930
"1178",24,19496263,4583,19500846,1017,19501863
"1179",24,19511246,1751,19512997,3467,19516464
"1180",24,19519513,1651,19521164,3567,19524731
"1181",24,19533380,3884,19537264,1334,19538598
"1182",24,19561064,2433,19563497,2785,19566282
"1183",24,19588647,2684,19591331,2534,19593865
"1184",24,19595514,1851,19597365,3367,19600732
"1185",24,19625281,2534,19627815,2684,19630499
"1186",24,19640448,2117,19642565,3101,19645666
"1187",24,19663932,833,19664765,4385,19669150
"1188",24,19670782,2067,19672849,3151,19676000
"1189",24,19677932,5001,19682933,1016,19683949
"1190",24,19710949,1951,19712900,3267,19716167
"1191",24,19732750,1933,19734683,3285,19737968
"1192",24,19742517,1733,19744250,3484,19747734
"1193",24,19756333,751,19757084,4467,19761551
"1194",24,19771167,1500,19772667,3718,19776385
"1195",24,19785034,3600,19788634,1618,19790252
"1196",24,19821734,1834,19823568,3384,19826952
"1197",24,19829335,1666,19831001,3551,19834552
"1198",24,19843068,1367,19844435,3851,19848286
"1199",24,19851285,883,19852168,4335,19856503
"1200",24,19858152,1367,19859519,3851,19863370
"1201",24,19931053,1650,19932703,3568,19936271
"1202",24,19955436,4034,19959470,1184,19960654
"1203",24,19976154,1833,19977987,3384,19981371
"1204",24,19989887,2050,19991937,3168,19995105
"1205",24,20080855,1134,20081989,4084,20086073
"1206",24,20088405,2384,20090789,2834,20093623
"1207",24,20219691,3666,20223357,1551,20224908
"1208",24,20234691,1767,20236458,3451,20239909
"1209",24,20262491,1234,20263725,3984,20267709
"1210",24,20276958,1067,20278025,4151,20282176
"1211",25,22755113,1617,22756730,3601,22760331
"1212",25,22782813,1851,22784664,3367,22788031
"1213",25,22810780,2234,22813014,2984,22815998
"1214",25,22854131,3400,22857531,1818,22859349
"1215",25,22868565,2383,22870948,2834,22873782
"1216",25,22903115,2550,22905665,2668,22908333
"1217",25,22916965,1967,22918932,3251,22922183
"1218",25,22923832,1400,22925232,3818,22929050
"1219",25,22958566,3083,22961649,2135,22963784
"1220",25,22972449,4784,22977233,1017,22978250
"1221",25,23030384,4933,23035317,1017,23036334
"1222",25,23101218,1367,23102585,3851,23106436
"1223",25,23108068,2600,23110668,2618,23113286
"1224",25,23137819,5300,23143119,1017,23144136
"1225",25,23147119,1483,23148602,3735,23152337
"1226",25,23199120,2133,23201253,3085,23204338
"1227",25,23267504,3367,23270871,1851,23272722
"1228",25,23274604,1434,23276038,3784,23279822
"1229",25,23288604,3834,23292438,1384,23293822
"1230",25,23295671,1600,23297271,3618,23300889
"1231",25,23311188,6167,23317355,1017,23318372
"1232",25,23342388,3351,23345739,1867,23347606
"1233",25,23369272,1567,23370839,3651,23374490
"1234",25,23403356,2084,23405440,3134,23408574
"1235",25,23425790,1983,23427773,3235,23431008
"1236",25,23536125,3083,23539208,2135,23541343
"1237",25,23607893,1350,23609243,3867,23613110
"1238",25,23629326,2167,23631493,3051,23634544
"1239",25,23643327,4050,23647377,1167,23648544
"1240",25,23681560,1567,23683127,3651,23686778
"1241",25,23689260,3334,23692594,1884,23694478
"1242",25,23720928,2716,23723644,2502,23726146
"1243",25,23735211,2701,23737912,2517,23740429
"1244",25,23766112,1683,23767795,3535,23771330
"1245",25,23807912,3684,23811596,1534,23813130
"1246",25,23829329,1934,23831263,3284,23834547
"1247",25,23859846,4334,23864180,1017,23865197
"1248",25,23909231,1716,23910947,3502,23914449
"1249",25,23916097,3067,23919164,2151,23921315
"1250",25,23938381,3467,23941848,1751,23943599
"1251",25,23957665,2100,23959765,3118,23962883
"1252",25,24000665,1551,24002216,3667,24005883
"1253",25,24007532,3484,24011016,1734,24012750
"1254",25,24038999,9317,24048316,1017,24049333
"1255",25,24065050,1133,24066183,4085,24070268
"1256",25,24104034,3583,24107617,1635,24109252
"1257",25,24111400,1901,24113301,3317,24116618
"1258",25,24118434,2783,24121217,2435,24123652
"1259",25,24125584,1367,24126951,3851,24130802
"1260",25,24139984,2734,24142718,2484,24145202
"1261",25,24153651,1833,24155484,3385,24158869
"1262",25,24196068,1984,24198052,3234,24201286
"1263",25,24217885,1400,24219285,3818,24223103
"1264",26,4285137,3250,4288387,1968,4290355
"1265",26,4298854,1600,4300454,3618,4304072
"1266",26,4312721,1517,4314238,3700,4317938
"1267",26,4392888,1351,4394239,3867,4398106
"1268",26,4414605,2650,4417255,2568,4419823
"1269",26,4428322,2467,4430789,2751,4433540
"1270",26,4477223,1500,4478723,3718,4482441
"1271",26,4539607,884,4540491,4334,4544825
"1272",26,4554107,3500,4557607,1718,4559325
"1273",26,4560974,4617,4565591,1017,4566608
"1274",26,4568391,2533,4570924,2685,4573609
"1275",26,4582108,2033,4584141,3184,4587325
"1276",26,4595808,1300,4597108,3918,4601026
"1277",26,4646808,1267,4648075,3951,4652026
"1278",26,4653642,1567,4655209,3651,4658860
"1279",26,4674192,1717,4675909,3501,4679410
"1280",26,4681042,4150,4685192,1068,4686260
"1281",26,4694742,1001,4695743,4217,4699960
"1282",26,4708443,1350,4709793,3867,4713660
"1283",26,4738343,1584,4739927,3634,4743561
"1284",26,4786344,1967,4788311,3251,4791562
"1285",26,4800561,3200,4803761,2018,4805779
"1286",26,4807594,2750,4810344,2468,4812812
"1287",26,4821327,1851,4823178,3367,4826545
"1288",26,4839311,1700,4841011,3518,4844529
"1289",26,4901712,900,4902612,4318,4906930
"1290",26,4908729,1267,4909996,3951,4913947
"1291",26,4915596,2333,4917929,2884,4920813
"1292",26,4922629,2467,4925096,2751,4927847
"1293",26,4961979,3501,4965480,1717,4967197
"1294",26,5024197,1183,5025380,4035,5029415
"1295",26,5101465,5167,5106632,1016,5107648
"1296",26,5109265,3333,5112598,1885,5114483
"1297",26,5136715,1650,5138365,3568,5141933
"1298",26,5187266,1483,5188749,3735,5192484
"1299",26,5238000,1250,5239250,3968,5243218
"1300",26,5251717,7133,5258850,1017,5259867
"1301",26,5268384,1617,5270001,3601,5273602
"1302",26,5283034,1233,5284267,3985,5288252
"1303",26,5345768,2584,5348352,2634,5350986
"1304",26,5387535,5201,5392736,1016,5393752
"1305",26,5395385,5184,5400569,1017,5401586
"1306",26,5403219,1183,5404402,4035,5408437
"1307",26,5410069,1500,5411569,3718,5415287
"1308",26,5465553,2484,5468037,2734,5470771
"1309",26,5500020,1384,5501404,3834,5505238
"1310",26,5506870,1917,5508787,3301,5512088
"1311",26,5541154,2101,5543255,3117,5546372
"1312",26,5610322,1367,5611689,3851,5615540
"1313",26,5678973,1533,5680506,3685,5684191
"1314",26,5685806,1767,5687573,3451,5691024
"1315",27,7635417,2933,7638350,2285,7640635
"1316",27,7680234,2133,7682367,3085,7685452
"1317",27,7701368,1216,7702584,4002,7706586
"1318",27,7708234,984,7709218,4234,7713452
"1319",27,7721935,1650,7723585,3567,7727152
"1320",27,7736601,1284,7737885,3934,7741819
"1321",27,7743651,1117,7744768,4101,7748869
"1322",27,7766385,1750,7768135,3468,7771603
"1323",27,7780085,1967,7782052,3251,7785303
"1324",27,7828203,2100,7830303,3118,7833421
"1325",27,7841920,950,7842870,4267,7847137
"1326",27,7884103,1951,7886054,3267,7889321
"1327",27,7891570,1950,7893520,3268,7896788
"1328",27,7918954,2417,7921371,2801,7924172
"1329",27,7933321,1600,7934921,3618,7938539
"1330",27,7981755,1433,7983188,3785,7986973
"1331",27,7989255,1317,7990572,3901,7994473
"1332",27,7996522,1317,7997839,3901,8001740
"1333",27,8003738,1217,8004955,4001,8008956
"1334",27,8017439,1483,8018922,3734,8022656
"1335",27,8038156,1033,8039189,4185,8043374
"1336",27,8145824,967,8146791,4251,8151042
"1337",27,8152674,2167,8154841,3051,8157892
"1338",27,8175458,1517,8176975,3700,8180675
"1339",27,8189374,1251,8190625,3967,8194592
"1340",27,8212141,1634,8213775,3584,8217359
"1341",27,8234442,950,8235392,4268,8239660
"1342",27,8261976,1816,8263792,3401,8267193
"1343",27,8304159,2634,8306793,2584,8309377
"1344",27,8360694,1650,8362344,3567,8365911
"1345",27,8392261,733,8392994,4485,8397479
"1346",27,8482845,1367,8484212,3851,8488063
"1347",27,8511796,1317,8513113,3901,8517014
"1348",27,8518646,1383,8520029,3835,8523864
"1349",27,8525629,2334,8527963,2884,8530847
"1350",27,8533063,950,8534013,4268,8538281
"1351",27,8581830,1167,8582997,4051,8587048
"1352",27,8626014,1250,8627264,3968,8631232
"1353",27,8639881,1817,8641698,3401,8645099
"1354",27,8676148,1167,8677315,4051,8681366
"1355",27,8761299,1317,8762616,3901,8766517
"1356",27,8776166,1017,8777183,4201,8781384
"1357",27,8804983,817,8805800,4401,8810201
"1358",27,8821967,1083,8823050,4135,8827185
"1359",27,8828917,1033,8829950,4185,8834135
"1360",27,8835767,1300,8837067,3918,8840985
"1361",27,8849451,1616,8851067,3601,8854668
"1362",27,8904351,1067,8905418,4151,8909569
"1363",27,8918068,817,8918885,4401,8923286
"1364",27,8939352,1650,8941002,3568,8944570
"1365",27,8962719,1417,8964136,3801,8967937
"1366",27,8984052,1084,8985136,4134,8989270
"1367",27,9037403,767,9038170,4451,9042621
"1368",27,9045270,1017,9046287,4201,9050488
"1369",27,9059687,1117,9060804,4101,9064905
"1370",28,11136033,1384,11137417,3834,11141251
"1371",28,11170917,2284,11173201,2934,11176135
"1372",28,11184634,2550,11187184,2668,11189852
"1373",28,11235068,2700,11237768,2518,11240286
"1374",28,11248802,1417,11250219,3800,11254019
"1375",28,11255685,2517,11258202,2701,11260903
"1376",28,11262552,2267,11264819,2951,11267770
"1377",28,11297486,1616,11299102,3602,11302704
"1378",28,11304886,7117,11312003,1016,11313019
"1379",28,11343070,5933,11349003,1017,11350020
"1380",28,11411354,2367,11413721,2851,11416572
"1381",28,11502239,6150,11508389,1017,11509406
"1382",28,11533389,1484,11534873,3734,11538607
"1383",28,11540239,4000,11544239,1218,11545457
"1384",28,11560789,6151,11566940,1016,11567956
"1385",28,11583956,5084,11589040,1017,11590057
"1386",28,11591707,4950,11596657,1017,11597674
"1387",28,11606390,1650,11608040,3568,11611608
"1388",28,11613674,1816,11615490,3402,11618892
"1389",28,11645107,1917,11647024,3301,11650325
"1390",28,11687008,1450,11688458,3768,11692226
"1391",28,11693858,1600,11695458,3618,11699076
"1392",28,11700725,3750,11704475,1468,11705943
"1393",28,11725359,1483,11726842,3735,11730577
"1394",28,11746592,3184,11749776,2034,11751810
"1395",28,11780926,4017,11784943,1201,11786144
"1396",28,11829827,5550,11835377,1017,11836394
"1397",28,11838027,4633,11842660,1017,11843677
"1398",28,11852194,1717,11853911,3501,11857412
"1399",28,11866311,1400,11867711,3818,11871529
"1400",28,11880144,3100,11883244,2118,11885362
"1401",28,11893861,4550,11898411,1017,11899428
"1402",28,11928978,5634,11934612,1016,11935628
"1403",28,11944728,1800,11946528,3418,11949946
"1404",28,11958445,1484,11959929,3734,11963663
"1405",28,11979529,2183,11981712,3035,11984747
"1406",28,12079330,3617,12082947,1601,12084548
"1407",28,12099897,1584,12101481,3634,12105115
"1408",28,12113714,4700,12118414,1017,12119431
"1409",28,12128364,1534,12129898,3684,12133582
"1410",28,12157198,2250,12159448,2968,12162416
"1411",28,12200199,1333,12201532,3885,12205417
"1412",28,12213949,3183,12217132,2035,12219167
"1413",28,12234699,1117,12235816,4101,12239917
"1414",28,12255283,1684,12256967,3534,12260501
"1415",28,12262116,1417,12263533,3801,12267334
"1416",28,12282650,1600,12284250,3618,12287868
"1417",28,12296383,1851,12298234,3367,12301601
"1418",28,12318267,3567,12321834,1651,12323485
"1419",28,12325100,3767,12328867,1451,12330318
"1420",28,12331934,2350,12334284,2868,12337152
"1421",28,12366301,4284,12370585,1016,12371601
"1422",28,12395568,3850,12399418,1368,12400786
"1423",28,12472586,2500,12475086,2718,12477804
"1424",28,12493103,4800,12497903,1017,12498920
"1425",29,15335177,1434,15336611,3784,15340395
"1426",29,15348877,2867,15351744,2351,15354095
"1427",29,15384311,1017,15385328,4201,15389529
"1428",29,15447512,1133,15448645,4085,15452730
"1429",29,15497246,2333,15499579,2885,15502464
"1430",29,15511363,1850,15513213,3368,15516581
"1431",29,15525646,1501,15527147,3717,15530864
"1432",29,15553047,1467,15554514,3751,15558265
"1433",29,15603414,984,15604398,4234,15608632
"1434",29,15648432,1016,15649448,4201,15653649
"1435",29,15655582,1583,15657165,3635,15660800
"1436",29,15677199,1467,15678666,3751,15682417
"1437",29,15741916,784,15742700,4434,15747134
"1438",29,15748766,1234,15750000,3984,15753984
"1439",29,15792767,1317,15794084,3901,15797985
"1440",29,15799617,1200,15800817,4018,15804835
"1441",29,15807151,1066,15808217,4151,15812368
"1442",29,15828284,1184,15829468,4034,15833502
"1443",29,15843068,1117,15844185,4101,15848286
"1444",29,15894952,1533,15896485,3685,15900170
"1445",29,15909285,1084,15910369,4134,15914503
"1446",29,15969903,1217,15971120,4001,15975121
"1447",29,15991670,1050,15992720,4168,15996888
"1448",29,15998520,700,15999220,4518,16003738
"1449",29,16026604,1566,16028170,3652,16031822
"1450",29,16040304,983,16041287,4235,16045522
"1451",29,16089938,1234,16091172,3984,16095156
"1452",29,16103955,1483,16105438,3735,16109173
"1453",29,16146372,1334,16147706,3884,16151590
"1454",29,16204490,1767,16206257,3451,16209708
"1455",29,16219390,1433,16220823,3785,16224608
"1456",29,16226707,1083,16227790,4134,16231924
"1457",29,16254774,1817,16256591,3401,16259992
"1458",29,16261624,1067,16262691,4151,16266842
"1459",29,16268491,1667,16270158,3550,16273708
"1460",29,16327225,1117,16328342,4101,16332443
"1461",29,16334108,1184,16335292,4034,16339326
"1462",29,16377625,1001,16378626,4217,16382843
"1463",29,16384992,2000,16386992,3218,16390210
"1464",29,16414126,934,16415060,4284,16419344
"1465",29,16420993,1100,16422093,4118,16426211
"1466",29,16449777,1333,16451110,3884,16454994
"1467",29,16478477,917,16479394,4301,16483695
"1468",29,16485360,851,16486211,4367,16490578
"1469",29,16514527,767,16515294,4451,16519745
"1470",29,16535928,1067,16536995,4151,16541146
"1471",29,16584878,767,16585645,4451,16590096
"1472",29,16599745,1451,16601196,3767,16604963
"1473",29,16624546,1450,16625996,3768,16629764
"1474",29,16656630,750,16657380,4467,16661847
"1475",29,16759598,1133,16760731,4085,16764816
"1476",29,16773998,1533,16775531,3685,16779216
"1477",30,19290251,1417,19291668,3801,19295469
"1478",30,19319185,3667,19322852,1551,19324403
"1479",30,19392953,2950,19395903,2268,19398171
"1480",30,19399820,3817,19403637,1401,19405038
"1481",30,19439320,2567,19441887,2651,19444538
"1482",30,19469771,1383,19471154,3835,19474989
"1483",30,19490438,1583,19492021,3635,19495656
"1484",30,19701624,1067,19702691,4151,19706842
"1485",30,19720724,1834,19722558,3384,19725942
"1486",30,19737258,1067,19738325,4151,19742476
"1487",30,19755541,2084,19757625,3134,19760759
"1488",30,19762392,3983,19766375,1235,19767610
"1489",30,19802792,1500,19804292,3718,19808010
"1490",30,19991695,1300,19992995,3918,19996913
"1491",30,19998562,1250,19999812,3968,20003780
"1492",30,20017379,5283,20022662,1017,20023679
"1493",30,20056513,1117,20057630,4101,20061731
"1494",30,20099063,2517,20101580,2701,20104281
"1495",30,20263799,1217,20265016,4001,20269017
"1496",30,20285066,1917,20286983,3301,20290284
"1497",30,20298833,983,20299816,4235,20304051
"1498",30,20330033,2884,20332917,2334,20335251
"1499",30,20337050,1200,20338250,4018,20342268
"1500",30,20442035,1317,20443352,3901,20447253
"1501",30,20471036,4166,20475202,1051,20476253
"1502",30,20543270,1000,20544270,4218,20548488
"1503",30,20550120,1034,20551154,4184,20555338
"1504",30,20557253,1317,20558570,3901,20562471
"1505",30,20571304,1133,20572437,4085,20576522
"1506",30,20578187,1134,20579321,4084,20583405
"1507",30,20592037,5434,20597471,1017,20598488
"1508",30,20694189,2883,20697072,2335,20699407
"1509",30,20736039,1634,20737673,3584,20741257
"1510",30,20752440,2150,20754590,3068,20757658
"1511",30,20759323,1267,20760590,3951,20764541
"1512",30,20789307,1250,20790557,3968,20794525
"1513",30,20796140,1451,20797591,3767,20801358
"1514",30,20817357,1751,20819108,3467,20822575
"1515",30,20853158,1133,20854291,4085,20858376
"1516",30,20869825,1500,20871325,3718,20875043
"1517",30,20921242,1500,20922742,3718,20926460
"1518",30,20950193,2516,20952709,2702,20955411
"1519",30,20970993,1083,20972076,4135,20976211
"1520",31,2115989,1116,2117105,4102,2121207
"1521",31,2123455,1834,2125289,3384,2128673
"1522",31,2137172,2017,2139189,3201,2142390
"1523",31,2151506,1683,2153189,3535,2156724
"1524",31,2200923,2567,2203490,2651,2206141
"1525",31,2221590,1667,2223257,3551,2226808
"1526",31,2236090,1100,2237190,4118,2241308
"1527",31,2257190,3601,2260791,1618,2262409
"1528",31,2271707,1867,2273574,3351,2276925
"1529",31,2286158,2833,2288991,2385,2291376
"1530",31,2293791,1200,2294991,4018,2299009
"1531",31,2330575,1583,2332158,3635,2335793
"1532",31,2351809,1666,2353475,3552,2357027
"1533",31,2417509,3151,2420660,2067,2422727
"1534",31,2454560,1767,2456327,3451,2459778
"1535",31,2476677,2050,2478727,3168,2481895
"1536",31,2513994,1234,2515228,3984,2519212
"1537",31,2536328,1367,2537695,3851,2541546
"1538",31,2566445,3433,2569878,1785,2571663
"1539",31,2590545,817,2591362,4401,2595763
"1540",31,2629579,3917,2633496,1301,2634797
"1541",31,2651346,1500,2652846,3718,2656564
"1542",31,2710363,1201,2711564,4017,2715581
"1543",31,2724964,1400,2726364,3818,2730182
"1544",31,2739481,1250,2740731,3967,2744698
"1545",31,2753897,1101,2754998,4117,2759115
"1546",31,2768231,2367,2770598,2851,2773449
"1547",31,2788815,1350,2790165,3868,2794033
"1548",31,2839865,1384,2841249,3834,2845083
"1549",31,2884733,1383,2886116,3835,2889951
"1550",31,2919950,1550,2921500,3668,2925168
"1551",31,2985951,1617,2987568,3601,2991169
"1552",31,3006518,2416,3008934,2802,3011736
"1553",31,3049885,1250,3051135,3968,3055103
"1554",31,3079869,2817,3082686,2401,3085087
"1555",31,3100786,2633,3103419,2585,3106004
"1556",31,3145953,1650,3147603,3568,3151171
"1557",31,3245821,1800,3247621,3418,3251039
"1558",31,3340206,1517,3341723,3701,3345424
"1559",31,3347073,2550,3349623,2667,3352290
"1560",31,3375173,2000,3377173,3218,3380391
"1561",31,3421257,1500,3422757,3718,3426475
"1562",31,3451457,1367,3452824,3851,3456675
"1563",31,3472741,1317,3474058,3901,3477959
"1564",31,3503141,1117,3504258,4101,3508359
"1565",31,3518342,3783,3522125,1435,3523560
"1566",31,3533408,1351,3534759,3868,3538627
"1567",31,3554975,1784,3556759,3434,3560193
"1568",32,5024747,1250,5025997,3968,5029965
"1569",32,5031613,2034,5033647,3184,5036831
"1570",32,5065881,1433,5067314,3785,5071099
"1571",32,5093614,1301,5094915,3917,5098832
"1572",32,5146332,6667,5152999,1016,5154015
"1573",32,5181616,1183,5182799,4035,5186834
"1574",32,5188466,1200,5189666,4018,5193684
"1575",32,5202199,1267,5203466,3951,5207417
"1576",32,5209066,1267,5210333,3951,5214284
"1577",32,5252633,1134,5253767,4084,5257851
"1578",32,5302951,1283,5304234,3935,5308169
"1579",32,5352185,2767,5354952,2451,5357403
"1580",32,5360735,2050,5362785,3168,5365953
"1581",32,5374602,983,5375585,4235,5379820
"1582",32,5381452,3217,5384669,2001,5386670
"1583",32,5388319,1400,5389719,3818,5393537
"1584",32,5416469,1134,5417603,4084,5421687
"1585",32,5430153,1333,5431486,3884,5435370
"1586",32,5471503,1500,5473003,3718,5476721
"1587",32,5500387,1167,5501554,4051,5505605
"1588",32,5521621,1916,5523537,3302,5526839
"1589",32,5562738,2133,5564871,3085,5567956
"1590",32,5636456,1666,5638122,3552,5641674
"1591",32,5658389,750,5659139,4468,5663607
"1592",32,5665239,1501,5666740,3717,5670457
"1593",32,5672123,4183,5676306,1035,5677341
"1594",32,5727424,2150,5729574,3067,5732641
"1595",32,5755124,1350,5756474,3868,5760342
"1596",32,5770691,2583,5773274,2635,5775909
"1597",32,5784391,1367,5785758,3851,5789609
"1598",32,5814042,1716,5815758,3501,5819259
"1599",32,5827775,1234,5829009,3984,5832993
"1600",32,5884326,1334,5885660,3884,5889544
"1601",32,5997161,1533,5998694,3685,6002379
"1602",32,6010878,1767,6012645,3451,6016096
"1603",32,6048312,4500,6052812,1017,6053829
"1604",32,6069412,2350,6071762,2868,6074630
"1605",32,6101629,2634,6104263,2584,6106847
"1606",32,6145796,867,6146663,4351,6151014
"1607",32,6173197,1317,6174514,3901,6178415
"1608",32,6180047,1800,6181847,3418,6185265
"1609",32,6215914,2050,6217964,3168,6221132
"1610",32,6269715,1417,6271132,3801,6274933
"1611",32,6290249,1116,6291365,4102,6295467
"1612",32,6342716,2084,6344800,3134,6347934
"1613",32,6378333,817,6379150,4401,6383551
"1614",32,6392567,1633,6394200,3585,6397785
"1615",32,6407734,1066,6408800,4152,6412952
"1616",32,6414600,1784,6416384,3434,6419818
"1617",32,6429184,1100,6430284,4118,6434402
"1618",32,6436034,833,6436867,4385,6441252
"1619",33,18693649,2064,18695713,3153,18698866
"1620",33,18746097,3383,18749480,1835,18751315
"1621",33,18753280,3201,18756481,2017,18758498
"1622",33,18767714,1133,18768847,4085,18772932
"1623",33,18790581,2483,18793064,2735,18795799
"1624",33,18809264,1367,18810631,3851,18814482
"1625",33,18864449,2850,18867299,2368,18869667
"1626",33,18887732,7067,18894799,1017,18895816
"1627",33,18897682,2434,18900116,2784,18902900
"1628",33,18907999,2750,18910749,2468,18913217
"1629",33,18956567,1483,18958050,3735,18961785
"1630",33,18972883,1184,18974067,4035,18978102
"1631",33,19059301,1601,19060902,3617,19064519
"1632",33,19066168,2367,19068535,2851,19071386
"1633",33,19074002,3567,19077569,1651,19079220
"1634",33,19096985,2334,19099319,2884,19102203
"1635",33,19127769,3117,19130886,2101,19132987
"1636",33,19135503,3067,19138570,2150,19140720
"1637",33,19197870,1234,19199104,3984,19203088
"1638",33,19205220,1884,19207104,3334,19210438
"1639",33,19212570,1700,19214270,3518,19217788
"1640",33,19272338,1967,19274305,3251,19277556
"1641",33,19279205,4317,19283522,1016,19284538
"1642",33,19317889,2416,19320305,2801,19323106
"1643",33,19370123,1283,19371406,3935,19375341
"1644",33,19392823,1767,19394590,3451,19398041
"1645",33,19423290,1850,19425140,3368,19428508
"1646",33,19431140,1584,19432724,3634,19436358
"1647",33,19478658,1733,19480391,3485,19483876
"1648",33,19509808,1667,19511475,3551,19515026
"1649",33,19517508,967,19518475,4251,19522726
"1650",33,19524991,2051,19527042,3167,19530209
"1651",33,19555659,2033,19557692,3185,19560877
"1652",33,19596009,1050,19597059,4168,19601227
"1653",33,19619176,1200,19620376,4018,19624394
"1654",33,19634743,3384,19638127,1834,19639961
"1655",33,19649010,1600,19650610,3618,19654228
"1656",33,19755845,1334,19757179,3884,19761063
"1657",33,19796479,4400,19800879,1017,19801896
"1658",33,19818513,3283,19821796,1935,19823731
"1659",33,19833196,1717,19834913,3501,19838414
"1660",33,19856963,2334,19859297,2884,19862181
"1661",33,19937981,5084,19943065,1016,19944081
"1662",33,19961531,1451,19962982,3767,19966749
"1663",33,19980815,1650,19982465,3568,19986033
"1664",33,19996482,1934,19998416,3284,20001700
"1665",33,20036616,1650,20038266,3568,20041834
"1666",33,20113567,3567,20117134,1651,20118785
"1667",33,20128534,1067,20129601,4151,20133752
"1668",33,20143718,1916,20145634,3301,20148935
"1669",33,20212485,2184,20214669,3034,20217703
"1670",34,22187614,1784,22189398,3434,22192832
"1671",34,22201364,1784,22203148,3434,22206582
"1672",34,22223798,1900,22225698,3318,22229016
"1673",34,22264949,1966,22266915,3252,22270167
"1674",34,22278632,1034,22279666,4184,22283850
"1675",34,22340283,1334,22341617,3884,22345501
"1676",34,22354033,2084,22356117,3134,22359251
"1677",34,22360900,1567,22362467,3651,22366118
"1678",34,22367750,1417,22369167,3801,22372968
"1679",34,22381967,1800,22383767,3418,22387185
"1680",34,22423334,1000,22424334,4218,22428552
"1681",34,22443901,1550,22445451,3668,22449119
"1682",34,22498735,2217,22500952,3001,22503953
"1683",34,22526936,1467,22528403,3751,22532154
"1684",34,22541103,1133,22542236,4085,22546321
"1685",34,22584520,1234,22585754,3984,22589738
"1686",34,22612504,1417,22613921,3801,22617722
"1687",34,22620837,1200,22622037,4018,22626055
"1688",34,22662121,984,22663105,4234,22667339
"1689",34,22691322,1117,22692439,4101,22696540
"1690",34,22706189,983,22707172,4234,22711406
"1691",34,22734789,2083,22736872,3135,22740007
"1692",34,22771106,1300,22772406,3918,22776324
"1693",34,22792506,884,22793390,4334,22797724
"1694",34,22841807,1367,22843174,3851,22847025
"1695",34,22899891,1284,22901175,3934,22905109
"1696",34,22921675,1317,22922992,3901,22926893
"1697",34,22988176,1600,22989776,3618,22993394
"1698",34,23023460,667,23024127,4551,23028678
"1699",34,23065844,767,23066611,4451,23071062
"1700",34,23081077,734,23081811,4484,23086295
"1701",34,23087927,1334,23089261,3884,23093145
"1702",34,23102644,767,23103411,4451,23107862
"1703",34,23162495,717,23163212,4501,23167713
"1704",34,23183562,1700,23185262,3518,23188780
"1705",34,23197796,817,23198613,4401,23203014
"1706",34,23205829,767,23206596,4451,23211047
"1707",34,23235996,967,23236963,4251,23241214
"1708",34,23309231,750,23309981,4468,23314449
"1709",34,23331614,1484,23333098,3734,23336832
"1710",34,23338548,633,23339181,4585,23343766
"1711",34,23389082,633,23389715,4585,23394300
"1712",34,23403316,666,23403982,4552,23408534
"1713",34,23446166,1017,23447183,4201,23451384
"1714",34,23497900,1401,23499301,3817,23503118
"1715",34,23518601,716,23519317,4502,23523819
"1716",34,23580252,850,23581102,4368,23585470
"1717",35,25761068,2300,25763368,2917,25766285
"1718",35,25798301,2401,25800702,2817,25803519
"1719",35,25820619,1300,25821919,3917,25825836
"1720",35,25835019,1383,25836402,3835,25840237
"1721",35,25856252,967,25857219,4251,25861470
"1722",35,25871069,7417,25878486,1017,25879503
"1723",35,25946687,2150,25948837,3068,25951905
"1724",35,25998338,3317,26001655,1901,26003556
"1725",35,26019188,4600,26023788,1017,26024805
"1726",35,26054355,6451,26060806,1016,26061822
"1727",35,26064456,2133,26066589,3084,26069673
"1728",35,26079989,1750,26081739,3468,26085207
"1729",35,26122890,2167,26125057,3051,26128108
"1730",35,26130406,2434,26132840,2784,26135624
"1731",35,26241592,3083,26244675,2134,26246809
"1732",35,26248425,4484,26252909,1016,26253925
"1733",35,26276575,1834,26278409,3384,26281793
"1734",35,26290259,4517,26294776,1016,26295792
"1735",35,26348026,1167,26349193,4051,26353244
"1736",35,26362260,5967,26368227,1017,26369244
"1737",35,26385310,3117,26388427,2101,26390528
"1738",35,26400861,3450,26404311,1767,26406078
"1739",35,26482928,1867,26484795,3351,26488146
"1740",35,26533529,2767,26536296,2451,26538747
"1741",35,26540713,1917,26542630,3301,26545931
"1742",35,26548896,3867,26552763,1351,26554114
"1743",35,26556430,1950,26558380,3268,26561648
"1744",35,26563530,3617,26567147,1601,26568748
"1745",35,26572730,1833,26574563,3385,26577948
"1746",35,26587480,1284,26588764,3934,26592698
"1747",35,26671698,1934,26673632,3284,26676916
"1748",35,26679548,2851,26682399,2367,26684766
"1749",35,26701048,1834,26702882,3384,26706266
"1750",35,26722616,1616,26724232,3601,26727833
"1751",35,26731049,2017,26733066,3201,26736267
"1752",35,26737899,2600,26740499,2618,26743117
"1753",35,26744749,3917,26748666,1301,26749967
"1754",35,26758466,1600,26760066,3618,26763684
"1755",35,26821167,1317,26822484,3901,26826385
"1756",35,26881085,1633,26882718,3585,26886303
"1757",35,26926902,2233,26929135,2985,26932120
"1758",35,26961202,2484,26963686,2734,26966420
"1759",35,27018137,3933,27022070,1284,27023354
"1760",35,27039120,1617,27040737,3601,27044338
"1761",35,27073387,1484,27074871,3734,27078605
"1762",35,27087138,1300,27088438,3918,27092356
"1763",35,27101588,1333,27102921,3885,27106806
"1764",36,7504384,2484,7506868,2734,7509602
"1765",36,7520084,1584,7521668,3634,7525302
"1766",36,7540685,1583,7542268,3635,7545903
"1767",36,7548918,1184,7550102,4034,7554136
"1768",36,7555785,1600,7557385,3618,7561003
"1769",36,7632936,1350,7634286,3868,7638154
"1770",36,7646653,1367,7648020,3851,7651871
"1771",36,7682487,950,7683437,4268,7687705
"1772",36,7689420,1417,7690837,3801,7694638
"1773",36,7696270,1401,7697671,3817,7701488
"1774",36,7709971,2000,7711971,3218,7715189
"1775",36,7723687,1367,7725054,3851,7728905
"1776",36,7778938,1934,7780872,3284,7784156
"1777",36,7799772,1817,7801589,3401,7804990
"1778",36,7827439,2667,7830106,2551,7832657
"1779",36,7842023,1516,7843539,3702,7847241
"1780",36,7855756,1550,7857306,3668,7860974
"1781",36,7869756,984,7870740,4234,7874974
"1782",36,7876623,1400,7878023,3818,7881841
"1783",36,7912957,1550,7914507,3668,7918175
"1784",36,7927124,1750,7928874,3468,7932342
"1785",36,7941224,1867,7943091,3351,7946442
"1786",36,7962308,2550,7964858,2668,7967526
"1787",36,7976025,1466,7977491,3752,7981243
"1788",36,7989758,1067,7990825,4151,7994976
"1789",36,7996608,2101,7998709,3117,8001826
"1790",36,8003792,1167,8004959,4051,8009010
"1791",36,8025125,1417,8026542,3801,8030343
"1792",36,8075493,1333,8076826,3885,8080711
"1793",36,8082360,1433,8083793,3784,8087577
"1794",36,8090160,1367,8091527,3851,8095378
"1795",36,8119027,1100,8120127,4118,8124245
"1796",36,8267996,2200,8270196,3018,8273214
"1797",36,8281946,1167,8283113,4051,8287164
"1798",36,8288996,983,8289979,4235,8294214
"1799",36,8330347,1733,8332080,3484,8335564
"1800",36,8351347,2250,8353597,2968,8356565
"1801",36,8358364,1967,8360331,3251,8363582
"1802",36,8372547,1967,8374514,3251,8377765
"1803",36,8386714,1334,8388048,3884,8391932
"1804",36,8400531,1150,8401681,4068,8405749
"1805",36,8407364,1317,8408681,3901,8412582
"1806",36,8414965,1833,8416798,3384,8420182
"1807",36,8428698,1300,8429998,3918,8433916
"1808",36,8435565,1500,8437065,3718,8440783
"1809",36,8463449,867,8464316,4351,8468667
"1810",36,8484016,1233,8485249,3985,8489234
"1811",36,8511983,2817,8514800,2401,8517201
"1812",36,8518816,1617,8520433,3601,8524034
"1813",36,8539400,1633,8541033,3585,8544618
"1814",36,8621851,1267,8623118,3951,8627069
"1815",36,8684319,1616,8685935,3602,8689537
"1816",36,8718603,1500,8720103,3717,8723820
"1817",36,8725636,1083,8726719,4135,8730854
"1818",36,8802920,2017,8804937,3201,8808138
"1819",36,8823721,1383,8825104,3835,8828939
"1820",37,11760115,2700,11762815,2518,11765333
"1821",37,11766965,1200,11768165,4018,11772183
"1822",37,11780682,4800,11785482,1017,11786499
"1823",37,11788132,2984,11791116,2234,11793350
"1824",37,11851083,3884,11854967,1334,11856301
"1825",37,11900901,2150,11903051,3068,11906119
"1826",37,11929751,5500,11935251,1017,11936268
"1827",37,11965118,3367,11968485,1851,11970336
"1828",37,11992885,6201,11999086,1016,12000102
"1829",37,12026169,4184,12030353,1034,12031387
"1830",37,12076837,6267,12083104,1016,12084120
"1831",37,12086437,5333,12091770,1017,12092787
"1832",37,12118821,1916,12120737,3302,12124039
"1833",37,12125687,3767,12129454,1451,12130905
"1834",37,12132554,1234,12133788,3984,12137772
"1835",37,12153255,3150,12156405,2067,12158472
"1836",37,12160088,1667,12161755,3551,12165306
"1837",37,12167538,2167,12169705,3051,12172756
"1838",37,12188088,2717,12190805,2501,12193306
"1839",37,12201839,2433,12204272,2784,12207056
"1840",37,12277840,2733,12280573,2485,12283058
"1841",37,12291557,1333,12292890,3885,12296775
"1842",37,12334941,4733,12339674,1017,12340691
"1843",37,12342307,2651,12344958,2567,12347525
"1844",37,12364624,3884,12368508,1334,12369842
"1845",37,12378841,5517,12384358,1017,12385375
"1846",37,12393942,2016,12395958,3202,12399160
"1847",37,12463659,1417,12465076,3801,12468877
"1848",37,12498076,2201,12500277,3017,12503294
"1849",37,12541427,1767,12543194,3451,12546645
"1850",37,12589444,1967,12591411,3251,12594662
"1851",37,12610611,2551,12613162,2667,12615829
"1852",37,12672412,1767,12674179,3451,12677630
"1853",37,12699829,1851,12701680,3367,12705047
"1854",37,12727497,2483,12729980,2735,12732715
"1855",37,12748880,1501,12750381,3717,12754098
"1856",37,12777197,1451,12778648,3767,12782415
"1857",37,12784047,4567,12788614,1017,12789631
"1858",37,12804998,2183,12807181,3035,12810216
"1859",37,12811848,1667,12813515,3551,12817066
"1860",37,12825581,1434,12827015,3784,12830799
"1861",37,12832448,967,12833415,4251,12837666
"1862",37,12846148,2067,12848215,3151,12851366
"1863",37,12867982,3700,12871682,1518,12873200
"1864",37,12874849,1467,12876316,3751,12880067
"1865",37,12917850,1666,12919516,3551,12923067
"1866",37,12931566,1084,12932650,4134,12936784
"1867",37,12986434,2034,12988468,3184,12991652
"1868",37,12993617,1284,12994901,3934,12998835
"1869",37,13055368,3117,13058485,2101,13060586
"1870",37,13069102,2183,13071285,3035,13074320
"1871",37,13097736,1433,13099169,3785,13102954
"1872",37,13104586,1733,13106319,3485,13109804
"1873",37,13111436,4500,13115936,1017,13116953
"1874",37,13149153,2284,13151437,2934,13154371
"1875",37,13183470,1084,13184554,4134,13188688
"1876",38,14905264,1533,14906797,3685,14910482
"1877",38,14912114,1467,14913581,3751,14917332
"1878",38,14980615,767,14981382,4451,14985833
"1879",38,15008698,1567,15010265,3651,15013916
"1880",38,15036532,1034,15037566,4184,15041750
"1881",38,15043382,2134,15045516,3084,15048600
"1882",38,15161134,1700,15162834,3518,15166352
"1883",38,15181268,1833,15183101,3385,15186486
"1884",38,15194985,1367,15196352,3851,15200203
"1885",38,15208668,2167,15210835,3051,15213886
"1886",38,15222385,1117,15223502,4101,15227603
"1887",38,15252036,733,15252769,4484,15257253
"1888",38,15272669,817,15273486,4401,15277887
"1889",38,15286353,1217,15287570,4001,15291571
"1890",38,15306887,1583,15308470,3634,15312104
"1891",38,15313737,2400,15316137,2817,15318954
"1892",38,15323003,1051,15324054,4167,15328221
"1893",38,15448505,1134,15449639,4084,15453723
"1894",38,15489639,967,15490606,4251,15494857
"1895",38,15503356,1634,15504990,3584,15508574
"1896",38,15510173,2167,15512340,3051,15515391
"1897",38,15523856,1151,15525007,4067,15529074
"1898",38,15530707,2100,15532807,3118,15535925
"1899",38,15585541,1417,15586958,3801,15590759
"1900",38,15606058,1500,15607558,3718,15611276
"1901",38,15709743,917,15710660,4301,15714961
"1902",38,15730776,834,15731610,4384,15735994
"1903",38,15792761,750,15793511,4468,15797979
"1904",38,15827711,1167,15828878,4051,15832929
"1905",38,15834578,1117,15835695,4101,15839796
"1906",38,15862278,1384,15863662,3834,15867496
"1907",38,15869145,734,15869879,4484,15874363
"1908",38,15903429,1550,15904979,3668,15908647
"1909",38,15951430,1700,15953130,3518,15956648
"1910",38,15958280,1317,15959597,3901,15963498
"1911",38,16027164,701,16027865,4517,16032382
"1912",38,16047898,700,16048598,4518,16053116
"1913",38,16061631,734,16062365,4484,16066849
"1914",38,16096849,700,16097549,4518,16102067
"1915",38,16161000,1183,16162183,4035,16166218
"1916",38,16237468,1100,16238568,4118,16242686
"1917",38,16244318,816,16245134,4402,16249536
"1918",38,16265718,1700,16267418,3518,16270936
"1919",38,16272585,850,16273435,4368,16277803
"1920",38,16279452,716,16280168,4502,16284670
"1921",39,6091507,2415,6093922,2803,6096725
"1922",39,6112888,1667,6114555,3551,6118106
"1923",39,6155756,3433,6159189,1785,6160974
"1924",39,6169773,2133,6171906,3085,6174991
"1925",39,6213507,2116,6215623,3102,6218725
"1926",39,6220373,3751,6224124,1467,6225591
"1927",39,6227240,2334,6229574,2884,6232458
"1928",39,6240940,2101,6243041,3117,6246158
"1929",39,6270974,2317,6273291,2901,6276192
"1930",39,6287258,2500,6289758,2718,6292476
"1931",39,6302291,1934,6304225,3284,6307509
"1932",39,6375226,1883,6377109,3335,6380444
"1933",39,6396393,4183,6400576,1035,6401611
"1934",39,6419126,2851,6421977,2367,6424344
"1935",39,6432860,3317,6436177,1901,6438078
"1936",39,6513178,6317,6519495,1017,6520512
"1937",39,6565179,2233,6567412,2985,6570397
"1938",39,6608896,1917,6610813,3301,6614114
"1939",39,6615763,2317,6618080,2901,6620981
"1940",39,6643830,2050,6645880,3168,6649048
"1941",39,6657530,1300,6658830,3918,6662748
"1942",39,6772882,1717,6774599,3501,6778100
"1943",39,6779749,2383,6782132,2835,6784967
"1944",39,6794232,2817,6797049,2401,6799450
"1945",39,6822666,1867,6824533,3351,6827884
"1946",39,6850850,1550,6852400,3668,6856068
"1947",39,6872200,3884,6876084,1334,6877418
"1948",39,6892767,2617,6895384,2601,6897985
"1949",39,6899634,1800,6901434,3418,6904852
"1950",39,6913368,3383,6916751,1835,6918586
"1951",39,6928201,3834,6932035,1384,6933419
"1952",39,6935368,1450,6936818,3768,6940586
"1953",39,6942235,3383,6945618,1835,6947453
"1954",39,6956802,1200,6958002,4018,6962020
"1955",39,6987235,1484,6988719,3734,6992453
"1956",39,7080087,1583,7081670,3635,7085305
"1957",39,7122738,1616,7124354,3602,7127956
"1958",39,7143988,2117,7146105,3101,7149206
"1959",39,7151621,1317,7152938,3901,7156839
"1960",39,7159005,1433,7160438,3785,7164223
"1961",39,7231189,1234,7232423,3984,7236407
"1962",39,7267123,1700,7268823,3518,7272341
"1963",39,7280840,1167,7282007,4051,7286058
"1964",39,7301407,1717,7303124,3501,7306625
"1965",39,7308290,2567,7310857,2651,7313508
"1966",39,7329991,3900,7333891,1318,7335209
"1967",39,7336841,2717,7339558,2501,7342059
"1968",39,7389625,1117,7390742,4101,7394843
"1969",39,7411292,1250,7412542,3968,7416510
"1970",39,7446393,1000,7447393,4218,7451611
"1971",39,7510777,2084,7512861,3134,7515995
"1972",39,7524744,1583,7526327,3635,7529962
"1973",40,10155919,1383,10157302,3835,10161137
"1974",40,10163119,1117,10164236,4101,10168337
"1975",40,10184169,1401,10185570,3817,10189387
"1976",40,10239004,2267,10241271,2951,10244222
"1977",40,10245837,1167,10247004,4051,10251055
"1978",40,10273238,1066,10274304,4152,10278456
"1979",40,10417890,1217,10419107,4001,10423108
"1980",40,10438740,1467,10440207,3751,10443958
"1981",40,10452740,3167,10455907,2051,10457958
"1982",40,10467391,1700,10469091,3518,10472609
"1983",40,10475174,1284,10476458,3934,10480392
"1984",40,10484641,1367,10486008,3851,10489859
"1985",40,10548625,2067,10550692,3151,10553843
"1986",40,10612460,2700,10615160,2517,10617677
"1987",40,10626643,1150,10627793,4068,10631861
"1988",40,10634593,1267,10635860,3951,10639811
"1989",40,10670061,1817,10671878,3400,10675278
"1990",40,10712278,1167,10713445,4051,10717496
"1991",40,10719261,1534,10720795,3684,10724479
"1992",40,10726111,1517,10727628,3701,10731329
"1993",40,10734128,1517,10735645,3701,10739346
"1994",40,10768645,1701,10770346,3517,10773863
"1995",40,10810296,1300,10811596,3918,10815514
"1996",40,10831263,1800,10833063,3418,10836481
"1997",40,10845330,1550,10846880,3668,10850548
"1998",40,10852180,1750,10853930,3468,10857398
"1999",40,10887081,1617,10888698,3601,10892299
"2000",40,10895064,2250,10897314,2968,10900282
"2001",40,10936431,1634,10938065,3584,10941649
"2002",40,10965782,3500,10969282,1718,10971000
"2003",40,11030516,2084,11032600,3134,11035734
"2004",40,11038416,867,11039283,4351,11043634
"2005",40,11053317,2583,11055900,2634,11058534
"2006",40,11074200,1051,11075251,4167,11079418
"2007",40,11115284,1317,11116601,3901,11120502
"2008",40,11215519,1067,11216586,4151,11220737
"2009",40,11250270,1017,11251287,4201,11255488
"2010",40,11289120,801,11289921,4417,11294338
"2011",40,11312171,1467,11313638,3751,11317389
"2012",40,11346521,1417,11347938,3801,11351739
"2013",40,11361005,3200,11364205,2018,11366223
"2014",40,11367888,801,11368689,4417,11373106
"2015",40,11374739,1133,11375872,4085,11379957
"2016",40,11465523,1234,11466757,3984,11470741
"2017",40,11472357,1450,11473807,3768,11477575
"2018",40,11486057,1250,11487307,3968,11491275
"2019",40,11493424,1417,11494841,3801,11498642
"2020",40,11508657,884,11509541,4334,11513875
"2021",40,11537074,984,11538058,4234,11542292
"2022",40,11571558,1334,11572892,3884,11576776
"2023",41,13496806,1417,13498223,3801,13502024
"2024",41,13503673,1350,13505023,3868,13508891
"2025",41,13517373,7883,13525256,1017,13526273
"2026",41,13535223,2384,13537607,2834,13540441
"2027",41,13549107,3033,13552140,2185,13554325
"2028",41,13577474,1700,13579174,3518,13582692
"2029",41,13612324,2851,13615175,2367,13617542
"2030",41,13619258,1100,13620358,4118,13624476
"2031",41,13654875,2450,13657325,2768,13660093
"2032",41,13662459,1516,13663975,3702,13667677
"2033",41,13704076,1450,13705526,3768,13709294
"2034",41,13718393,1350,13719743,3868,13723611
"2035",41,13792227,1350,13793577,3868,13797445
"2036",41,13832695,2850,13835545,2368,13837913
"2037",41,13853528,3684,13857212,1534,13858746
"2038",41,13875429,1467,13876896,3751,13880647
"2039",41,13882612,967,13883579,4251,13887830
"2040",41,13889479,1717,13891196,3501,13894697
"2041",41,13896329,1150,13897479,4068,13901547
"2042",41,13953647,1200,13954847,4018,13958865
"2043",41,13960480,6384,13966864,1016,13967880
"2044",41,13990914,2567,13993481,2651,13996132
"2045",41,14041015,2017,14043032,3201,14046233
"2046",41,14112766,3517,14116283,1701,14117984
"2047",41,14163983,4401,14168384,1016,14169400
"2048",41,14171817,1300,14173117,3918,14177035
"2049",41,14178684,2467,14181151,2750,14183901
"2050",41,14232084,2101,14234185,3117,14237302
"2051",41,14267835,4750,14272585,1017,14273602
"2052",41,14293085,2117,14295202,3101,14298303
"2053",41,14301986,1600,14303586,3618,14307204
"2054",41,14337820,1316,14339136,3902,14343038
"2055",41,14360503,1750,14362253,3468,14365721
"2056",41,14394787,1834,14396621,3384,14400005
"2057",41,14435921,1117,14437038,4101,14441139
"2058",41,14456955,1900,14458855,3318,14462173
"2059",41,14520372,1417,14521789,3801,14525590
"2060",41,14562023,1800,14563823,3418,14567241
"2061",41,14569323,1400,14570723,3818,14574541
"2062",41,14576673,1267,14577940,3951,14581891
"2063",41,14611891,1566,14613457,3652,14617109
"2064",41,14618891,1067,14619958,4151,14624109
"2065",41,14704192,750,14704942,4468,14709410
"2066",41,14766293,2300,14768593,2918,14771511
"2067",41,14773310,1550,14774860,3668,14778528
"2068",41,14780543,867,14781410,4351,14785761
"2069",41,14823811,1250,14825061,3968,14829029
"2070",41,14838144,1334,14839478,3884,14843362
"2071",41,14866845,1733,14868578,3485,14872063
"2072",41,14892495,1050,14893545,4168,14897713
"2073",41,14908212,1267,14909479,3951,14913430
"2074",41,14935946,2117,14938063,3101,14941164
"2075",42,2351305,1216,2352521,4002,2356523
"2076",42,2406639,2267,2408906,2951,2411857
"2077",42,2436006,1350,2437356,3868,2441224
"2078",42,2450773,1950,2452723,3268,2455991
"2079",42,2486373,2217,2488590,3001,2491591
"2080",42,2514957,1050,2516007,4168,2520175
"2081",42,2529191,1667,2530858,3550,2534408
"2082",42,2588592,1166,2589758,4052,2593810
"2083",42,2602942,1350,2604292,3868,2608160
"2084",42,2686210,1333,2687543,3885,2691428
"2085",42,2693076,1867,2694943,3351,2698294
"2086",42,2716644,1350,2717994,3867,2721861
"2087",42,2737444,1700,2739144,3518,2742662
"2088",42,2785111,3284,2788395,1934,2790329
"2089",42,2792095,933,2793028,4285,2797313
"2090",42,2800345,1467,2801812,3751,2805563
"2091",42,2807195,1300,2808495,3918,2812413
"2092",42,2884629,1251,2885880,3967,2889847
"2093",42,2999381,1034,3000415,4184,3004599
"2094",42,3162967,1184,3164151,4034,3168185
"2095",42,3192601,1134,3193735,4084,3197819
"2096",42,3296303,2683,3298986,2535,3301521
"2097",42,3303169,2734,3305903,2484,3308387
"2098",42,3361370,7034,3368404,1017,3369421
"2099",42,3439572,2400,3441972,2817,3444789
"2100",42,3446688,1684,3448372,3534,3451906
"2101",42,3453555,1417,3454972,3801,3458773
"2102",42,3472155,2167,3474322,3051,3477373
"2103",42,3486206,2817,3489023,2401,3491424
"2104",42,3500756,3233,3503989,1985,3505974
"2105",42,3548207,1600,3549807,3618,3553425
"2106",42,3583757,3134,3586891,2084,3588975
"2107",42,3604341,2150,3606491,3068,3609559
"2108",42,3618058,2117,3620175,3101,3623276
"2109",42,3648358,2050,3650408,3168,3653576
"2110",42,3669109,1833,3670942,3385,3674327
"2111",42,3721626,4534,3726160,1016,3727176
"2112",42,3774994,2183,3777177,3034,3780211
"2113",42,3788694,1250,3789944,3968,3793912
"2114",42,3795544,1167,3796711,4051,3800762
"2115",42,3804477,834,3805311,4384,3809695
"2116",42,3848745,1150,3849895,4068,3853963
"2117",42,3855628,1000,3856628,4218,3860846
"2118",43,5427753,2117,5429870,3102,5432972
"2119",43,5441504,867,5442371,4351,5446722
"2120",43,5455254,1600,5456854,3618,5460472
"2121",43,5496438,1317,5497755,3901,5501656
"2122",43,5511521,2017,5513538,3202,5516740
"2123",43,5546039,1433,5547472,3785,5551257
"2124",43,5559756,2183,5561939,3035,5564974
"2125",43,5588739,1284,5590023,3934,5593957
"2126",43,5595606,1300,5596906,3918,5600824
"2127",43,5658907,2650,5661557,2568,5664125
"2128",43,5700241,1700,5701941,3518,5705459
"2129",43,5721375,1050,5722425,4168,5726593
"2130",43,5741992,1767,5743759,3451,5747210
"2131",43,5765142,1567,5766709,3651,5770360
"2132",43,5772009,1550,5773559,3668,5777227
"2133",43,5799476,1300,5800776,3918,5804694
"2134",43,5813193,1050,5814243,4168,5818411
"2135",43,5861244,1400,5862644,3818,5866462
"2136",43,5868111,750,5868861,4468,5873329
"2137",43,5902328,850,5903178,4368,5907546
"2138",43,5915995,867,5916862,4351,5921213
"2139",43,5943478,2101,5945579,3118,5948697
"2140",43,5957212,3767,5960979,1451,5962430
"2141",43,5991546,1317,5992863,3901,5996764
"2142",43,5998379,1317,5999696,3901,6003597
"2143",43,6013096,1417,6014513,3801,6018314
"2144",43,6019963,1300,6021263,3918,6025181
"2145",43,6040597,1133,6041730,4085,6045815
"2146",43,6054797,1250,6056047,3968,6060015
"2147",43,6061680,984,6062664,4234,6066898
"2148",43,6124065,983,6125048,4235,6129283
"2149",43,6145148,1284,6146432,3934,6150366
"2150",43,6181166,1433,6182599,3785,6186384
"2151",43,6215500,1000,6216500,4218,6220718
"2152",43,6264400,1384,6265784,3834,6269618
"2153",43,6285851,783,6286634,4435,6291069
"2154",43,6348918,1401,6350319,3817,6354136
"2155",43,6369485,951,6370436,4267,6374703
"2156",43,6376336,983,6377319,4235,6381554
"2157",43,6452120,1850,6453970,3368,6457338
"2158",43,6465820,1001,6466821,4217,6471038
"2159",43,6486421,1516,6487937,3702,6491639
"2160",43,6507004,2734,6509738,2484,6512222
"2161",43,6548105,2767,6550872,2451,6553323
"2162",43,6561839,1366,6563205,3852,6567057
"2163",43,6616656,1567,6618223,3651,6621874
"2164",43,6631240,1067,6632307,4151,6636458
"2165",43,6638106,1067,6639173,4152,6643325
"2166",43,6665457,1500,6666957,3718,6670675
"2167",43,6672324,1583,6673907,3635,6677542
"2168",43,6692874,834,6693708,4384,6698092
"2169",43,6729975,1333,6731308,3885,6735193
"2170",43,6771109,1117,6772226,4101,6776327
"2171",43,6798576,1383,6799959,3835,6803794
"2172",44,9758457,1734,9760191,3484,9763675
"2173",44,9801191,1450,9802641,3768,9806409
"2174",44,9808041,2034,9810075,3184,9813259
"2175",44,9841325,1300,9842625,3918,9846543
"2176",44,9868692,2001,9870693,3217,9873910
"2177",44,9875559,2800,9878359,2418,9880777
"2178",44,9918610,1233,9919843,3985,9923828
"2179",44,9925460,1767,9927227,3451,9930678
"2180",44,9950977,1784,9952761,3434,9956195
"2181",44,9987661,1150,9988811,4068,9992879
"2182",44,10001628,1367,10002995,3851,10006846
"2183",44,10015345,2100,10017445,3118,10020563
"2184",44,10055062,1450,10056512,3768,10060280
"2185",44,10089363,1233,10090596,3985,10094581
"2186",44,10096213,1667,10097880,3551,10101431
"2187",44,10103063,1400,10104463,3818,10108281
"2188",44,10125430,917,10126347,4301,10130648
"2189",44,10132297,1917,10134214,3301,10137515
"2190",44,10139647,4367,10144014,1016,10145030
"2191",44,10153864,2517,10156381,2701,10159082
"2192",44,10233615,1167,10234782,4051,10238833
"2193",44,10247332,2184,10249516,3034,10252550
"2194",44,10254182,3517,10257699,1701,10259400
"2195",44,10283049,1317,10284366,3901,10288267
"2196",44,10430802,1467,10432269,3751,10436020
"2197",44,10438452,2083,10440535,3135,10443670
"2198",44,10482836,1733,10484569,3485,10488054
"2199",44,10489703,2050,10491753,3168,10494921
"2200",44,10497669,3034,10500703,2184,10502887
"2201",44,10512703,1900,10514603,3318,10517921
"2202",44,10527203,1450,10528653,3768,10532421
"2203",44,10548287,1350,10549637,3868,10553505
"2204",44,10555154,2250,10557404,2968,10560372
"2205",44,10651972,1150,10653122,4068,10657190
"2206",44,10659989,1783,10661772,3435,10665207
"2207",44,10689456,1750,10691206,3468,10694674
"2208",44,10792024,1200,10793224,4018,10797242
"2209",44,10805758,3300,10809058,1918,10810976
"2210",44,10852642,4117,10856759,1101,10857860
"2211",44,10860442,2184,10862626,3034,10865660
"2212",44,10895976,1567,10897543,3651,10901194
"2213",44,10924310,967,10925277,4251,10929528
"2214",44,10938710,1134,10939844,4084,10943928
"2215",44,10967327,1217,10968544,4001,10972545
"2216",44,10995378,1117,10996495,4101,11000596
"2217",44,11019711,2001,11021712,3217,11024929
"2218",44,11027028,2317,11029345,2901,11032246
"2219",44,11112513,1217,11113730,4001,11117731
"2220",44,11119380,1750,11121130,3468,11124598
"2221",44,11126246,1284,11127530,3934,11131464
"2222",44,11140913,1467,11142380,3751,11146131
"2223",44,11148280,1600,11149880,3618,11153498
"2224",44,11164347,1834,11166181,3384,11169565
"2225",44,11171847,1884,11173731,3334,11177065
"2226",44,11200864,1317,11202181,3901,11206082
