"","","stimuli_1","durations_1","choices_1","choice_durations_1","record_1"
"1",1,1486343,2814,1489157,2404,1491561
"2",1,1508291,2833,1511124,2385,1513509
"3",1,1538208,4067,1542275,1151,1543426
"4",1,1545608,3867,1549475,1351,1550826
"5",1,1584342,2234,1586576,2984,1589560
"6",1,1599076,1900,1600976,3318,1604294
"7",1,1635243,1700,1636943,3518,1640461
"8",1,1673827,1933,1675760,3285,1679045
"9",1,1681310,6817,1688127,1017,1689144
"10",1,1712977,2917,1715894,2301,1718195
"11",1,1735045,2933,1737978,2284,1740262
"12",1,1798029,1483,1799512,3735,1803247
"13",1,1826696,2333,1829029,2885,1831914
"14",1,1852080,1666,1853746,3552,1857298
"15",1,1866113,3334,1869447,1884,1871331
"16",1,1880547,1967,1882514,3251,1885765
"17",1,1903347,2500,1905847,2718,1908565
"18",1,1911230,2417,1913647,2801,1916448
"19",1,1948064,3434,1951498,1784,1953282
"20",1,1957281,1667,1958948,3551,1962499
"21",1,2010782,1667,2012449,3551,2016000
"22",1,2020049,3267,2023316,1951,2025267
"23",1,2057116,2217,2059333,3001,2062334
"24",1,2087183,1734,2088917,3484,2092401
"25",1,2115367,1984,2117351,3234,2120585
"26",1,2147768,2300,2150068,2918,2152986
"27",1,2163201,1867,2165068,3351,2168419
"28",1,2186085,1750,2187835,3468,2191303
"29",1,2250502,3767,2254269,1452,2255721
"30",1,2257803,3133,2260936,2085,2263021
"31",1,2319504,1950,2321454,3268,2324722
"32",1,2328004,1767,2329771,3451,2333222
"33",1,2358404,1434,2359838,3784,2363622
"34",1,2416805,3417,2420222,1801,2422023
"35",1,2447839,4017,2451856,1201,2453057
"36",1,2454689,2117,2456806,3101,2459907
"37",1,2475573,1767,2477340,3451,2480791
"38",1,2498456,1134,2499590,4084,2503674
"39",1,2514157,3383,2517540,1835,2519375
"40",1,2550091,2500,2552591,2718,2555309
"41",1,2572791,1600,2574391,3618,2578009
"42",1,2596125,1533,2597658,3685,2601343
"43",1,2625975,3100,2629075,2118,2631193
"44",1,2677076,2334,2679410,2884,2682294
"45",1,2711477,3450,2714927,1767,2716694
"46",1,2756561,4250,2760811,1017,2761828
"47",1,2771928,3116,2775044,2101,2777145
"48",1,2797811,1967,2799778,3251,2803029
"49",1,2875062,1617,2876679,3601,2880280
"50",1,2907180,2616,2909796,2602,2912398
"51",1,3012515,4133,3016648,1085,3017733
"52",1,3020615,1783,3022398,3435,3025833
"53",1,3044665,2317,3046982,2901,3049883
"54",2,5575188,1967,5577155,3251,5580406
"55",2,5624439,1767,5626206,3451,5629657
"56",2,5659306,1350,5660656,3868,5664524
"57",2,5666190,2200,5668390,3018,5671408
"58",2,5687107,1867,5688974,3351,5692325
"59",2,5693957,1000,5694957,4218,5699175
"60",2,5714824,2883,5717707,2335,5720042
"61",2,5742558,2916,5745474,2301,5747775
"62",2,5817892,3584,5821476,1634,5823110
"63",2,5838459,2634,5841093,2584,5843677
"64",2,5852176,2034,5854210,3184,5857394
"65",2,5859043,3700,5862743,1518,5864261
"66",2,5866026,2501,5868527,2717,5871244
"67",2,5886627,2116,5888743,3102,5891845
"68",2,5894493,2984,5897477,2234,5899711
"69",2,5915094,1583,5916677,3635,5920312
"70",2,5922161,2983,5925144,2235,5927379
"71",2,5951011,3200,5954211,2018,5956229
"72",2,5986078,2250,5988328,2968,5991296
"73",2,6006595,2651,6009246,2567,6011813
"74",2,6041029,1867,6042896,3351,6046247
"75",2,6167181,1100,6168281,4118,6172399
"76",2,6202015,1300,6203315,3918,6207233
"77",2,6208882,1967,6210849,3251,6214100
"78",2,6236666,1650,6238316,3568,6241884
"79",2,6277800,2350,6280150,2868,6283018
"80",2,6284633,1317,6285950,3901,6289851
"81",2,6298333,1401,6299734,3817,6303551
"82",2,6347968,2816,6350784,2401,6353185
"83",2,6372518,2950,6375468,2268,6377736
"84",2,6386251,1751,6388002,3467,6391469
"85",2,6406802,1517,6408319,3701,6412020
"86",2,6413652,1283,6414935,3935,6418870
"87",2,6434236,1250,6435486,3968,6439454
"88",2,6441252,1717,6442969,3501,6446470
"89",2,6462119,1784,6463903,3434,6467337
"90",2,6497320,1150,6498470,4068,6502538
"91",2,6504320,984,6505304,4234,6509538
"92",2,6532787,2634,6535421,2584,6538005
"93",2,6553404,1750,6555154,3468,6558622
"94",2,6567121,2284,6569405,2934,6572339
"95",2,6623805,1267,6625072,3951,6629023
"96",2,6659989,2234,6662223,2984,6665207
"97",2,6666873,1650,6668523,3568,6672091
"98",2,6689157,1850,6691007,3367,6694374
"99",2,6753608,1016,6754624,4201,6758825
"100",2,6767491,1150,6768641,4068,6772709
"101",2,6788408,1300,6789708,3918,6793626
"102",2,6829959,1017,6830976,4201,6835177
"103",2,6843826,1067,6844893,4151,6849044
"104",2,6855009,1700,6856709,3518,6860227
"105",2,6877460,1266,6878726,3952,6882678
"106",2,6898243,2767,6901010,2451,6903461
"107",2,6971661,2050,6973711,3168,6976879
"108",3,9171564,1183,9172747,4035,9176782
"109",3,9233282,1450,9234732,3768,9238500
"110",3,9240132,1300,9241432,3918,9245350
"111",3,9295866,800,9296666,4418,9301084
"112",3,9303466,1567,9305033,3651,9308684
"113",3,9317166,2917,9320083,2301,9322384
"114",3,9330867,1116,9331983,4101,9336084
"115",3,9338483,1301,9339784,3917,9343701
"116",3,9359067,1100,9360167,4118,9364285
"117",3,9365934,750,9366684,4468,9371152
"118",3,9387217,2667,9389884,2551,9392435
"119",3,9400951,1617,9402568,3601,9406169
"120",3,9458835,984,9459819,4234,9464053
"121",3,9499986,1484,9501470,3734,9505204
"122",3,9514420,1166,9515586,4052,9519638
"123",3,9556220,1550,9557770,3668,9561438
"124",3,9563071,1416,9564487,3801,9568288
"125",3,9576771,2067,9578838,3151,9581989
"126",3,9583637,1201,9584838,4017,9588855
"127",3,9597354,1284,9598638,3934,9602572
"128",3,9638605,1350,9639955,3868,9643823
"129",3,9659672,1484,9661156,3734,9664890
"130",3,9666555,1484,9668039,3734,9671773
"131",3,9714623,1117,9715740,4101,9719841
"132",3,9742740,2450,9745190,2768,9747958
"133",3,9751207,1867,9753074,3351,9756425
"134",3,9779357,901,9780258,4317,9784575
"135",3,9820491,901,9821392,4317,9825709
"136",3,9827358,817,9828175,4401,9832576
"137",3,9841058,1184,9842242,4034,9846276
"138",3,9912560,1183,9913743,4035,9917778
"139",3,9926476,767,9927243,4451,9931694
"140",3,9933327,817,9934144,4401,9938545
"141",3,9968661,1166,9969827,4052,9973879
"142",3,9975527,884,9976411,4334,9980745
"143",3,10019128,1067,10020195,4151,10024346
"144",3,10046562,667,10047229,4551,10051780
"145",3,10054129,800,10054929,4417,10059346
"146",3,10068762,850,10069612,4368,10073980
"147",3,10152264,1266,10153530,3951,10157481
"148",3,10159130,1717,10160847,3501,10164348
"149",3,10165980,2217,10168197,3001,10171198
"150",3,10215765,833,10216598,4385,10220983
"151",3,10257632,1184,10258816,4034,10262850
"152",3,10271999,1433,10273432,3785,10277217
"153",3,10278849,1684,10280533,3534,10284067
"154",3,10362184,1400,10363584,3818,10367402
"155",3,10375901,1333,10377234,3885,10381119
"156",3,10404268,1450,10405718,3768,10409486
"157",3,10417968,900,10418868,4318,10423186
"158",3,10424835,1900,10426735,3318,10430053
"159",3,10431702,2717,10434419,2501,10436920
"160",3,10466752,4651,10471403,1016,10472419
"161",3,10474502,984,10475486,4234,10479720
"162",3,10488253,866,10489119,4352,10493471
"163",4,13755240,1717,13756957,3501,13760458
"164",4,13790158,1500,13791658,3718,13795376
"165",4,13797008,1300,13798308,3918,13802226
"166",4,13803858,1333,13805191,3885,13809076
"167",4,13810708,3117,13813825,2101,13815926
"168",4,13817575,1950,13819525,3268,13822793
"169",4,13824442,1100,13825542,4118,13829660
"170",4,13838175,1934,13840109,3284,13843393
"171",4,13845042,2284,13847326,2934,13850260
"172",4,13879942,1667,13881609,3552,13885161
"173",4,13886809,1684,13888493,3534,13892027
"174",4,13921093,1167,13922260,4051,13926311
"175",4,13927927,1450,13929377,3768,13933145
"176",4,13957277,1950,13959227,3268,13962495
"177",4,14000028,1267,14001295,3951,14005246
"178",4,14028545,2100,14030645,3118,14033763
"179",4,14049812,1834,14051646,3384,14055030
"180",4,14063529,1417,14064946,3801,14068747
"181",4,14084079,1517,14085596,3701,14089297
"182",4,14111713,1417,14113130,3801,14116931
"183",4,14211498,1517,14213015,3701,14216716
"184",4,14237332,1533,14238865,3685,14242550
"185",4,14275833,1866,14277699,3352,14281051
"186",4,14332233,2817,14335050,2402,14337452
"187",4,14340550,1201,14341751,4017,14345768
"188",4,14388601,2467,14391068,2751,14393819
"189",4,14448452,1300,14449752,3918,14453670
"190",4,14540337,1684,14542021,3534,14545555
"191",4,14597571,5701,14603272,1016,14604288
"192",4,14632255,4851,14637106,1016,14638122
"193",4,14650089,2200,14652289,3018,14655307
"194",4,14691223,2117,14693340,3101,14696441
"195",4,14725857,1850,14727707,3368,14731075
"196",4,14734174,1983,14736157,3235,14739392
"197",4,14742040,1717,14743757,3501,14747258
"198",4,14806908,1850,14808758,3368,14812126
"199",4,14814042,4233,14818275,1017,14819292
"200",4,14835275,2784,14838059,2434,14840493
"201",4,14848992,2517,14851509,2701,14854210
"202",4,14872876,2200,14875076,3018,14878094
"203",4,14879976,1567,14881543,3651,14885194
"204",4,14887860,4933,14892793,1017,14893810
"205",4,14941094,4117,14945211,1101,14946312
"206",4,14992195,1700,14993895,3518,14997413
"207",4,15009362,3567,15012929,1651,15014580
"208",4,15024629,1716,15026345,3502,15029847
"209",4,15031795,1284,15033079,3934,15037013
"210",4,15061979,1817,15063796,3401,15067197
"211",4,15087546,1284,15088830,3934,15092764
"212",4,15097996,3167,15101163,2052,15103215
"213",4,15114047,1500,15115547,3718,15119265
"214",4,15129997,1717,15131714,3501,15135215
"215",4,15148081,17,15148098,5201,15153299
"216",4,15161998,16,15162014,5201,15167215
"217",4,15180998,1350,15182348,3868,15186216
"218",4,15211598,1301,15212899,3917,15216816
"219",4,15267849,1500,15269349,3718,15273067
"220",4,15307867,2850,15310717,2368,15313085
"221",4,15336867,1834,15338701,3384,15342085
"222",5,1194358,2831,1197189,2387,1199576
"223",5,1237339,1134,1238473,4084,1242557
"224",5,1318174,1467,1319641,3751,1323392
"225",5,1394342,1283,1395625,3935,1399560
"226",5,1458526,3167,1461693,2051,1463744
"227",5,1577011,1183,1578194,4035,1582229
"228",5,1665695,1351,1667046,3867,1670913
"229",5,1729030,1367,1730397,3851,1734248
"230",5,1764764,1916,1766680,3302,1769982
"231",5,1809398,1216,1810614,4002,1814616
"232",5,1852415,1634,1854049,3584,1857633
"233",5,1889349,1833,1891182,3385,1894567
"234",5,1932799,1267,1934066,3951,1938017
"235",5,1954183,1184,1955367,4034,1959401
"236",5,1961200,1167,1962367,4051,1966418
"237",5,1989150,884,1990034,4334,1994368
"238",5,2154319,1717,2156036,3501,2159537
"239",5,2185987,933,2186920,4284,2191204
"240",5,2209187,683,2209870,4535,2214405
"241",5,2216637,1117,2217754,4101,2221855
"242",5,2223970,951,2224921,4267,2229188
"243",5,2238221,750,2238971,4468,2243439
"244",5,2294455,667,2295122,4551,2299673
"245",5,2388156,917,2389073,4301,2393374
"246",5,2395006,1167,2396173,4051,2400224
"247",5,2423757,983,2424740,4235,2428975
"248",5,2445707,967,2446674,4251,2450925
"249",5,2459441,1750,2461191,3468,2464659
"250",5,2496574,867,2497441,4351,2501792
"251",5,2511258,917,2512175,4301,2516476
"252",5,2568459,817,2569276,4401,2573677
"253",6,4924512,2934,4927446,2284,4929730
"254",6,4931379,4583,4935962,1017,4936979
"255",6,4961312,4151,4965463,1067,4966530
"256",6,4991213,2467,4993680,2751,4996431
"257",6,4998080,2817,5000897,2401,5003298
"258",6,5004947,3233,5008180,1984,5010164
"259",6,5018913,3101,5022014,2117,5024131
"260",6,5026097,3650,5029747,1568,5031315
"261",6,5066031,1467,5067498,3751,5071249
"262",6,5072898,1717,5074615,3501,5078116
"263",6,5102165,1833,5103998,3385,5107383
"264",6,5119698,3701,5123399,1517,5124916
"265",6,5126548,2767,5129315,2451,5131766
"266",6,5147832,1517,5149349,3701,5153050
"267",6,5155532,3267,5158799,1951,5160750
"268",6,5192716,2600,5195316,2618,5197934
"269",6,5217650,1517,5219167,3701,5222868
"270",6,5246184,1417,5247601,3801,5251402
"271",6,5260051,4266,5264317,1017,5265334
"272",6,5348352,1200,5349552,4018,5353570
"273",6,5371852,934,5372786,4284,5377070
"274",6,5415520,3517,5419037,1701,5420738
"275",6,5458687,1817,5460504,3401,5463905
"276",6,5556739,1417,5558156,3801,5561957
"277",6,5580756,1983,5582739,3235,5585974
"278",6,5587622,4917,5592539,1017,5593556
"279",6,5638556,2967,5641523,2251,5643774
"280",6,5652423,1434,5653857,3784,5657641
"281",6,5659274,1433,5660707,3784,5664491
"282",6,5708624,2501,5711125,2717,5713842
"283",6,5715624,2101,5717725,3117,5720842
"284",6,5758892,1800,5760692,3418,5764110
"285",6,5780725,2801,5783526,2417,5785943
"286",6,5831560,2000,5833560,3217,5836777
"287",6,5853410,1983,5855393,3235,5858628
"288",6,5874110,2184,5876294,3034,5879328
"289",6,5950162,1500,5951662,3717,5955379
"290",6,5977962,1233,5979195,3985,5983180
"291",6,6001362,1451,6002813,3767,6006580
"292",6,6015096,983,6016079,4235,6020314
"293",6,6050863,2884,6053747,2334,6056081
"294",6,6058846,1651,6060497,3567,6064064
"295",6,6086547,1300,6087847,3918,6091765
"296",6,6104297,2267,6106564,2951,6109515
"297",6,6118031,2050,6120081,3168,6123249
"298",6,6133364,2301,6135665,2917,6138582
"299",6,6153898,1100,6154998,4118,6159116
"300",6,6177465,3700,6181165,1518,6182683
"301",6,6184332,2367,6186699,2851,6189550
"302",6,6214466,1267,6215733,3951,6219684
"303",6,6221482,2434,6223916,2784,6226700
"304",6,6253266,2167,6255433,3051,6258484
"305",6,6285183,3267,6288450,1951,6290401
"306",6,6331684,1484,6333168,3734,6336902
"307",6,6360885,5350,6366235,1017,6367252
"308",6,6375752,833,6376585,4384,6380969
"309",7,12953373,7798,12961171,1016,12962187
"310",7,12974087,2467,12976554,2751,12979305
"311",7,12994671,2400,12997071,2818,12999889
"312",7,13073139,2750,13075889,2468,13078357
"313",7,13087139,1350,13088489,3868,13092357
"314",7,13094006,2667,13096673,2551,13099224
"315",7,13114623,1400,13116023,3818,13119841
"316",7,13121473,1317,13122790,3901,13126691
"317",7,13128340,1517,13129857,3701,13133558
"318",7,13142040,1333,13143373,3885,13147258
"319",7,13189991,2583,13192574,2635,13195209
"320",7,13196857,867,13197724,4352,13202076
"321",7,13255392,1600,13256992,3618,13260610
"322",7,13310759,1484,13312243,3734,13315977
"323",7,13338376,1817,13340193,3401,13343594
"324",7,13359160,934,13360094,4284,13364378
"325",7,13366010,1217,13367227,4001,13371228
"326",7,13393461,1433,13394894,3785,13398679
"327",7,13414444,1767,13416211,3451,13419662
"328",7,13483312,2184,13485496,3034,13488530
"329",7,13504446,1533,13505979,3685,13509664
"330",7,13541046,1701,13542747,3517,13546264
"331",7,13554780,1434,13556214,3784,13559998
"332",7,13575364,1400,13576764,3818,13580582
"333",7,13582964,1383,13584347,3835,13588182
"334",7,13603564,1450,13605014,3768,13608782
"335",7,13637848,1150,13638998,4068,13643066
"336",7,13735149,1984,13737133,3234,13740367
"337",7,13749866,1217,13751083,4001,13755084
"338",7,13791467,1917,13793384,3301,13796685
"339",7,13800184,1700,13801884,3518,13805402
"340",7,13814384,1350,13815734,3868,13819602
"341",7,13877252,1567,13878819,3651,13882470
"342",7,13884102,1383,13885485,3835,13889320
"343",7,13941019,1451,13942470,3767,13946237
"344",7,13948003,1833,13949836,3385,13953221
"345",7,13983853,1267,13985120,3951,13989071
"346",7,14029487,934,14030421,4284,14034705
"347",7,14064221,1067,14065288,4151,14069439
"348",7,14084972,1150,14086122,4068,14090190
"349",7,14101722,1100,14102822,4118,14106940
"350",7,14108555,1267,14109822,3951,14113773
"351",7,14115422,1417,14116839,3801,14120640
"352",7,14146189,2667,14148856,2551,14151407
"353",7,14167173,1500,14168673,3718,14172391
"354",7,14201540,900,14202440,4318,14206758
"355",7,14215274,1967,14217241,3251,14220492
"356",7,14259258,1233,14260491,3985,14264476
"357",7,14293525,1534,14295059,3684,14298743
"358",7,14320942,1900,14322842,3318,14326160
"359",7,14341476,1350,14342826,3868,14346694
"360",7,14355193,1067,14356260,4151,14360411
"361",7,14368910,1033,14369943,4185,14374128
"362",8,17112003,1501,17113504,3718,17117222
"363",8,17119437,2067,17121504,3151,17124655
"364",8,17147354,2517,17149871,2701,17152572
"365",8,17161738,1100,17162838,4117,17166955
"366",8,17169271,1600,17170871,3618,17174489
"367",8,17184355,1033,17185388,4184,17189572
"368",8,17191721,1334,17193055,3884,17196939
"369",8,17229572,4633,17234205,1017,17235222
"370",8,17243872,2817,17246689,2401,17249090
"371",8,17265623,1350,17266973,3868,17270841
"372",8,17310390,2267,17312657,2951,17315608
"373",8,17405175,1350,17406525,3868,17410393
"374",8,17412675,2283,17414958,2935,17417893
"375",8,17420292,1683,17421975,3535,17425510
"376",8,17455792,1567,17457359,3651,17461010
"377",8,17478593,1800,17480393,3418,17483811
"378",8,17492843,2050,17494893,3168,17498061
"379",8,17499693,1933,17501626,3285,17504911
"380",8,17528793,1534,17530327,3684,17534011
"381",8,17535660,1884,17537544,3334,17540878
"382",8,17558560,2251,17560811,2967,17563778
"383",8,17579744,1434,17581178,3784,17584962
"384",8,17586611,2283,17588894,2935,17591829
"385",8,17607211,1951,17609162,3267,17612429
"386",8,17641595,1367,17642962,3851,17646813
"387",8,17648429,1183,17649612,4035,17653647
"388",8,17711780,1750,17713530,3468,17716998
"389",8,17753097,1083,17754180,4135,17758315
"390",8,17774597,1484,17776081,3734,17779815
"391",8,17803064,1984,17805048,3234,17808282
"392",8,17823648,1517,17825165,3701,17828866
"393",8,17831415,1217,17832632,4001,17836633
"394",8,17960200,1517,17961717,3701,17965418
"395",8,17967034,2367,17969401,2851,17972252
"396",8,17994901,2400,17997301,2818,18000119
"397",8,18030935,1050,18031985,4168,18036153
"398",8,18051485,1367,18052852,3851,18056703
"399",8,18065969,1983,18067952,3235,18071187
"400",8,18073319,2100,18075419,3118,18078537
"401",8,18202038,1266,18203304,3951,18207255
"402",8,18232305,1317,18233622,3901,18237523
"403",8,18239138,1667,18240805,3551,18244356
"404",8,18246005,2317,18248322,2901,18251223
"405",8,18295472,1084,18296556,4134,18300690
"406",8,18302506,1233,18303739,3985,18307724
"407",8,18310023,1450,18311473,3768,18315241
"408",8,18324189,1734,18325923,3484,18329407
"409",8,18360857,1950,18362807,3268,18366075
"410",8,18382374,2083,18384457,3135,18387592
"411",8,18403874,1134,18405008,4084,18409092
"412",8,18461608,1117,18462725,4101,18466826
"413",8,18475742,1433,18477175,3785,18480960
"414",8,18490009,1000,18491009,4218,18495227
"415",8,18511559,934,18512493,4284,18516777
"416",8,18548926,1134,18550060,4084,18554144
"417",8,18562693,2817,18565510,2401,18567911
"418",8,18576460,934,18577394,4284,18581678
"419",8,18628544,1384,18629928,3834,18633762
"420",8,18635611,1134,18636745,4084,18640829
"421",9,1185269,1784,1187053,3434,1190487
"422",9,1192120,1700,1193820,3517,1197337
"423",9,1233237,1567,1234804,3651,1238455
"424",9,1246970,1501,1248471,3717,1252188
"425",9,1288171,1500,1289671,3718,1293389
"426",9,1301888,1450,1303338,3768,1307106
"427",9,1315588,1500,1317088,3718,1320806
"428",9,1322455,2200,1324655,3018,1327673
"429",9,1363589,1367,1364956,3851,1368807
"430",9,1377506,1117,1378623,4101,1382724
"431",9,1385239,1617,1386856,3601,1390457
"432",9,1399139,1267,1400406,3951,1404357
"433",9,1433407,1500,1434907,3718,1438625
"434",9,1467674,1100,1468774,4118,1472892
"435",9,1488257,2267,1490524,2951,1493475
"436",9,1515691,1484,1517175,3734,1520909
"437",9,1522541,1367,1523908,3851,1527759
"438",9,1529408,1117,1530525,4101,1534626
"439",9,1536258,1117,1537375,4101,1541476
"440",9,1550225,917,1551142,4301,1555443
"441",9,1578575,1484,1580059,3734,1583793
"442",9,1585442,1500,1586942,3718,1590660
"443",9,1592292,1367,1593659,3851,1597510
"444",9,1612809,1084,1613893,4134,1618027
"445",9,1619659,1451,1621110,3767,1624877
"446",9,1667610,1167,1668777,4051,1672828
"447",9,1688210,2234,1690444,2984,1693428
"448",9,1695061,1100,1696161,4117,1700278
"449",9,1736195,1500,1737695,3717,1741412
"450",9,1811596,1250,1812846,3968,1816814
"451",9,1852713,1200,1853913,4018,1857931
"452",9,1900764,1450,1902214,3768,1905982
"453",9,1948748,1967,1950715,3251,1953966
"454",9,1983065,1134,1984199,4084,1988283
"455",9,1996799,1166,1997965,4052,2002017
"456",9,2003649,1050,2004699,4168,2008867
"457",9,2010515,2567,2013082,2652,2015734
"458",9,2037899,1250,2039149,3968,2043117
"459",9,2044766,1183,2045949,4035,2049984
"460",9,2051616,1234,2052850,3984,2056834
"461",9,2065350,1416,2066766,3801,2070567
"462",9,2079067,1033,2080100,4184,2084284
"463",9,2085933,984,2086917,4234,2091151
"464",9,2106517,1100,2107617,4118,2111735
"465",9,2120234,2050,2122284,3168,2125452
"466",9,2140767,1134,2141901,4084,2145985
"467",9,2175085,1566,2176651,3652,2180303
"468",9,2216269,1183,2217452,4035,2221487
"469",9,2230102,1167,2231269,4051,2235320
"470",9,2243802,1167,2244969,4051,2249020
"471",9,2250669,1050,2251719,4168,2255887
"472",9,2264369,1367,2265736,3851,2269587
"473",9,2271236,950,2272186,4268,2276454
"474",9,2291870,1683,2293553,3535,2297088
"475",9,2298737,1583,2300320,3635,2303955
"476",9,2312470,950,2313420,4268,2317688
"477",9,2326170,1051,2327221,4167,2331388
"478",9,2360437,1417,2361854,3802,2365656
"479",9,2367288,1183,2368471,4035,2372506
"480",9,2374121,1150,2375271,4068,2379339
"481",9,2456372,1134,2457506,4084,2461590
"482",9,2470106,1217,2471323,4001,2475324
"483",9,2476973,1067,2478040,4151,2482191
"484",9,2483823,1267,2485090,3951,2489041
"485",9,2490673,1233,2491906,3985,2495891
"486",9,2504406,1084,2505490,4134,2509624
"487",10,4219350,2167,4221517,3051,4224568
"488",10,4226216,1201,4227417,4018,4231435
"489",10,4239933,1534,4241467,3684,4245151
"490",10,4301634,1117,4302751,4101,4306852
"491",10,4399436,983,4400419,4235,4404654
"492",10,4414069,2417,4416486,2801,4419287
"493",10,4420920,1800,4422720,3417,4426137
"494",10,4468920,1200,4470120,4018,4474138
"495",10,4497271,2383,4499654,2835,4502489
"496",10,4504138,1083,4505221,4134,4509355
"497",10,4545172,1750,4546922,3468,4550390
"498",10,4565722,1683,4567405,3535,4570940
"499",10,4586739,2017,4588756,3201,4591957
"500",10,4648940,1483,4650423,3735,4654158
"501",10,4662657,1533,4664190,3685,4667875
"502",10,4690424,1783,4692207,3435,4695642
"503",10,4731591,1217,4732808,4001,4736809
"504",10,4759225,1100,4760325,4118,4764443
"505",10,4794392,1134,4795526,4084,4799610
"506",10,4808259,1183,4809442,4035,4813477
"507",10,4815092,1467,4816559,3751,4820310
"508",10,4842909,1751,4844660,3467,4848127
"509",10,4864960,2117,4867077,3101,4870178
"510",10,4878977,1400,4880377,3818,4884195
"511",10,4899694,2150,4901844,3068,4904912
"512",10,4948444,1301,4949745,3917,4953662
"513",10,4990795,1417,4992212,3801,4996013
"514",10,5066380,1183,5067563,4035,5071598
"515",10,5073213,2350,5075563,2868,5078431
"516",10,5115597,1900,5117497,3318,5120815
"517",10,5129347,1384,5130731,3834,5134565
"518",10,5136181,1850,5138031,3368,5141399
"519",10,5156998,1583,5158581,3635,5162216
"520",10,5178531,1667,5180198,3551,5183749
"521",10,5199115,2617,5201732,2601,5204333
"522",10,5205965,1650,5207615,3568,5211183
"523",10,5213932,1983,5215915,3235,5219150
"524",10,5278400,1067,5279467,4151,5283618
"525",10,5349501,2850,5352351,2368,5354719
"526",10,5370735,1933,5372668,3284,5375952
"527",10,5491753,3184,5494937,2034,5496971
"528",10,5512303,951,5513254,4267,5517521
"529",10,5521070,2684,5523754,2534,5526288
"530",10,5535054,1767,5536821,3451,5540272
"531",10,5592971,1450,5594421,3768,5598189
"532",10,5599821,1801,5601622,3417,5605039
"533",10,5606671,2067,5608738,3152,5611890
"534",10,5613522,1650,5615172,3567,5618739
"535",11,8447833,1800,8449633,3418,8453051
"536",11,8454699,1751,8456450,3467,8459917
"537",11,8468416,4284,8472700,1017,8473717
"538",11,8482367,1750,8484117,3468,8487585
"539",11,8523650,3134,8526784,2084,8528868
"540",11,8551068,1366,8552434,3852,8556286
"541",11,8564851,2884,8567735,2334,8570069
"542",11,8578985,3767,8582752,1451,8584203
"543",11,8592735,2867,8595602,2351,8597953
"544",11,8613319,4717,8618036,1016,8619052
"545",11,8648369,1984,8650353,3234,8653587
"546",11,8656503,1466,8657969,3752,8661721
"547",11,8670203,6883,8677086,1017,8678103
"548",11,8694103,1617,8695720,3601,8699321
"549",11,8700970,2217,8703187,3001,8706188
"550",11,8707820,3434,8711254,1784,8713038
"551",11,8714670,2434,8717104,2784,8719888
"552",11,8728354,4750,8733104,1017,8734121
"553",11,8743004,3800,8746804,1418,8748222
"554",11,8787055,7167,8794222,1016,8795238
"555",11,8833439,3300,8836739,1917,8838656
"556",11,8895423,1783,8897206,3435,8900641
"557",11,8923190,6784,8929974,1017,8930991
"558",11,8960557,5701,8966258,1016,8967274
"559",11,8969574,2000,8971574,3218,8974792
"560",11,9006875,1717,9008592,3501,9012093
"561",11,9013742,1300,9015042,3918,9018960
"562",11,9055326,1833,9057159,3384,9060543
"563",11,9069042,2201,9071243,3017,9074260
"564",11,9082759,1267,9084026,3951,9087977
"565",11,9110476,1534,9112010,3684,9115694
"566",11,9124227,2467,9126694,2751,9129445
"567",11,9168094,1800,9169894,3418,9173312
"568",11,9181961,1050,9183011,4168,9187179
"569",11,9188928,2333,9191261,2885,9194146
"570",11,9216395,2533,9218928,2685,9221613
"571",11,9223261,3551,9226812,1667,9228479
"572",11,9230945,2267,9233212,2951,9236163
"573",11,9279012,3617,9282629,1601,9284230
"574",11,9286312,3434,9289746,1784,9291530
"575",11,9341763,6651,9348414,1016,9349430
"576",11,9358080,1651,9359731,3567,9363298
"577",11,9379164,1800,9380964,3418,9384382
"578",11,9415648,2717,9418365,2501,9420866
"579",11,9445198,1751,9446949,3467,9450416
"580",11,9452065,1200,9453265,4018,9457283
"581",11,9493299,2117,9495416,3101,9498517
"582",11,9556550,1534,9558084,3684,9561768
"583",11,9572467,1517,9573984,3701,9577685
"584",11,9593534,1434,9594968,3784,9598752
"585",11,9641702,5283,9646985,1017,9648002
"586",11,9649868,2451,9652319,2767,9655086
"587",11,9677302,1400,9678702,3818,9682520
"588",11,9684402,1517,9685919,3701,9689620
"589",11,9706119,1617,9707736,3601,9711337
"590",11,9733570,1517,9735087,3701,9738788
"591",11,9768154,1816,9769970,3401,9773371
"592",11,9775004,2233,9777237,2985,9780222
"593",11,9781870,1817,9783687,3401,9787088
"594",11,9788737,3717,9792454,1501,9793955
"595",11,9832604,2751,9835355,2467,9837822
"596",11,9861505,2317,9863822,2901,9866723
"597",12,12002055,1801,12003856,3417,12007273
"598",12,12029789,1384,12031173,3834,12035007
"599",12,12043689,2367,12046056,2851,12048907
"600",12,12066523,2734,12069257,2484,12071741
"601",12,12115141,1816,12116957,3401,12120358
"602",12,12137324,1534,12138858,3684,12142542
"603",12,12154108,1567,12155675,3651,12159326
"604",12,12160975,1783,12162758,3435,12166193
"605",12,12210909,2567,12213476,2651,12216127
"606",12,12232859,3350,12236209,1868,12238077
"607",12,12249276,984,12250260,4234,12254494
"608",12,12256143,1733,12257876,3485,12261361
"609",12,12263826,2251,12266077,2967,12269044
"610",12,12270910,2200,12273110,3018,12276128
"611",12,12299093,1434,12300527,3784,12304311
"612",12,12351011,1167,12352178,4051,12356229
"613",12,12381195,1533,12382728,3685,12386413
"614",12,12430812,784,12431596,4434,12436030
"615",12,12438662,967,12439629,4251,12443880
"616",12,12452612,1701,12454313,3517,12457830
"617",12,12493963,784,12494747,4434,12499181
"618",12,12501880,1817,12503697,3401,12507098
"619",12,12518614,1383,12519997,3835,12523832
"620",12,12533181,1000,12534181,4217,12538398
"621",12,12565781,2934,12568715,2284,12570999
"622",12,12579515,2650,12582165,2568,12584733
"623",12,12601298,1317,12602615,3901,12606516
"624",12,12608298,1867,12610165,3351,12613516
"625",12,12728350,1850,12730200,3368,12733568
"626",12,12770118,1150,12771268,4067,12775335
"627",12,12796201,1434,12797635,3784,12801419
"628",12,12852619,917,12853536,4301,12857837
"629",12,12859469,1100,12860569,4118,12864687
"630",12,12953337,1250,12954587,3968,12958555
"631",12,12973921,1267,12975188,3951,12979139
"632",12,12998055,1333,12999388,3884,13003272
"633",12,13023055,1334,13024389,3884,13028273
"634",12,13061156,1466,13062622,3752,13066374
"635",12,13190624,851,13191475,4367,13195842
"636",12,13200341,3634,13203975,1584,13205559
"637",12,13207508,1683,13209191,3535,13212726
"638",12,13253525,1167,13254692,4051,13258743
"639",12,13363427,867,13364294,4351,13368645
"640",12,13370277,784,13371061,4434,13375495
"641",12,13398378,950,13399328,4268,13403596
"642",12,13420078,1000,13421078,4218,13425296
"643",12,13434645,1833,13436478,3385,13439863
"644",12,13441495,1183,13442678,4035,13446713
"645",12,13529280,2133,13531413,3085,13534498
"646",12,13628331,1134,13629465,4084,13633549
"647",12,13649248,2084,13651332,3134,13654466
"648",13,3819669,1650,3821319,3568,3824887
"649",13,3826519,1333,3827852,3885,3831737
"650",13,3882270,3100,3885370,2118,3887488
"651",13,3889253,2700,3891953,2518,3894471
"652",13,3938287,3400,3941687,1818,3943505
"653",13,3951987,3451,3955438,1767,3957205
"654",13,3994338,2734,3997072,2484,3999556
"655",13,4001188,900,4002088,4318,4006406
"656",13,4029389,2083,4031472,3135,4034607
"657",13,4072589,2767,4075356,2451,4077807
"658",13,4093190,1567,4094757,3651,4098408
"659",13,4100656,1634,4102290,3584,4105874
"660",13,4150207,1400,4151607,3818,4155425
"661",13,4157774,1400,4159174,3818,4162992
"662",13,4194374,1851,4196225,3367,4199592
"663",13,4214908,1750,4216658,3468,4220126
"664",13,4228625,1484,4230109,3734,4233843
"665",13,4236025,3100,4239125,2118,4241243
"666",13,4272342,1951,4274293,3267,4277560
"667",13,4301060,1016,4302076,4201,4306277
"668",13,4328943,1701,4330644,3517,4334161
"669",13,4342644,1816,4344460,3401,4347861
"670",13,4363377,1350,4364727,3868,4368595
"671",13,4418378,1300,4419678,3918,4423596
"672",13,4433028,3384,4436412,1834,4438246
"673",13,4453762,1850,4455612,3368,4458980
"674",13,4538080,783,4538863,4435,4543298
"675",13,4586231,3200,4589431,2017,4591448
"676",13,4600881,2400,4603281,2818,4606099
"677",13,4684715,1634,4686349,3584,4689933
"678",13,4698432,1851,4700283,3367,4703650
"679",13,4835318,1400,4836718,3818,4840536
"680",13,4842168,700,4842868,4518,4847386
"681",13,4869768,5118,4874886,1016,4875902
"682",13,4878585,1251,4879836,3967,4883803
"683",13,4885419,1117,4886536,4101,4890637
"684",13,4892385,1084,4893469,4134,4897603
"685",13,4951570,900,4952470,4318,4956788
"686",13,4973853,1017,4974870,4201,4979071
"687",13,4989354,1900,4991254,3318,4994572
"688",13,4996204,1950,4998154,3268,5001422
"689",13,5003721,1533,5005254,3685,5008939
"690",13,5040271,1484,5041755,3734,5045489
"691",13,5054088,1650,5055738,3568,5059306
"692",13,5075988,884,5076872,4334,5081206
"693",13,5089705,2184,5091889,3034,5094923
"694",13,5096955,784,5097739,4434,5102173
"695",13,5110672,1317,5111989,3901,5115890
"696",13,5131256,783,5132039,4435,5136474
"697",13,5151823,783,5152606,4435,5157041
"698",13,5158690,1233,5159923,3985,5163908
"699",13,5179457,1233,5180690,3985,5184675
"700",14,11208352,1600,11209952,3618,11213570
"701",14,11223802,2417,11226219,2801,11229020
"702",14,11246269,1650,11247919,3568,11251487
"703",14,11283670,1283,11284953,3935,11288888
"704",14,11290553,2100,11292653,3118,11295771
"705",14,11380588,2184,11382772,3034,11385806
"706",14,11388088,1767,11389855,3451,11393306
"707",14,11424055,1101,11425156,4117,11429273
"708",14,11437739,1533,11439272,3685,11442957
"709",14,11452173,2983,11455156,2234,11457390
"710",14,11476256,1017,11477273,4201,11481474
"711",14,11483123,1034,11484157,4184,11488341
"712",14,11490090,850,11490940,4368,11495308
"713",14,11539191,2033,11541224,3185,11544409
"714",14,11546157,1234,11547391,3984,11551375
"715",14,11560424,850,11561274,4368,11565642
"716",14,11574141,1484,11575625,3734,11579359
"717",14,11603125,1267,11604392,3951,11608343
"718",14,11631025,1234,11632259,3984,11636243
"719",14,11638292,1934,11640226,3284,11643510
"720",14,11654026,1567,11655593,3651,11659244
"721",14,11761411,1933,11763344,3285,11766629
"722",14,11768244,1434,11769678,3784,11773462
"723",14,11812862,1767,11814629,3450,11818079
"724",14,11820045,1534,11821579,3684,11825263
"725",14,11849162,3734,11852896,1484,11854380
"726",14,11879879,2267,11882146,2951,11885097
"727",14,11886729,1167,11887896,4051,11891947
"728",14,11905330,1467,11906797,3751,11910548
"729",14,11919547,1283,11920830,3935,11924765
"730",14,11934780,1317,11936097,3901,11939998
"731",14,11962681,1633,11964314,3585,11967899
"732",14,11991231,3167,11994398,2051,11996449
"733",14,11998181,1000,11999181,4218,12003399
"734",14,12050965,1317,12052282,3901,12056183
"735",14,12065132,1900,12067032,3318,12070350
"736",14,12100000,1350,12101350,3867,12105217
"737",14,12142800,1984,12144784,3234,12148018
"738",14,12150667,967,12151634,4251,12155885
"739",14,12172551,3517,12176068,1701,12177769
"740",14,12179517,1701,12181218,3517,12184735
"741",14,12205118,1050,12206168,4168,12210336
"742",14,12214101,1284,12215385,3934,12219319
"743",14,12242468,1317,12243785,3901,12247686
"744",14,12256802,1200,12258002,4018,12262020
"745",14,12284403,1433,12285836,3784,12289620
"746",14,12378654,984,12379638,4234,12383872
"747",14,12416038,1433,12417471,3785,12421256
"748",14,12436788,1384,12438172,3834,12442006
"749",14,12460689,783,12461472,4435,12465907
"750",14,12488972,817,12489789,4401,12494190
"751",14,12496522,1367,12497889,3851,12501740
"752",14,12524606,1034,12525640,4184,12529824
"753",14,12531740,1600,12533340,3618,12536958
"754",14,12542757,2000,12544757,3217,12547974
"755",14,12551107,1283,12552390,3935,12556325
"756",14,12583341,1533,12584874,3685,12588559
"757",14,12611641,1400,12613041,3818,12616859
"758",14,12618725,1166,12619891,4052,12623943
"759",15,14829660,1750,14831410,3468,14834878
"760",15,14926695,1983,14928678,3235,14931913
"761",15,14960962,1100,14962062,4118,14966180
"762",15,14967945,2117,14970062,3102,14973164
"763",15,15009713,1400,15011113,3818,15014931
"764",15,15045297,2217,15047514,3001,15050515
"765",15,15088547,1167,15089714,4051,15093765
"766",15,15146232,1567,15147799,3651,15151450
"767",15,15187349,1350,15188699,3868,15192567
"768",15,15207933,2267,15210200,2951,15213151
"769",15,15214799,1984,15216783,3234,15220017
"770",15,15257400,1034,15258434,4184,15262618
"771",15,15286034,900,15286934,4318,15291252
"772",15,15299884,1184,15301068,4034,15305102
"773",15,15327318,1217,15328535,4001,15332536
"774",15,15369219,983,15370202,4235,15374437
"775",15,15397819,1384,15399203,3834,15403037
"776",15,15404686,4184,15408870,1034,15409904
"777",15,15441603,1167,15442770,4051,15446821
"778",15,15469003,1117,15470120,4102,15474222
"779",15,15475854,1400,15477254,3818,15481072
"780",15,15497621,933,15498554,4285,15502839
"781",15,15571222,1017,15572239,4201,15576440
"782",15,15641573,1117,15642690,4101,15646791
"783",15,15764392,1733,15766125,3485,15769610
"784",15,15771242,1250,15772492,3968,15776460
"785",15,15818476,1350,15819826,3868,15823694
"786",15,15885444,1083,15886527,4135,15890662
"787",15,15916044,900,15916944,4318,15921262
"788",15,15952611,1084,15953695,4134,15957829
"789",15,16002929,1183,16004112,4035,16008147
"790",15,16065063,984,16066047,4234,16070281
"791",15,16168865,883,16169748,4335,16174083
"792",16,8189951,2967,8192918,2251,8195169
"793",16,8269469,2101,8271570,3117,8274687
"794",16,8305520,3467,8308987,1751,8310738
"795",16,8364221,5917,8370138,1016,8371154
"796",16,8373187,3401,8376588,1817,8378405
"797",16,8380104,2584,8382688,2634,8385322
"798",16,8418405,1117,8419522,4101,8423623
"799",16,8439755,1667,8441422,3551,8444973
"800",16,8455239,1500,8456739,3718,8460457
"801",16,8510190,3616,8513806,1602,8515408
"802",16,8517056,3017,8520073,2201,8522274
"803",16,8564124,4150,8568274,1068,8569342
"804",16,8636425,6583,8643008,1017,8644025
"805",16,8672959,1600,8674559,3618,8678177
"806",16,8694942,7551,8702493,1016,8703509
"807",16,8721443,2000,8723443,3218,8726661
"808",16,8750126,2434,8752560,2784,8755344
"809",16,8831144,1617,8832761,3601,8836362
"810",16,8844861,2717,8847578,2501,8850079
"811",16,8851711,1334,8853045,3884,8856929
"812",16,8873745,1233,8874978,3985,8878963
"813",16,8896129,4483,8900612,1017,8901629
"814",16,8903529,2717,8906246,2501,8908747
"815",16,8910512,2684,8913196,2534,8915730
"816",16,8917546,6083,8923629,1017,8924646
"817",16,8934046,4950,8938996,1017,8940013
"818",16,8958146,2401,8960547,2817,8963364
"819",16,8980330,1550,8981880,3668,8985548
"820",16,8990097,1967,8992064,3251,8995315
"821",16,8998430,1434,8999864,3784,9003648
"822",16,9014097,2100,9016197,3118,9019315
"823",16,9022047,1400,9023447,3818,9027265
"824",16,9036514,5617,9042131,1017,9043148
"825",16,9075631,1684,9077315,3534,9080849
"826",16,9090732,2783,9093515,2434,9095949
"827",16,9114999,4216,9119215,1017,9120232
"828",16,9132415,3784,9136199,1434,9137633
"829",16,9189916,2551,9192467,2667,9195134
"830",16,9207167,5517,9212684,1016,9213700
"831",16,9241384,6800,9248184,1017,9249201
"832",16,9251701,1900,9253601,3318,9256919
"833",16,9258567,1234,9259801,3984,9263785
"834",16,9299235,8217,9307452,1016,9308468
"835",16,9348702,1467,9350169,3751,9353920
"836",16,9356636,1433,9358069,3784,9361853
"837",16,9414820,1517,9416337,3701,9420038
"838",16,9438370,6034,9444404,1016,9445420
"839",16,9552372,4400,9556772,1017,9557789
"840",16,9601222,2617,9603839,2601,9606440
"841",16,9623006,1467,9624473,3751,9628224
"842",16,9640773,11634,9652407,1016,9653423
"843",16,9657273,1034,9658307,4184,9662491
"844",16,9705624,1434,9707058,3784,9710842
"845",16,9739125,3550,9742675,1667,9744342
"846",16,9746125,2350,9748475,2868,9751343
"847",16,9763042,4366,9767408,1017,9768425
"848",16,9770125,1217,9771342,4001,9775343
"849",16,9791442,1683,9793125,3535,9796660
"850",17,2435386,1767,2437153,3451,2440604
"851",17,2470353,5084,2475437,1017,2476454
"852",17,2513237,2117,2515354,3101,2518455
"853",17,2520087,3167,2523254,2051,2525305
"854",17,2563138,2900,2566038,2318,2568356
"855",17,2576855,4067,2580922,1151,2582073
"856",17,2583988,4684,2588672,1017,2589689
"857",17,2635089,4017,2639106,1201,2640307
"858",17,2648806,4233,2653039,1017,2654056
"859",17,2662523,6133,2668656,1017,2669673
"860",17,2671306,2367,2673673,2851,2676524
"861",17,2692090,1100,2693190,4118,2697308
"862",17,2712673,4551,2717224,1016,2718240
"863",17,2785774,1484,2787258,3734,2790992
"864",17,2813875,2250,2816125,2968,2819093
"865",17,2828942,1733,2830675,3485,2834160
"866",17,2856359,2650,2859009,2568,2861577
"867",17,2870076,1500,2871576,3717,2875293
"868",17,2876959,2667,2879626,2551,2882177
"869",17,2897493,1800,2899293,3418,2902711
"870",17,2930960,4150,2935110,1068,2936178
"871",17,2945193,12651,2957844,1016,2958860
"872",17,2992311,917,2993228,4301,2997529
"873",17,2999311,3067,3002378,2151,3004529
"874",17,3006177,3418,3009595,1800,3011395
"875",17,3040878,4267,3045145,1017,3046162
"876",17,3071128,8217,3079345,1017,3080362
"877",17,3081995,2534,3084529,2684,3087213
"878",17,3103562,13851,3117413,1016,3118429
"879",17,3120079,2034,3122113,3184,3125297
"880",17,3126946,3083,3130029,2135,3132164
"881",17,3168913,6417,3175330,1017,3176347
"882",17,3350249,3167,3353416,2051,3355467
"883",17,3370933,5967,3376900,1016,3377916
"884",17,3388800,4333,3393133,1017,3394150
"885",17,3409517,1550,3411067,3667,3414734
"886",17,3416367,11033,3427400,1017,3428417
"887",17,3560035,17768,3577803,1016,3578819
"888",17,3580469,2000,3582469,3218,3585687
"889",17,3594152,3801,3597953,1417,3599370
"890",17,3607836,1583,3609419,3635,3613054
"891",17,3636786,12001,3648787,1016,3649803
"892",17,3651420,2600,3654020,2618,3656638
"893",17,3665137,4167,3669304,1051,3670355
"894",17,3700404,2834,3703238,2384,3705622
"895",17,3767105,8417,3775522,1017,3776539
"896",17,3785039,1283,3786322,3934,3790256
"897",17,3798722,1734,3800456,3484,3803940
"898",17,3890290,4184,3894474,1034,3895508
"899",17,3897357,3133,3900490,2085,3902575
"900",17,3904224,8533,3912757,1017,3913774
"901",17,3915624,1400,3917024,3818,3920842
"902",17,3943174,3234,3946408,1984,3948392
"903",18,13150938,1117,13152055,4101,13156156
"904",18,13164605,1334,13165939,3884,13169823
"905",18,13185155,1400,13186555,3818,13190373
"906",18,13205739,2484,13208223,2734,13210957
"907",18,13240239,1601,13241840,3618,13245458
"908",18,13247090,1183,13248273,4035,13252308
"909",18,13281390,1184,13282574,4034,13286608
"910",18,13295124,1083,13296207,4135,13300342
"911",18,13316457,1284,13317741,3934,13321675
"912",18,13366025,1366,13367391,3852,13371243
"913",18,13386608,1667,13388275,3551,13391826
"914",18,13415259,1633,13416892,3585,13420477
"915",18,13465226,1450,13466676,3768,13470444
"916",18,13472426,1684,13474110,3534,13477644
"917",18,13492977,1300,13494277,3918,13498195
"918",18,13521277,1483,13522760,3735,13526495
"919",18,13557327,1317,13558644,3901,13562545
"920",18,13564544,1500,13566044,3718,13569762
"921",18,13571394,1367,13572761,3851,13576612
"922",18,13593161,800,13593961,4418,13598379
"923",18,13628812,1250,13630062,3968,13634030
"924",18,13652712,1367,13654079,3851,13657930
"925",18,13669379,1484,13670863,3734,13674597
"926",18,13703830,1050,13704880,4168,13709048
"927",18,13717680,1083,13718763,4135,13722898
"928",18,13745097,2100,13747197,3118,13750315
"929",18,13758797,1767,13760564,3451,13764015
"930",18,13780964,1484,13782448,3734,13786182
"931",18,13831781,1034,13832815,4184,13836999
"932",18,13859965,1734,13861699,3484,13865183
"933",18,13873682,1150,13874832,4068,13878900
"934",18,13880549,950,13881499,4268,13885767
"935",18,13887416,1083,13888499,4135,13892634
"936",18,13943550,2267,13945817,2951,13948768
"937",18,13994134,1433,13995567,3785,13999352
"938",18,14001884,2033,14003917,3185,14007102
"939",18,14053501,1201,14054702,4017,14058719
"940",18,14074068,1217,14075285,4001,14079286
"941",18,14115436,1733,14117169,3485,14120654
"942",18,14129719,1184,14130903,4034,14134937
"943",18,14136586,1750,14138336,3468,14141804
"944",18,14151536,1267,14152803,3951,14156754
"945",18,14175170,1150,14176320,4068,14180388
"946",18,14189437,1517,14190954,3701,14194655
"947",18,14247021,1217,14248238,4001,14252239
"948",18,14299005,1184,14300189,4034,14304223
"949",18,14331772,1367,14333139,3851,14336990
"950",18,14374623,1433,14376056,3785,14379841
"951",18,14388690,966,14389656,4252,14393908
"952",18,14403723,2484,14406207,2734,14408941
"953",18,14417690,1617,14419307,3601,14422908
"954",18,14445807,1784,14447591,3434,14451025
"955",18,14488124,1167,14489291,4051,14493342
"956",18,14494975,1250,14496225,3967,14500192
"957",18,14501841,1451,14503292,3767,14507059
"958",19,16495837,2984,16498821,2234,16501055
"959",19,16523254,1367,16524621,3851,16528472
"960",19,16565139,1700,16566839,3518,16570357
"961",19,16578872,4117,16582989,1101,16584090
"962",19,16592572,1617,16594189,3601,16597790
"963",19,16614656,1267,16615923,3951,16619874
"964",19,16621506,1600,16623106,3618,16626724
"965",19,16642223,3134,16645357,2084,16647441
"966",19,16736424,1884,16738308,3334,16741642
"967",19,16750141,1867,16752008,3351,16755359
"968",19,16766041,2117,16768158,3101,16771259
"969",19,16772891,1584,16774475,3634,16778109
"970",19,16794042,3000,16797042,2218,16799260
"971",19,16821459,1283,16822742,3935,16826677
"972",19,16828976,1783,16830759,3435,16834194
"973",19,16863276,1067,16864343,4151,16868494
"974",19,16870110,1183,16871293,4035,16875328
"975",19,16897493,2067,16899560,3151,16902711
"976",19,16904344,950,16905294,4268,16909562
"977",19,16982561,1167,16983728,4051,16987779
"978",19,17010012,1700,17011712,3518,17015230
"979",19,17037679,1350,17039029,3868,17042897
"980",19,17051396,1833,17053229,3385,17056614
"981",19,17058246,2283,17060529,2935,17063464
"982",19,17071963,1283,17073246,3935,17077181
"983",19,17113630,1800,17115430,3418,17118848
"984",19,17151030,1167,17152197,4051,17156248
"985",19,17157897,1767,17159664,3451,17163115
"986",19,17200015,4717,17204732,1016,17205748
"987",19,17214848,1467,17216315,3751,17220066
"988",19,17235732,11150,17246882,1017,17247899
"989",19,17256882,1867,17258749,3351,17262100
"990",19,17263949,3783,17267732,1435,17269167
"991",19,17307533,883,17308416,4335,17312751
"992",19,17343517,1800,17345317,3418,17348735
"993",19,17385517,1317,17386834,3901,17390735
"994",19,17426651,1000,17427651,4218,17431869
"995",19,17454218,1417,17455635,3801,17459436
"996",19,17474769,2267,17477036,2951,17479987
"997",19,17488969,1283,17490252,3935,17494187
"998",19,17495836,2000,17497836,3218,17501054
"999",19,17564653,3351,17568004,1867,17569871
"1000",19,17571737,1717,17573454,3501,17576955
"1001",19,17592304,1117,17593421,4101,17597522
"1002",19,17656121,2234,17658355,2984,17661339
"1003",19,17669838,851,17670689,4367,17675056
"1004",19,17676705,1400,17678105,3818,17681923
"1005",19,17690922,1017,17691939,4201,17696140
"1006",19,17697789,1350,17699139,3868,17703007
"1007",19,17718372,2467,17720839,2751,17723590
"1008",19,17732106,1233,17733339,3985,17737324
"1009",19,17801690,1767,17803457,3451,17806908
"1010",19,17866325,2016,17868341,3202,17871543
"1011",20,20484597,9650,20494247,1017,20495264
"1012",20,20504397,1301,20505698,3917,20509615
"1013",20,20511264,1867,20513131,3351,20516482
"1014",20,20531848,2100,20533948,3118,20537066
"1015",20,20573815,2534,20576349,2684,20579033
"1016",20,20622532,1684,20624216,3534,20627750
"1017",20,20636249,2367,20638616,2851,20641467
"1018",20,20663833,1634,20665467,3584,20669051
"1019",20,20677733,2567,20680300,2651,20682951
"1020",20,20684583,1184,20685767,4034,20689801
"1021",20,20691450,1450,20692900,3768,20696668
"1022",20,20725917,3234,20729151,1984,20731135
"1023",20,20732801,5033,20737834,1017,20738851
"1024",20,20781785,4317,20786102,1016,20787118
"1025",20,20799985,1900,20801885,3318,20805203
"1026",20,20820569,2250,20822819,2968,20825787
"1027",20,20827419,1417,20828836,3801,20832637
"1028",20,20834269,1734,20836003,3484,20839487
"1029",20,20847986,1717,20849703,3501,20853204
"1030",20,20868769,1467,20870236,3751,20873987
"1031",20,20931220,1534,20932754,3684,20936438
"1032",20,20972921,1167,20974088,4051,20978139
"1033",20,21044405,1934,21046339,3284,21049623
"1034",20,21051472,1417,21052889,3801,21056690
"1035",20,21107506,1651,21109157,3567,21112724
"1036",20,21115040,1150,21116190,4068,21120258
"1037",20,21121890,1067,21122957,4151,21127108
"1038",20,21135607,1950,21137557,3268,21140825
"1039",20,21142440,2650,21145090,2568,21147658
"1040",20,21149507,5050,21154557,1017,21155574
"1041",20,21157257,934,21158191,4284,21162475
"1042",20,21164124,1833,21165957,3385,21169342
"1043",20,21172007,1717,21173724,3501,21177225
"1044",20,21178891,1283,21180174,3935,21184109
"1045",20,21228642,4550,21233192,1017,21234209
"1046",20,21300676,2000,21302676,3218,21305894
"1047",20,21329093,1534,21330627,3684,21334311
"1048",20,21371127,2650,21373777,2568,21376345
"1049",20,21392211,1083,21393294,4135,21397429
"1050",20,21399061,5267,21404328,1016,21405344
"1051",20,21442728,1700,21444428,3518,21447946
"1052",20,21450545,2367,21452912,2851,21455763
"1053",20,21474195,1100,21475295,4118,21479413
"1054",20,21512596,5483,21518079,1017,21519096
"1055",20,21521446,1450,21522896,3768,21526664
"1056",20,21543096,1384,21544480,3834,21548314
"1057",20,21582464,5150,21587614,1017,21588631
"1058",20,21590280,851,21591131,4367,21595498
"1059",20,21718949,2050,21720999,3168,21724167
"1060",20,21733649,1817,21735466,3401,21738867
"1061",20,21770416,951,21771367,4267,21775634
"1062",20,21828634,850,21829484,4368,21833852
"1063",20,21842351,567,21842918,4651,21847569
"1064",20,21849934,1467,21851401,3751,21855152
"1065",20,21883035,1733,21884768,3485,21888253
"1066",20,21890702,1300,21892002,3918,21895920
"1067",21,4143973,2564,4146537,2654,4149191
"1068",21,4164771,3617,4168388,1601,4169989
"1069",21,4171604,2184,4173788,3034,4176822
"1070",21,4192204,5884,4198088,1017,4199105
"1071",21,4221288,8550,4229838,1017,4230855
"1072",21,4239405,1750,4241155,3468,4244623
"1073",21,4253172,2750,4255922,2468,4258390
"1074",21,4260022,2567,4262589,2651,4265240
"1075",21,4266855,3417,4270272,1801,4272073
"1076",21,4287389,1717,4289106,3501,4292607
"1077",21,4315156,2684,4317840,2534,4320374
"1078",21,4322006,3017,4325023,2201,4327224
"1079",21,4342840,1600,4344440,3618,4348058
"1080",21,4384807,1584,4386391,3634,4390025
"1081",21,4398507,1984,4400491,3234,4403725
"1082",21,4419124,3067,4422191,2151,4424342
"1083",21,4425974,2184,4428158,3034,4431192
"1084",21,4432824,2001,4434825,3218,4438043
"1085",21,4457475,1250,4458725,3968,4462693
"1086",21,4485525,2050,4487575,3168,4490743
"1087",21,4512926,1950,4514876,3267,4518143
"1088",21,4519759,2200,4521959,3018,4524977
"1089",21,4609127,1734,4610861,3484,4614345
"1090",21,4651378,3750,4655128,1467,4656595
"1091",21,4658211,9034,4667245,1016,4668261
"1092",21,4697878,1834,4699712,3384,4703096
"1093",21,4706362,1383,4707745,3835,4711580
"1094",21,4720079,11200,4731279,1017,4732296
"1095",21,4857247,2217,4859464,3001,4862465
"1096",21,4871097,2334,4873431,2884,4876315
"1097",21,4885981,1717,4887698,3501,4891199
"1098",21,4920231,1684,4921915,3534,4925449
"1099",21,4948165,1284,4949449,3934,4953383
"1100",21,4975832,1134,4976966,4084,4981050
"1101",21,5003249,1884,5005133,3334,5008467
"1102",21,5011033,1417,5012450,3801,5016251
"1103",21,5039633,2567,5042200,2651,5044851
"1104",21,5046483,1617,5048100,3601,5051701
"1105",21,5081550,1301,5082851,3917,5086768
"1106",21,5102451,3967,5106418,1251,5107669
"1107",21,5143568,2567,5146135,2651,5148786
"1108",21,5164618,3051,5167669,2167,5169836
"1109",21,5213736,2183,5215919,3035,5218954
"1110",21,5254986,1350,5256336,3868,5260204
"1111",21,5262736,1451,5264187,3767,5267954
"1112",21,5269603,1517,5271120,3701,5274821
"1113",21,5290170,1384,5291554,3834,5295388
"1114",21,5333088,3100,5336188,2118,5338306
"1115",21,5347021,1617,5348638,3601,5352239
"1116",21,5367538,1334,5368872,3884,5372756
"1117",21,5415489,1367,5416856,3851,5420707
"1118",21,5526140,2101,5528241,3117,5531358
"1119",21,5561591,1150,5562741,4068,5566809
"1120",22,11676845,2634,11679479,2584,11682063
"1121",22,11683712,5667,11689379,1016,11690395
"1122",22,11692045,2634,11694679,2584,11697263
"1123",22,11717029,4984,11722013,1016,11723029
"1124",22,11724662,5334,11729996,1017,11731013
"1125",22,11739513,3266,11742779,1952,11744731
"1126",22,11754530,1683,11756213,3534,11759747
"1127",22,11761380,2700,11764080,2518,11766598
"1128",22,11786063,1734,11787797,3484,11791281
"1129",22,11799914,966,11800880,4252,11805132
"1130",22,11814814,3433,11818247,1785,11820032
"1131",22,11828514,2434,11830948,2784,11833732
"1132",22,11835364,7267,11842631,1017,11843648
"1133",22,11852931,3934,11856865,1284,11858149
"1134",22,11884598,1817,11886415,3401,11889816
"1135",22,11935366,1533,11936899,3684,11940583
"1136",22,11949082,2167,11951249,3051,11954300
"1137",22,11962816,3200,11966016,2018,11968034
"1138",22,11969716,1384,11971100,3834,11974934
"1139",22,11976566,2134,11978700,3084,11981784
"1140",22,11997583,1167,11998750,4051,12002801
"1141",22,12018300,1700,12020000,3518,12023518
"1142",22,12032034,1450,12033484,3768,12037252
"1143",22,12046617,2667,12049284,2551,12051835
"1144",22,12131818,1351,12133169,3867,12137036
"1145",22,12204719,1451,12206170,3767,12209937
"1146",22,12232837,2250,12235087,2967,12238054
"1147",22,12240670,3917,12244587,1301,12245888
"1148",22,12327721,5967,12333688,1017,12334705
"1149",22,12343922,1333,12345255,3885,12349140
"1150",22,12350772,1367,12352139,3851,12355990
"1151",22,12358038,3484,12361522,1734,12363256
"1152",22,12466723,834,12467557,4384,12471941
"1153",22,12504657,1634,12506291,3584,12509875
"1154",22,12511524,1317,12512841,3901,12516742
"1155",22,12518974,1534,12520508,3684,12524192
"1156",22,12540991,1734,12542725,3484,12546209
"1157",22,12547841,1651,12549492,3567,12553059
"1158",22,12604809,1317,12606126,3901,12610027
"1159",22,12632293,750,12633043,4467,12637510
"1160",22,12704060,1334,12705394,3884,12709278
"1161",22,12724561,1500,12726061,3717,12729778
"1162",22,12745478,1950,12747428,3267,12750695
"1163",22,12801329,1016,12802345,4201,12806546
"1164",22,12823779,1200,12824979,4018,12828997
"1165",22,12874830,1283,12876113,3934,12880047
"1166",22,12909813,3601,12913414,1617,12915031
"1167",22,12916680,4400,12921080,1017,12922097
"1168",22,13045132,1200,13046332,4018,13050350
"1169",22,13054182,1150,13055332,4068,13059400
"1170",22,13074733,1400,13076133,3818,13079951
"1171",22,13088699,2151,13090850,3067,13093917
"1172",23,14925944,2367,14928311,2851,14931162
"1173",23,15017328,2151,15019479,3067,15022546
"1174",23,15052546,2967,15055513,2251,15057764
"1175",23,15156064,1783,15157847,3435,15161282
"1176",23,15197481,4617,15202098,1017,15203115
"1177",23,15239298,1067,15240365,4151,15244516
"1178",23,15253015,1534,15254549,3684,15258233
"1179",23,15266682,1751,15268433,3467,15271900
"1180",23,15308300,2016,15310316,3201,15313517
"1181",23,15370134,1150,15371284,4067,15375351
"1182",23,15447452,1316,15448768,3902,15452670
"1183",23,15481769,2283,15484052,2935,15486987
"1184",23,15551420,1683,15553103,3535,15556638
"1185",23,15599371,2166,15601537,3051,15604588
"1186",23,15682822,2217,15685039,3001,15688040
"1187",23,15738656,1817,15740473,3401,15743874
"1188",23,15801574,733,15802307,4485,15806792
"1189",23,15970293,933,15971226,4285,15975511
"1190",23,16025127,967,16026094,4251,16030345
"1191",23,16073111,650,16073761,4568,16078329
"1192",23,16153212,1084,16154296,4134,16158430
"1193",23,16174096,850,16174946,4368,16179314
"1194",23,16201946,1401,16203347,3817,16207164
"1195",23,16229313,834,16230147,4384,16234531
"1196",23,16236180,884,16237064,4334,16241398
"1197",23,16256731,966,16257697,4252,16261949
"1198",23,16277347,1667,16279014,3551,16282565
"1199",24,18834503,4500,18839003,1017,18840020
"1200",24,18896587,5350,18901937,1017,18902954
"1201",24,18904587,3050,18907637,2168,18909805
"1202",24,18911454,3317,18914771,1901,18916672
"1203",24,18932021,1533,18933554,3685,18937239
"1204",24,18980055,1867,18981922,3351,18985273
"1205",24,19014289,1733,19016022,3485,19019507
"1206",24,19080256,2284,19082540,2934,19085474
"1207",24,19100807,4983,19105790,1017,19106807
"1208",24,19116257,3917,19120174,1301,19121475
"1209",24,19133440,2918,19136358,2300,19138658
"1210",24,19163324,3067,19166391,2151,19168542
"1211",24,19177025,3850,19180875,1367,19182242
"1212",24,19212258,1501,19213759,3717,19217476
"1213",24,19241109,2317,19243426,2901,19246327
"1214",24,19254959,4434,19259393,1016,19260409
"1215",24,19277193,3300,19280493,1918,19282411
"1216",24,19297843,1784,19299627,3434,19303061
"1217",24,19311743,1200,19312943,4018,19316961
"1218",24,19332393,3284,19335677,1934,19337611
"1219",24,19375611,1850,19377461,3368,19380829
"1220",24,19390294,2451,19392745,2767,19395512
"1221",24,19397161,3300,19400461,1918,19402379
"1222",24,19418062,4683,19422745,1017,19423762
"1223",24,19425512,2483,19427995,2735,19430730
"1224",24,19432379,1283,19433662,3934,19437596
"1225",24,19468479,1034,19469513,4184,19473697
"1226",24,19489213,2733,19491946,2484,19494430
"1227",24,19540330,2534,19542864,2684,19545548
"1228",24,19574797,2250,19577047,2968,19580015
"1229",24,19581647,2534,19584181,2684,19586865
"1230",24,19602381,1634,19604015,3584,19607599
"1231",24,19647398,2101,19649499,3117,19652616
"1232",24,19695016,2533,19697549,2685,19700234
"1233",24,19704116,1783,19705899,3435,19709334
"1234",24,19719033,1033,19720066,4185,19724251
"1235",24,19749483,2067,19751550,3151,19754701
"1236",24,19778167,3483,19781650,1735,19783385
"1237",24,19799267,1267,19800534,3951,19804485
"1238",24,19836201,2901,19839102,2317,19841419
"1239",24,19865002,1050,19866052,4168,19870220
"1240",24,19896769,1467,19898236,3751,19901987
"1241",24,19903636,3317,19906953,1901,19908854
"1242",24,19996904,950,19997854,4268,20002122
"1243",24,20021671,2033,20023704,3185,20026889
"1244",24,20057338,3050,20060388,2168,20062556
"1245",24,20071138,1400,20072538,3818,20076356
"1246",24,20102239,1367,20103606,3851,20107457
"1247",24,20117889,1517,20119406,3701,20123107
"1248",24,20129756,700,20130456,4518,20134974
"1249",24,20143473,2383,20145856,2835,20148691
"1250",24,20157173,1350,20158523,3868,20162391
"1251",24,20191207,1617,20192824,3601,20196425
"1252",24,20198607,1300,20199907,3918,20203825
"1253",24,20212824,2517,20215341,2701,20218042
"1254",24,20226557,1234,20227791,3984,20231775
"1255",24,20241557,4551,20246108,1016,20247124
"1256",24,20255624,2017,20257641,3201,20260842
"1257",24,20286208,3384,20289592,1834,20291426
"1258",25,22768830,3250,22772080,1967,22774047
"1259",25,22775663,1400,22777063,3818,22780881
"1260",25,22789797,2350,22792147,2868,22795015
"1261",25,22817630,3267,22820897,1951,22822848
"1262",25,22825030,4234,22829264,1017,22830281
"1263",25,22831897,5601,22837498,1016,22838514
"1264",25,22882298,4217,22886515,1017,22887532
"1265",25,22937549,2350,22939899,2868,22942767
"1266",25,22944716,3767,22948483,1450,22949933
"1267",25,22965583,2500,22968083,2718,22970801
"1268",25,22987166,1817,22988983,3401,22992384
"1269",25,23009600,1467,23011067,3751,23014818
"1270",25,23016667,2217,23018884,3001,23021885
"1271",25,23038134,3200,23041334,2018,23043352
"1272",25,23044967,2434,23047401,2784,23050185
"1273",25,23080084,1234,23081318,3984,23085302
"1274",25,23086951,1484,23088435,3734,23092169
"1275",25,23161036,4633,23165669,1017,23166686
"1276",25,23214370,1667,23216037,3551,23219588
"1277",25,23252737,1184,23253921,4034,23257955
"1278",25,23259837,1367,23261204,3851,23265055
"1279",25,23320021,2184,23322205,3034,23325239
"1280",25,23335355,2067,23337422,3151,23340573
"1281",25,23362155,2151,23364306,3067,23367373
"1282",25,23396239,1217,23397456,4001,23401457
"1283",25,23464040,3417,23467457,1801,23469258
"1284",25,23486774,2300,23489074,2918,23491992
"1285",25,23493807,3734,23497541,1484,23499025
"1286",25,23509841,6617,23516458,1017,23517475
"1287",25,23522225,2666,23524891,2552,23527443
"1288",25,23529275,1767,23531042,3451,23534493
"1289",25,23586459,1583,23588042,3635,23591677
"1290",25,23652910,2300,23655210,2918,23658128
"1291",25,23660210,1150,23661360,4068,23665428
"1292",25,23706144,4200,23710344,1018,23711362
"1293",25,23793929,1017,23794946,4201,23799147
"1294",25,23800912,1817,23802729,3401,23806130
"1295",25,23836196,1834,23838030,3384,23841414
"1296",25,23843063,4133,23847196,1085,23848281
"1297",25,23867013,2417,23869430,2801,23872231
"1298",25,23873880,3000,23876880,2218,23879098
"1299",25,23930131,2583,23932714,2635,23935349
"1300",25,23964731,3051,23967782,2167,23969949
"1301",25,23986865,2951,23989816,2267,23992083
"1302",25,24016532,2384,24018916,2834,24021750
"1303",25,24024782,1301,24026083,3917,24030000
"1304",25,24058066,2167,24060233,3051,24063284
"1305",25,24072200,1517,24073717,3701,24077418
"1306",25,24080783,3034,24083817,2184,24086001
"1307",25,24132667,1551,24134218,3667,24137885
"1308",25,24146818,2033,24148851,3185,24152036
"1309",25,24168051,2384,24170435,2834,24173269
"1310",25,24203068,1551,24204619,3667,24208286
"1311",25,24210752,3234,24213986,1984,24215970
"1312",26,4326788,1600,4328388,3617,4332005
"1313",26,4354854,2001,4356855,3217,4360072
"1314",26,4361721,1950,4363671,3268,4366939
"1315",26,4377505,1283,4378788,3935,4382723
"1316",26,4435522,1700,4437222,3518,4440740
"1317",26,4449206,4783,4453989,1017,4455006
"1318",26,4470356,1417,4471773,3801,4475574
"1319",26,4484090,1216,4485306,4001,4489307
"1320",26,4525890,1300,4527190,3918,4531108
"1321",26,4546474,2183,4548657,3035,4551692
"1322",26,4575241,2617,4577858,2601,4580459
"1323",26,4625158,1017,4626175,4201,4630376
"1324",26,4638842,1400,4640242,3818,4644060
"1325",26,4660492,2950,4663442,2268,4665710
"1326",26,4667342,2067,4669409,3151,4672560
"1327",26,4687876,1500,4689376,3718,4693094
"1328",26,4724076,900,4724976,4318,4729294
"1329",26,4745210,1767,4746977,3451,4750428
"1330",26,4758927,2350,4761277,2868,4764145
"1331",26,4765760,2417,4768177,2801,4770978
"1332",26,4772610,2267,4774877,2951,4777828
"1333",26,4779477,917,4780394,4301,4784695
"1334",26,4814461,2250,4816711,2968,4819679
"1335",26,4870945,4533,4875478,1017,4876495
"1336",26,4893929,2500,4896429,2717,4899146
"1337",26,4947662,1534,4949196,3685,4952881
"1338",26,4996247,1916,4998163,3302,5001465
"1339",26,5003113,934,5004047,4284,5008331
"1340",26,5017330,1117,5018447,4101,5022548
"1341",26,5037930,1784,5039714,3434,5043148
"1342",26,5045181,5167,5050348,1016,5051364
"1343",26,5087248,1683,5088931,3535,5092466
"1344",26,5094615,1367,5095982,3850,5099832
"1345",26,5122982,1616,5124598,3602,5128200
"1346",26,5158099,1317,5159416,3901,5163317
"1347",26,5172432,2050,5174482,3168,5177650
"1348",26,5231150,1333,5232483,3885,5236368
"1349",26,5304084,2484,5306568,2734,5309302
"1350",26,5325184,2501,5327685,2717,5330402
"1351",26,5338901,1084,5339985,4134,5344119
"1352",26,5359452,1533,5360985,3684,5364669
"1353",26,5366318,1317,5367635,3901,5371536
"1354",26,5373185,817,5374002,4401,5378403
"1355",26,5380668,1584,5382252,3634,5385886
"1356",26,5430636,1883,5432519,3335,5435854
"1357",26,5445036,2667,5447703,2551,5450254
"1358",26,5458703,1483,5460186,3735,5463921
"1359",26,5472403,2134,5474537,3084,5477621
"1360",26,5479270,1033,5480303,4185,5484488
"1361",26,5486137,1783,5487920,3435,5491355
"1362",26,5534287,1717,5536004,3501,5539505
"1363",26,5569171,1200,5570371,4018,5574389
"1364",26,5576021,2217,5578238,3001,5581239
"1365",26,5582888,950,5583838,4268,5588106
"1366",26,5589755,1333,5591088,3885,5594973
"1367",26,5624039,1800,5625839,3417,5629256
"1368",26,5644622,1200,5645822,4018,5649840
"1369",26,5651456,2733,5654189,2485,5656674
"1370",26,5672122,1651,5673773,3567,5677340
"1371",27,7657283,2367,7659650,2852,7662502
"1372",27,7687101,1333,7688434,3885,7692319
"1373",27,7694501,1817,7696318,3401,7699719
"1374",27,7715068,833,7715901,4385,7720286
"1375",27,7751352,1416,7752768,3801,7756569
"1376",27,7759535,1217,7760752,4001,7764753
"1377",27,7814519,1434,7815953,3784,7819737
"1378",27,7849420,1133,7850553,4085,7854638
"1379",27,7856286,2084,7858370,3134,7861504
"1380",27,7865986,1367,7867353,3851,7871204
"1381",27,7912120,1667,7913787,3551,7917338
"1382",27,7947054,3700,7950754,1518,7952272
"1383",27,8010572,1000,8011572,4218,8015790
"1384",27,8024305,3051,8027356,2167,8029523
"1385",27,8031155,2684,8033839,2534,8036373
"1386",27,8068373,1233,8069606,3985,8073591
"1387",27,8095773,2867,8098640,2351,8100991
"1388",27,8110557,1266,8111823,3952,8115775
"1389",27,8117524,1216,8118740,4001,8122741
"1390",27,8124390,850,8125240,4368,8129608
"1391",27,8131257,950,8132207,4268,8136475
"1392",27,8159524,1217,8160741,4001,8164742
"1393",27,8248142,850,8248992,4368,8253360
"1394",27,8255142,1267,8256409,3951,8260360
"1395",27,8268826,1100,8269926,4117,8274043
"1396",27,8289359,1034,8290393,4184,8294577
"1397",27,8297293,1450,8298743,3768,8302511
"1398",27,8317876,1200,8319076,4018,8323094
"1399",27,8324743,1100,8325843,4118,8329961
"1400",27,8338443,2051,8340494,3167,8343661
"1401",27,8346360,1517,8347877,3701,8351578
"1402",27,8353810,1534,8355344,3684,8359028
"1403",27,8383994,3033,8387027,2185,8389212
"1404",27,8405977,867,8406844,4351,8411195
"1405",27,8429928,1467,8431395,3751,8435146
"1406",27,8443611,1601,8445212,3617,8448829
"1407",27,8457362,2483,8459845,2734,8462579
"1408",27,8464212,4450,8468662,1017,8469679
"1409",27,8498062,800,8498862,4418,8503280
"1410",27,8547530,1266,8548796,3951,8552747
"1411",27,8561230,700,8561930,4518,8566448
"1412",27,8588697,933,8589630,4285,8593915
"1413",27,8603797,2333,8606130,2885,8609015
"1414",27,8611714,1700,8613414,3518,8616932
"1415",27,8632881,1533,8634414,3685,8638099
"1416",27,8646848,1600,8648448,3618,8652066
"1417",27,8683381,1217,8684598,4001,8688599
"1418",27,8697082,1300,8698382,3918,8702300
"1419",27,8704015,1334,8705349,3884,8709233
"1420",27,8769199,1234,8770433,3984,8774417
"1421",27,8796900,1233,8798133,3985,8802118
"1422",27,8870034,850,8870884,4368,8875252
"1423",27,8876918,1283,8878201,3935,8882136
"1424",27,8890618,1983,8892601,3235,8895836
"1425",27,8946485,851,8947336,4367,8951703
"1426",27,8991903,1283,8993186,3935,8997121
"1427",27,8998919,1234,9000153,3984,9004137
"1428",27,9023236,801,9024037,4417,9028454
"1429",27,9030553,1267,9031820,3951,9035771
"1430",27,9052137,750,9052887,4468,9057355
"1431",27,9067137,1100,9068237,4118,9072355
"1432",28,11094466,3617,11098083,1601,11099684
"1433",28,11191467,4117,11195584,1101,11196685
"1434",28,11205601,1684,11207285,3534,11210819
"1435",28,11219318,2850,11222168,2368,11224536
"1436",28,11276269,2933,11279202,2285,11281487
"1437",28,11314986,2867,11317853,2351,11320204
"1438",28,11328703,2850,11331553,2368,11333921
"1439",28,11359220,4183,11363403,1035,11364438
"1440",28,11376253,1884,11378137,3334,11381471
"1441",28,11383570,7917,11391487,1017,11392504
"1442",28,11401204,7484,11408688,1016,11409704
"1443",28,11418737,1667,11420404,3551,11423955
"1444",28,11446171,3250,11449421,1968,11451389
"1445",28,11453021,1150,11454171,4068,11458239
"1446",28,11459871,4200,11464071,1018,11465089
"1447",28,11481388,2867,11484255,2351,11486606
"1448",28,11511155,2484,11513639,2734,11516373
"1449",28,11525756,4800,11530556,1017,11531573
"1450",28,11658974,3167,11662141,2051,11664192
"1451",28,11732225,3151,11735376,2067,11737443
"1452",28,11760342,2467,11762809,2751,11765560
"1453",28,11774093,3050,11777143,2167,11779310
"1454",28,11795026,3950,11798976,1268,11800244
"1455",28,11802026,2100,11804126,3118,11807244
"1456",28,11822576,3384,11825960,1834,11827794
"1457",28,11845327,3717,11849044,1501,11850545
"1458",28,11915278,3333,11918611,1885,11920496
"1459",28,11922111,2101,11924212,3117,11927329
"1460",28,11951595,2384,11953979,2834,11956813
"1461",28,11972145,1167,11973312,4051,11977363
"1462",28,11986396,3483,11989879,1735,11991614
"1463",28,11993262,1551,11994813,3667,11998480
"1464",28,12000113,2100,12002213,3118,12005331
"1465",28,12014163,2550,12016713,2668,12019381
"1466",28,12020996,2850,12023846,2368,12026214
"1467",28,12035330,2183,12037513,3035,12040548
"1468",28,12049013,1917,12050930,3301,12054231
"1469",28,12063247,2083,12065330,3135,12068465
"1470",28,12070097,6600,12076697,1017,12077714
"1471",28,12106747,1751,12108498,3467,12111965
"1472",28,12121531,2050,12123581,3168,12126749
"1473",28,12143498,1783,12145281,3435,12148716
"1474",28,12150365,3333,12153698,1885,12155583
"1475",28,12184932,1483,12186415,3735,12190150
"1476",28,12192065,5267,12197332,1017,12198349
"1477",28,12207082,1234,12208316,3984,12212300
"1478",28,12241566,2367,12243933,2851,12246784
"1479",28,12268950,2067,12271017,3151,12274168
"1480",28,12289517,1767,12291284,3451,12294735
"1481",28,12310200,4817,12315017,1017,12316034
"1482",28,12338784,3134,12341918,2084,12344002
"1483",28,12345634,2567,12348201,2651,12350852
"1484",28,12352468,4333,12356801,1017,12357818
"1485",28,12388201,4534,12392735,1017,12393752
"1486",28,12458919,1100,12460019,4118,12464137
"1487",28,12479436,2067,12481503,3151,12484654
"1488",28,12486270,1733,12488003,3484,12491487
"1489",29,15363744,1300,15365044,3918,15368962
"1490",29,15419762,1850,15421612,3367,15424979
"1491",29,15433495,1184,15434679,4034,15438713
"1492",29,15490396,1217,15491613,4001,15495614
"1493",29,15504513,1367,15505880,3851,15509731
"1494",29,15618214,3667,15621881,1552,15623433
"1495",29,15662582,1350,15663932,3868,15667800
"1496",29,15726999,1117,15728116,4101,15732217
"1497",29,15755600,1617,15757217,3601,15760818
"1498",29,15763350,800,15764150,4418,15768568
"1499",29,15770217,1333,15771550,3885,15775435
"1500",29,15785417,1583,15787000,3635,15790635
"1501",29,15821401,1150,15822551,4068,15826619
"1502",29,15937036,983,15938019,4235,15942254
"1503",29,16005387,1183,16006570,4035,16010605
"1504",29,16019654,1167,16020821,4051,16024872
"1505",29,16033454,967,16034421,4251,16038672
"1506",29,16054671,1267,16055938,3951,16059889
"1507",29,16082521,1534,16084055,3684,16087739
"1508",29,16123872,1333,16125205,3885,16129090
"1509",29,16153222,1484,16154706,3734,16158440
"1510",29,16167506,1217,16168723,4001,16172724
"1511",29,16175023,1766,16176789,3451,16180240
"1512",29,16182756,1167,16183923,4051,16187974
"1513",29,16190173,967,16191140,4250,16195390
"1514",29,16197023,767,16197790,4451,16202241
"1515",29,16211773,1084,16212857,4134,16216991
"1516",29,16233657,2467,16236124,2751,16238875
"1517",29,16283708,1116,16284824,4101,16288925
"1518",29,16297941,1184,16299125,4034,16303159
"1519",29,16312991,1167,16314158,4051,16318209
"1520",29,16341692,1233,16342925,3985,16346910
"1521",29,16355858,1384,16357242,3834,16361076
"1522",29,16407276,1333,16408609,3885,16412494
"1523",29,16543028,1450,16544478,3768,16548246
"1524",29,16564028,1200,16565228,4018,16569246
"1525",29,16570878,1484,16572362,3734,16576096
"1526",29,16577745,1467,16579212,3751,16582963
"1527",29,16647863,1367,16649230,3851,16653081
"1528",29,16665580,1417,16666997,3801,16670798
"1529",29,16679780,1600,16681380,3618,16684998
"1530",29,16687130,933,16688063,4285,16692348
"1531",29,16708147,1067,16709214,4151,16713365
"1532",29,16722631,1783,16724414,3434,16727848
"1533",29,16745414,1567,16746981,3651,16750632
"1534",30,19249151,3183,19252334,2035,19254369
"1535",30,19256018,1233,19257251,3984,19261235
"1536",30,19262851,3434,19266285,1784,19268069
"1537",30,19312285,1050,19313335,4168,19317503
"1538",30,19328185,1417,19329602,3801,19333403
"1539",30,19409970,1817,19411787,3401,19415188
"1540",30,19446154,2150,19448304,3068,19451372
"1541",30,19453137,5350,19458487,1017,19459504
"1542",30,19476904,1200,19478104,4018,19482122
"1543",30,19504238,3367,19507605,1851,19509456
"1544",30,19540172,1983,19542155,3235,19545390
"1545",30,19559672,2484,19562156,2734,19564890
"1546",30,19583989,1767,19585756,3451,19589207
"1547",30,19592739,5601,19598340,1016,19599356
"1548",30,19621640,1900,19623540,3318,19626858
"1549",30,19628506,4201,19632707,1017,19633724
"1550",30,19637357,3316,19640673,1902,19642575
"1551",30,19665274,1533,19666807,3684,19670491
"1552",30,19686507,1284,19687791,3934,19691725
"1553",30,19693857,3501,19697358,1717,19699075
"1554",30,19809642,5384,19815026,1017,19816043
"1555",30,19821859,1634,19823493,3584,19827077
"1556",30,19828709,4234,19832943,1017,19833960
"1557",30,19845493,1100,19846593,4118,19850711
"1558",30,19865710,7700,19873410,1017,19874427
"1559",30,19917477,1417,19918894,3801,19922695
"1560",30,19945344,1434,19946778,3784,19950562
"1561",30,19960478,2200,19962678,3018,19965696
"1562",30,19977262,4350,19981612,1016,19982628
"1563",30,19984462,1900,19986362,3318,19989680
"1564",30,20041596,2983,20044579,2235,20046814
"1565",30,20256949,1783,20258732,3435,20262167
"1566",30,20343917,1017,20344934,4201,20349135
"1567",30,20350967,1267,20352234,3951,20356185
"1568",30,20428318,1067,20429385,4151,20433536
"1569",30,20435185,867,20436052,4351,20440403
"1570",30,20462785,1251,20464036,3967,20468003
"1571",30,20499986,1634,20501620,3584,20505204
"1572",30,20521120,5316,20526436,1017,20527453
"1573",30,20529253,933,20530186,4285,20534471
"1574",30,20608338,2216,20610554,3002,20613556
"1575",30,20629488,1250,20630738,3968,20634706
"1576",30,20643271,2151,20645422,3067,20648489
"1577",30,20671222,1434,20672656,3784,20676440
"1578",30,20715456,1850,20717306,3368,20720674
"1579",30,20745590,3300,20748890,1918,20750808
"1580",30,20768707,983,20769690,4235,20773925
"1581",30,20803207,2467,20805674,2751,20808425
"1582",30,20810074,1483,20811557,3735,20815292
"1583",30,20824474,1967,20826441,3251,20829692
"1584",30,20831358,1400,20832758,3817,20836575
"1585",30,20838224,5417,20843641,1017,20844658
"1586",30,20876741,1184,20877925,4034,20881959
"1587",30,20889992,2167,20892159,3051,20895210
"1588",30,20897142,1317,20898459,3901,20902360
"1589",30,21044977,1534,21046511,3684,21050195
"1590",31,2095257,1282,2096539,3936,2100475
"1591",31,2130322,1584,2131906,3634,2135540
"1592",31,2144039,2950,2146989,2268,2149257
"1593",31,2158356,1383,2159739,3835,2163574
"1594",31,2165223,2100,2167323,3117,2170440
"1595",31,2186406,3450,2189856,1768,2191624
"1596",31,2193256,1967,2195223,3251,2198474
"1597",31,2207773,1500,2209273,3718,2212991
"1598",31,2214723,2034,2216757,3184,2219941
"1599",31,2279108,1500,2280608,3717,2284325
"1600",31,2337425,1000,2338425,4218,2342643
"1601",31,2374425,1217,2375642,4001,2379643
"1602",31,2424993,3300,2428293,1918,2430211
"1603",31,2432776,1284,2434060,3934,2437994
"1604",31,2440643,1650,2442293,3568,2445861
"1605",31,2447493,2750,2450243,2468,2452711
"1606",31,2483544,2533,2486077,2685,2488762
"1607",31,2521444,900,2522344,4318,2526662
"1608",31,2543195,1116,2544311,4101,2548412
"1609",31,2551028,1817,2552845,3401,2556246
"1610",31,2558828,900,2559728,4318,2564046
"1611",31,2580212,1450,2581662,3768,2585430
"1612",31,2605479,3683,2609162,1535,2610697
"1613",31,2621862,3534,2625396,1684,2627080
"1614",31,2703513,3651,2707164,1567,2708731
"1615",31,2746314,1483,2747797,3735,2751532
"1616",31,2781964,2667,2784631,2551,2787182
"1617",31,2862082,1551,2863633,3667,2867300
"1618",31,2876966,2133,2879099,3085,2882184
"1619",31,2913083,2717,2915800,2501,2918301
"1620",31,2927433,2184,2929617,3034,2932651
"1621",31,2941767,2867,2944634,2351,2946985
"1622",31,2964684,1383,2966067,3835,2969902
"1623",31,2978401,1616,2980017,3601,2983618
"1624",31,3028685,1700,3030385,3518,3033903
"1625",31,3036168,2634,3038802,2584,3041386
"1626",31,3056752,1050,3057802,4168,3061970
"1627",31,3064952,3783,3068735,1435,3070170
"1628",31,3073002,2934,3075936,2284,3078220
"1629",31,3086935,1934,3088869,3284,3092153
"1630",31,3117353,1867,3119220,3350,3122570
"1631",31,3137919,1334,3139253,3885,3143138
"1632",31,3153570,1883,3155453,3335,3158788
"1633",31,3175170,3434,3178604,1784,3180388
"1634",31,3217821,1333,3219154,3885,3223039
"1635",31,3232138,1550,3233688,3667,3237355
"1636",31,3238988,1416,3240404,3802,3244206
"1637",31,3297372,2817,3300189,2401,3302590
"1638",31,3333122,984,3334106,4234,3338340
"1639",31,3354606,1450,3356056,3768,3359824
"1640",31,3382823,2800,3385623,2418,3388041
"1641",31,3392257,2116,3394373,3102,3397475
"1642",31,3406957,3400,3410357,1818,3412175
"1643",31,3428807,2267,3431074,2951,3434025
"1644",31,3444607,1834,3446441,3384,3449825
"1645",31,3480291,2650,3482941,2568,3485509
"1646",31,3487874,1884,3489758,3334,3493092
"1647",31,3495625,1283,3496908,3935,3500843
"1648",32,5072747,3184,5075931,2034,5077965
"1649",32,5107481,967,5108448,4251,5112699
"1650",32,5130382,1566,5131948,3652,5135600
"1651",32,5156265,1234,5157499,3984,5161483
"1652",32,5223600,1767,5225367,3450,5228817
"1653",32,5281867,1234,5283101,3984,5287085
"1654",32,5288934,933,5289867,4285,5294152
"1655",32,5395169,1267,5396436,3951,5400387
"1656",32,5402785,1767,5404552,3451,5408003
"1657",32,5443886,1200,5445086,4018,5449104
"1658",32,5457603,3367,5460970,1851,5462821
"1659",32,5464653,1334,5465987,3884,5469871
"1660",32,5478353,2634,5480987,2584,5483571
"1661",32,5507237,2484,5509721,2734,5512455
"1662",32,5514087,1450,5515537,3768,5519305
"1663",32,5549021,1050,5550071,4168,5554239
"1664",32,5555888,1717,5557605,3501,5561106
"1665",32,5586955,1733,5588688,3485,5592173
"1666",32,5593805,3700,5597505,1518,5599023
"1667",32,5600672,2400,5603072,2818,5605890
"1668",32,5615905,1600,5617505,3618,5621123
"1669",32,5629589,1717,5631306,3501,5634807
"1670",32,5699956,1051,5701007,4168,5705175
"1671",32,5720557,1717,5722274,3501,5725775
"1672",32,5777541,1084,5778625,4134,5782759
"1673",32,5791258,3850,5795108,1368,5796476
"1674",32,5805258,817,5806075,4401,5810476
"1675",32,5870642,1151,5871793,4067,5875860
"1676",32,5877493,2316,5879809,2901,5882710
"1677",32,5898209,2001,5900210,3217,5903427
"1678",32,5912176,1351,5913527,3867,5917394
"1679",32,5919010,1750,5920760,3468,5924228
"1680",32,5941577,3400,5944977,1818,5946795
"1681",32,5962127,1650,5963777,3568,5967345
"1682",32,5968994,2283,5971277,2935,5974212
"1683",32,6017745,1183,6018928,4035,6022963
"1684",32,6041478,1117,6042595,4101,6046696
"1685",32,6062562,2317,6064879,2901,6067780
"1686",32,6076262,1634,6077896,3584,6081480
"1687",32,6108479,1367,6109846,3851,6113697
"1688",32,6122413,1417,6123830,3801,6127631
"1689",32,6129263,1283,6130546,3935,6134481
"1690",32,6152663,700,6153363,4518,6157881
"1691",32,6166363,1701,6168064,3517,6171581
"1692",32,6187697,1400,6189097,3818,6192915
"1693",32,6208664,1384,6210048,3834,6213882
"1694",32,6223031,1700,6224731,3518,6228249
"1695",32,6239264,3734,6242998,1484,6244482
"1696",32,6255998,1400,6257398,3818,6261216
"1697",32,6276582,2100,6278682,3118,6281800
"1698",32,6297815,1084,6298899,4134,6303033
"1699",32,6304682,1250,6305932,3968,6309900
"1700",32,6349583,3000,6352583,2218,6354801
"1701",32,6356700,1783,6358483,3435,6361918
"1702",32,6421467,1767,6423234,3451,6426685
"1703",33,18701263,2100,18703363,3118,18706481
"1704",33,18708113,2117,18710230,3101,18713331
"1705",33,18716080,1767,18717847,3451,18721298
"1706",33,18724013,2817,18726830,2401,18729231
"1707",33,18732380,1550,18733930,3668,18737598
"1708",33,18760114,1633,18761747,3585,18765332
"1709",33,18775297,3051,18778348,2167,18780515
"1710",33,18818981,1867,18820848,3351,18824199
"1711",33,18826848,4784,18831632,1016,18832648
"1712",33,18838181,2018,18840199,3200,18843399
"1713",33,18847448,1351,18848799,3867,18852666
"1714",33,18857349,1316,18858665,3902,18862567
"1715",33,18938950,1183,18940133,4035,18944168
"1716",33,18964867,1233,18966100,3985,18970085
"1717",33,19006101,1750,19007851,3468,19011319
"1718",33,19023034,1201,19024235,4017,19028252
"1719",33,19081535,2134,19083669,3084,19086753
"1720",33,19089352,1183,19090535,4035,19094570
"1721",33,19143669,1484,19145153,3734,19148887
"1722",33,19173136,2017,19175153,3201,19178354
"1723",33,19249254,4117,19253371,1101,19254472
"1724",33,19303438,1867,19305305,3351,19308656
"1725",33,19310288,2317,19312605,2901,19315506
"1726",33,19340456,1900,19342356,3318,19345674
"1727",33,19355972,1684,19357656,3534,19361190
"1728",33,19362822,1534,19364356,3684,19368040
"1729",33,19400123,1367,19401490,3851,19405341
"1730",33,19438107,1334,19439441,3884,19443325
"1731",33,19468507,1701,19470208,3517,19473725
"1732",33,19502158,1400,19503558,3818,19507376
"1733",33,19548175,3784,19551959,1434,19553393
"1734",33,19585859,1100,19586959,4118,19591077
"1735",33,19603926,1817,19605743,3401,19609144
"1736",33,19664260,1334,19665594,3884,19669478
"1737",33,19686511,2183,19688694,3034,19691728
"1738",33,19694711,1250,19695961,3968,19699929
"1739",33,19733845,1300,19735145,3918,19739063
"1740",33,19741278,1934,19743212,3284,19746496
"1741",33,19748978,1467,19750445,3751,19754196
"1742",33,19781512,2284,19783796,2934,19786730
"1743",33,19887730,1100,19888830,4118,19892948
"1744",33,19895347,1350,19896697,3868,19900565
"1745",33,19953798,1617,19955415,3601,19959016
"1746",33,20020099,3017,20023116,2201,20025317
"1747",33,20027766,1800,20029566,3418,20032984
"1748",33,20095183,1650,20096833,3568,20100401
"1749",33,20201201,1501,20202702,3718,20206420
"1750",33,20242652,3067,20245719,2151,20247870
"1751",33,20257619,2317,20259936,2901,20262837
"1752",34,22180764,1267,22182031,3951,22185982
"1753",34,22244365,2000,22246365,3218,22249583
"1754",34,22292332,1234,22293566,3984,22297550
"1755",34,22299199,1684,22300883,3534,22304417
"1756",34,22374600,1200,22375800,4018,22379818
"1757",34,22388884,1450,22390334,3768,22394102
"1758",34,22409451,1550,22411001,3668,22414669
"1759",34,22416318,1816,22418134,3402,22421536
"1760",34,22430184,1317,22431501,3901,22435402
"1761",34,22491869,1750,22493619,3468,22497087
"1762",34,22506202,2300,22508502,2918,22511420
"1763",34,22547936,1917,22549853,3301,22553154
"1764",34,22561636,1334,22562970,3884,22566854
"1765",34,22568503,1267,22569770,3951,22573721
"1766",34,22591353,1284,22592637,3934,22596571
"1767",34,22605637,933,22606570,4285,22610855
"1768",34,22627687,1450,22629137,3768,22632905
"1769",34,22641388,1300,22642688,3918,22646606
"1770",34,22648238,816,22649054,4401,22653455
"1771",34,22698705,1234,22699939,3984,22703923
"1772",34,22713055,817,22713872,4401,22718273
"1773",34,22719905,1401,22721306,3817,22725123
"1774",34,22821090,767,22821857,4451,22826308
"1775",34,22834840,1267,22836107,3951,22840058
"1776",34,22878408,1050,22879458,4168,22883626
"1777",34,22914808,1600,22916408,3618,22920026
"1778",34,22937625,1484,22939109,3734,22942843
"1779",34,22952426,1216,22953642,4001,22957643
"1780",34,22966442,1684,22968126,3534,22971660
"1781",34,22973276,983,22974259,4235,22978494
"1782",34,23030310,634,23030944,4584,23035528
"1783",34,23045060,1250,23046310,3968,23050278
"1784",34,23072861,967,23073828,4251,23078079
"1785",34,23110344,918,23111262,4300,23115562
"1786",34,23117761,884,23118645,4334,23122979
"1787",34,23141228,667,23141895,4551,23146446
"1788",34,23155645,1234,23156879,3984,23160863
"1789",34,23169345,1367,23170712,3851,23174563
"1790",34,23176196,1216,23177412,4002,23181414
"1791",34,23221113,1950,23223063,3268,23226331
"1792",34,23243380,1417,23244797,3801,23248598
"1793",34,23257080,867,23257947,4351,23262298
"1794",34,23264497,817,23265314,4401,23269715
"1795",34,23286731,1350,23288081,3868,23291949
"1796",34,23294197,1284,23295481,3934,23299415
"1797",34,23345415,950,23346365,4268,23350633
"1798",34,23381499,733,23382232,4484,23386716
"1799",34,23396465,1034,23397499,4184,23401683
"1800",34,23417232,734,23417966,4485,23422451
"1801",34,23439316,1050,23440366,4168,23444534
"1802",34,23453666,1101,23454767,4117,23458884
"1803",34,23488883,1101,23489984,4117,23494101
"1804",34,23511751,516,23512267,4702,23516969
"1805",34,23525434,517,23525951,4701,23530652
"1806",35,25668333,1517,25669850,3701,25673551
"1807",35,25704567,5033,25709600,1017,25710617
"1808",35,25726100,3201,25729301,2017,25731318
"1809",35,25733167,3417,25736584,1801,25738385
"1810",35,25740034,1933,25741967,3285,25745252
"1811",35,25746884,2400,25749284,2818,25752102
"1812",35,25753751,2717,25756468,2501,25758969
"1813",35,25767918,7100,25775018,1017,25776035
"1814",35,25777668,2517,25780185,2701,25782886
"1815",35,25784585,2666,25787251,2552,25789803
"1816",35,25887969,3034,25891003,2184,25893187
"1817",35,25923353,2534,25925887,2684,25928571
"1818",35,25930770,5734,25936504,1016,25937520
"1819",35,25939170,1750,25940920,3468,25944388
"1820",35,25984554,3517,25988071,1701,25989772
"1821",35,25991454,3151,25994605,2067,25996672
"1822",35,26005471,3701,26009172,1517,26010689
"1823",35,26026455,2767,26029222,2451,26031673
"1824",35,26047005,3034,26050039,2184,26052223
"1825",35,26102306,1117,26103423,4101,26107524
"1826",35,26116006,4067,26120073,1151,26121224
"1827",35,26146240,3167,26149407,2051,26151458
"1828",35,26168557,3267,26171824,1951,26173775
"1829",35,26189091,6300,26195391,1017,26196408
"1830",35,26207141,1867,26209008,3351,26212359
"1831",35,26256025,3017,26259042,2201,26261243
"1832",35,26333426,2667,26336093,2551,26338644
"1833",35,26341176,2967,26344143,2251,26346394
"1834",35,26354877,1833,26356710,3385,26360095
"1835",35,26415327,1734,26417061,3484,26420545
"1836",35,26429194,3534,26432728,1684,26434412
"1837",35,26462045,1233,26463278,3985,26467263
"1838",35,26496795,1567,26498362,3651,26502013
"1839",35,26504312,2334,26506646,2884,26509530
"1840",35,26526146,4734,26530880,1016,26531896
"1841",35,26579663,2750,26582413,2468,26584881
"1842",35,26594864,2083,26596947,3135,26600082
"1843",35,26664865,1366,26666231,3851,26670082
"1844",35,26708782,4350,26713132,1017,26714149
"1845",35,26715782,1867,26717649,3351,26721000
"1846",35,26751616,1633,26753249,3585,26756834
"1847",35,26814300,1734,26816034,3484,26819518
"1848",35,26828034,1667,26829701,3551,26833252
"1849",35,26842951,6383,26849334,1017,26850351
"1850",35,26851967,3801,26855768,1417,26857185
"1851",35,26858801,1267,26860068,3951,26864019
"1852",35,26896351,2667,26899018,2551,26901569
"1853",35,26903835,1483,26905318,3735,26909053
"1854",35,26920052,2017,26922069,3201,26925270
"1855",35,26940619,1383,26942002,3835,26945837
"1856",35,26947469,1250,26948719,3968,26952687
"1857",35,26982269,3101,26985370,2117,26987487
"1858",35,27032270,1417,27033687,3801,27037488
"1859",35,27052804,3867,27056671,1351,27058022
"1860",35,27108588,2317,27110905,2901,27113806
"1861",36,7490284,1234,7491518,3984,7495502
"1862",36,7511634,1517,7513151,3701,7516852
"1863",36,7526968,1567,7528535,3651,7532186
"1864",36,7562652,1817,7564469,3401,7567870
"1865",36,7625603,1233,7626836,3985,7630821
"1866",36,7654020,1050,7655070,4168,7659238
"1867",36,7667720,1133,7668853,4085,7672938
"1868",36,7737404,2767,7740171,2451,7742622
"1869",36,7744421,1350,7745771,3868,7749639
"1870",36,7765238,2167,7767405,3051,7770456
"1871",36,7772088,1234,7773322,3984,7777306
"1872",36,7792905,2317,7795222,2901,7798123
"1873",36,7806605,1317,7807922,3901,7811823
"1874",36,7899273,1851,7901124,3367,7904491
"1875",36,7934357,1384,7935741,3834,7939575
"1876",36,7982891,2434,7985325,2784,7988109
"1877",36,8017842,1767,8019609,3451,8023060
"1878",36,8032342,1484,8033826,3734,8037560
"1879",36,8046859,1467,8048326,3751,8052077
"1880",36,8060742,1851,8062593,3367,8065960
"1881",36,8068126,1584,8069710,3634,8073344
"1882",36,8104543,1334,8105877,3884,8109761
"1883",36,8112177,1350,8113527,3868,8117395
"1884",36,8133510,1634,8135144,3584,8138728
"1885",36,8169078,983,8170061,4234,8174295
"1886",36,8183528,1183,8184711,4035,8188746
"1887",36,8191195,1550,8192745,3667,8196412
"1888",36,8198061,2167,8200228,3051,8203279
"1889",36,8219095,1533,8220628,3685,8224313
"1890",36,8226512,1500,8228012,3718,8231730
"1891",36,8240229,2316,8242545,2902,8245447
"1892",36,8261129,1217,8262346,4001,8266347
"1893",36,8275079,1284,8276363,3934,8280297
"1894",36,8295863,2933,8298796,2285,8301081
"1895",36,8302879,1384,8304263,3834,8308097
"1896",36,8316596,1817,8318413,3401,8321814
"1897",36,8337197,1233,8338430,3985,8342415
"1898",36,8442448,1067,8443515,4151,8447666
"1899",36,8449315,1217,8450532,4001,8454533
"1900",36,8456215,817,8457032,4401,8461433
"1901",36,8477182,1534,8478716,3684,8482400
"1902",36,8525666,1167,8526833,4051,8530884
"1903",36,8580550,1034,8581584,4184,8585768
"1904",36,8594417,1167,8595584,4051,8599635
"1905",36,8615001,1200,8616201,4018,8620219
"1906",36,8629051,1217,8630268,4001,8634269
"1907",36,8635918,1000,8636918,4218,8641136
"1908",36,8649618,1650,8651268,3568,8654836
"1909",36,8670602,1317,8671919,3901,8675820
"1910",36,8691185,1184,8692369,4034,8696403
"1911",36,8704902,1367,8706269,3851,8710120
"1912",36,8711752,1301,8713053,3917,8716970
"1913",36,8732669,984,8733653,4234,8737887
"1914",36,8747236,1617,8748853,3601,8752454
"1915",36,8754103,983,8755086,4235,8759321
"1916",36,8775103,1667,8776770,3551,8780321
"1917",36,8788820,1450,8790270,3768,8794038
"1918",36,8844804,1667,8846471,3551,8850022
"1919",36,8851654,1434,8853088,3784,8856872
"1920",37,11773815,1417,11775232,3801,11779033
"1921",37,11794999,1800,11796799,3418,11800217
"1922",37,11815766,2384,11818150,2834,11820984
"1923",37,11843416,3667,11847083,1551,11848634
"1924",37,11872400,3584,11875984,1634,11877618
"1925",37,11879467,4034,11883501,1184,11884685
"1926",37,11893417,4467,11897884,1017,11898901
"1927",37,11922601,3150,11925751,2068,11927819
"1928",37,11944318,2567,11946885,2651,11949536
"1929",37,11951268,2984,11954252,2234,11956486
"1930",37,12061903,2400,12064303,2818,12067121
"1931",37,12174388,3250,12177638,1968,12179606
"1932",37,12181238,2467,12183705,2751,12186456
"1933",37,12208705,3817,12212522,1401,12213923
"1934",37,12222889,4450,12227339,1017,12228356
"1935",37,12243706,5533,12249239,1017,12250256
"1936",37,12255889,5101,12260990,1016,12262006
"1937",37,12306257,2783,12309040,2435,12311475
"1938",37,12313124,4150,12317274,1067,12318341
"1939",37,12357774,2267,12360041,2951,12362992
"1940",37,12414775,1834,12416609,3384,12419993
"1941",37,12435759,1717,12437476,3501,12440977
"1942",37,12449476,1617,12451093,3601,12454694
"1943",37,12456559,1150,12457709,4068,12461777
"1944",37,12477493,1417,12478910,3801,12482711
"1945",37,12484360,1300,12485660,3918,12489578
"1946",37,12504927,5217,12510144,1016,12511160
"1947",37,12617478,1467,12618945,3751,12622696
"1948",37,12692979,3634,12696613,1584,12698197
"1949",37,12713796,2134,12715930,3084,12719014
"1950",37,12763480,1651,12765131,3567,12768698
"1951",37,12791281,3017,12794298,2201,12796499
"1952",37,12798131,917,12799048,4301,12803349
"1953",37,12818698,2050,12820748,3168,12823916
"1954",37,12839298,1217,12840515,4001,12844516
"1955",37,12852999,2183,12855182,3034,12858216
"1956",37,12881699,1250,12882949,3968,12886917
"1957",37,12911000,2983,12913983,2234,12916217
"1958",37,12924716,2200,12926916,3018,12929934
"1959",37,12952133,3717,12955850,1501,12957351
"1960",37,12958984,1500,12960484,3717,12964201
"1961",37,12972717,3200,12975917,2018,12977935
"1962",37,12979567,1600,12981167,3618,12984785
"1963",37,13007334,1784,13009118,3434,13012552
"1964",37,13027901,3134,13031035,2084,13033119
"1965",37,13048485,2517,13051002,2701,13053703
"1966",37,13082819,1333,13084152,3885,13088037
"1967",37,13090186,1250,13091436,3967,13095403
"1968",37,13156020,2267,13158287,2951,13161238
"1969",37,13176604,2633,13179237,2584,13181821
"1970",38,14946414,2584,14948998,2634,14951632
"1971",38,14953248,1117,14954365,4100,14958465
"1972",38,15001848,1417,15003265,3801,15007066
"1973",38,15077666,1184,15078850,4034,15082884
"1974",38,15084516,850,15085366,4368,15089734
"1975",38,15091400,1000,15092400,4218,15096618
"1976",38,15098667,1366,15100033,3852,15103885
"1977",38,15112367,1383,15113750,3835,15117585
"1978",38,15126084,1566,15127650,3652,15131302
"1979",38,15146667,884,15147551,4334,15151885
"1980",38,15174401,1800,15176201,3418,15179619
"1981",38,15244952,1250,15246202,3968,15250170
"1982",38,15265819,1600,15267419,3618,15271037
"1983",38,15293186,717,15293903,4501,15298404
"1984",38,15336737,2717,15339454,2501,15341955
"1985",38,15343754,1600,15345354,3618,15348972
"1986",38,15364921,1216,15366137,4002,15370139
"1987",38,15371788,1000,15372788,4217,15377005
"1988",38,15407138,1283,15408421,3935,15412356
"1989",38,15414188,1500,15415688,3718,15419406
"1990",38,15421055,1633,15422688,3585,15426273
"1991",38,15434772,900,15435672,4318,15439990
"1992",38,15441639,1683,15443322,3535,15446857
"1993",38,15455339,1200,15456539,4018,15460557
"1994",38,15496489,951,15497440,4267,15501707
"1995",38,15517023,1150,15518173,4068,15522241
"1996",38,15571841,1216,15573057,4001,15577058
"1997",38,15626625,950,15627575,4268,15631843
"1998",38,15661692,1233,15662925,3985,15666910
"1999",38,15682259,933,15683192,4285,15687477
"2000",38,15702909,1451,15704360,3767,15708127
"2001",38,15716893,1167,15718060,4051,15722111
"2002",38,15751310,683,15751993,4535,15756528
"2003",38,15758160,734,15758894,4484,15763378
"2004",38,15765027,783,15765810,4435,15770245
"2005",38,15799627,1134,15800761,4084,15804845
"2006",38,15820844,2751,15823595,2467,15826062
"2007",38,15841461,1234,15842695,3984,15846679
"2008",38,15848311,1017,15849328,4202,15853530
"2009",38,15855412,1000,15856412,4218,15860630
"2010",38,15889712,2134,15891846,3084,15894930
"2011",38,15896562,884,15897446,4334,15901780
"2012",38,15930846,1350,15932196,3868,15936064
"2013",38,15937713,1033,15938746,4185,15942931
"2014",38,16034031,1917,16035948,3301,16039249
"2015",38,16126732,984,16127716,4234,16131950
"2016",38,16147300,733,16148033,4484,16152517
"2017",38,16174717,1500,16176217,3718,16179935
"2018",38,16203167,817,16203984,4401,16208385
"2019",38,16230601,1067,16231668,4151,16235819
"2020",39,6119738,2701,6122439,2517,6124956
"2021",39,6140289,4383,6144672,1017,6145689
"2022",39,6148206,4883,6153089,1017,6154106
"2023",39,6176639,6401,6183040,1016,6184056
"2024",39,6192556,3250,6195806,1968,6197774
"2025",39,6199806,4067,6203873,1151,6205024
"2026",39,6247807,6450,6254257,1017,6255274
"2027",39,6294941,3300,6298241,1918,6300159
"2028",39,6334358,7117,6341475,1017,6342492
"2029",39,6476294,2683,6478977,2535,6481512
"2030",39,6483927,3617,6487544,1601,6489145
"2031",39,6498361,2467,6500828,2751,6503579
"2032",39,6587046,2833,6589879,2385,6592264
"2033",39,6593896,3683,6597579,1535,6599114
"2034",39,6688347,1284,6689631,3934,6693565
"2035",39,6695231,2450,6697681,2768,6700449
"2036",39,6702114,1984,6704098,3234,6707332
"2037",39,6708964,2584,6711548,2634,6714182
"2038",39,6715814,1551,6717365,3667,6721032
"2039",39,6744798,2250,6747048,2968,6750016
"2040",39,6766015,2984,6768999,2234,6771233
"2041",39,6830283,1667,6831950,3551,6835501
"2042",39,6879050,2467,6881517,2751,6884268
"2043",39,6906501,1700,6908201,3518,6911719
"2044",39,6964218,1884,6966102,3334,6969436
"2045",39,7066320,2133,7068453,3085,7071538
"2046",39,7073203,1401,7074604,3817,7078421
"2047",39,7087237,2417,7089654,2801,7092455
"2048",39,7137138,1917,7139055,3301,7142356
"2049",39,7180472,4267,7184739,1016,7185755
"2050",39,7187472,1783,7189255,3435,7192690
"2051",39,7194989,1500,7196489,3718,7200207
"2052",39,7209439,4283,7213722,1017,7214739
"2053",39,7259390,1500,7260890,3718,7264608
"2054",39,7287690,1367,7289057,3851,7292908
"2055",39,7315141,5100,7320241,1017,7321258
"2056",39,7344591,1417,7346008,3801,7349809
"2057",39,7366341,5651,7371992,1016,7373008
"2058",39,7418142,4567,7422709,1017,7423726
"2059",39,7425876,3367,7429243,1851,7431094
"2060",39,7439543,1216,7440759,4002,7444761
"2061",39,7460260,1583,7461843,3635,7465478
"2062",39,7482060,1600,7483660,3618,7487278
"2063",39,7488960,2800,7491760,2418,7494178
"2064",39,7496393,4567,7500960,1017,7501977
"2065",39,7531827,2801,7534628,2417,7537045
"2066",40,10170469,1100,10171569,4118,10175687
"2067",40,10177319,967,10178286,4251,10182537
"2068",40,10287388,1583,10288971,3635,10292606
"2069",40,10295038,2017,10297055,3201,10300256
"2070",40,10303521,1417,10304938,3801,10308739
"2071",40,10317488,1201,10318689,4017,10322706
"2072",40,10325322,1617,10326939,3601,10330540
"2073",40,10346355,1801,10348156,3417,10351573
"2074",40,10374823,1200,10376023,4017,10380040
"2075",40,10382039,951,10382990,4267,10387257
"2076",40,10396573,1683,10398256,3535,10401791
"2077",40,10410540,1967,10412507,3251,10415758
"2078",40,10491491,2284,10493775,2934,10496709
"2079",40,10506808,1683,10508491,3535,10512026
"2080",40,10527875,1433,10529308,3785,10533093
"2081",40,10556325,1701,10558026,3517,10561543
"2082",40,10563175,1767,10564942,3451,10568393
"2083",40,10584292,1384,10585676,3834,10589510
"2084",40,10591143,1817,10592960,3401,10596361
"2085",40,10648310,1550,10649860,3668,10653528
"2086",40,10662994,1067,10664061,4151,10668212
"2087",40,10677311,933,10678244,4285,10682529
"2088",40,10684161,2217,10686378,3001,10689379
"2089",40,10691227,1234,10692461,3984,10696445
"2090",40,10740978,2184,10743162,3034,10746196
"2091",40,10754929,1216,10756145,4002,10760147
"2092",40,10761795,984,10762779,4234,10767013
"2093",40,10775662,1150,10776812,4068,10780880
"2094",40,10817546,1300,10818846,3918,10822764
"2095",40,10838463,1934,10840397,3284,10843681
"2096",40,10902131,1483,10903614,3735,10907349
"2097",40,10908998,1567,10910565,3651,10914216
"2098",40,10922715,1433,10924148,3785,10927933
"2099",40,10972749,1483,10974232,3734,10977966
"2100",40,10980549,4067,10984616,1151,10985767
"2101",40,11008533,1433,11009966,3785,11013751
"2102",40,11066767,1117,11067884,4101,11071985
"2103",40,11081034,2717,11083751,2501,11086252
"2104",40,11094717,1367,11096084,3851,11099935
"2105",40,11136118,1317,11137435,3901,11141336
"2106",40,11193452,1334,11194786,3884,11198670
"2107",40,11200286,1267,11201553,3951,11205504
"2108",40,11229253,1267,11230520,3951,11234471
"2109",40,11257237,867,11258104,4350,11262454
"2110",40,11277787,1600,11279387,3618,11283005
"2111",40,11295987,6684,11302671,1017,11303688
"2112",40,11305304,1300,11306604,3918,11310522
"2113",40,11325904,1017,11326921,4201,11331122
"2114",40,11332788,850,11333638,4368,11338006
"2115",40,11381605,1451,11383056,3767,11386823
"2116",40,11402239,1167,11403406,4051,11407457
"2117",40,11410072,1084,11411156,4134,11415290
"2118",40,11416939,2067,11419006,3151,11422157
"2119",40,11431023,1433,11432456,3785,11436241
"2120",40,11444756,1484,11446240,3734,11449974
"2121",40,11458690,1267,11459957,3951,11463908
"2122",40,11479207,1450,11480657,3768,11484425
"2123",40,11523374,1184,11524558,4034,11528592
"2124",40,11530241,1900,11532141,3318,11535459
"2125",41,13528156,934,13529090,4284,13533374
"2126",41,13555973,1284,13557257,3935,13561192
"2127",41,13570640,1751,13572391,3467,13575858
"2128",41,13591141,1583,13592724,3635,13596359
"2129",41,13632991,1051,13634042,4167,13638209
"2130",41,13647292,1250,13648542,3968,13652510
"2131",41,13697226,2417,13699643,2801,13702444
"2132",41,13745977,1333,13747310,3885,13751195
"2133",41,13760660,7567,13768227,1017,13769244
"2134",41,13778494,1950,13780444,3268,13783712
"2135",41,13785361,1516,13786877,3702,13790579
"2136",41,13810061,4400,13814461,1017,13815478
"2137",41,13824628,5050,13829678,1017,13830695
"2138",41,13839562,3233,13842795,1984,13844779
"2139",41,13846428,1034,13847462,4184,13851646
"2140",41,13861612,2700,13864312,2518,13866830
"2141",41,13903896,1450,13905346,3768,13909114
"2142",41,13946146,1551,13947697,3667,13951364
"2143",41,13969530,1784,13971314,3434,13974748
"2144",41,14011547,1484,14013031,3734,14016765
"2145",41,14018398,1800,14020198,3418,14023616
"2146",41,14032681,2184,14034865,3034,14037899
"2147",41,14105232,1234,14106466,3984,14110450
"2148",41,14120199,2467,14122666,2751,14125417
"2149",41,14135766,2000,14137766,3218,14140984
"2150",41,14150133,1550,14151683,3668,14155351
"2151",41,14157117,2100,14159217,3117,14162334
"2152",41,14199917,2550,14202467,2668,14205135
"2153",41,14253918,4267,14258185,1017,14259202
"2154",41,14309069,900,14309969,4318,14314287
"2155",41,14323903,1733,14325636,3485,14329121
"2156",41,14330753,1417,14332170,3801,14335971
"2157",41,14346203,1367,14347570,3851,14351421
"2158",41,14371203,2267,14373470,2951,14376421
"2159",41,14386787,1117,14387904,4101,14392005
"2160",41,14401637,1600,14403237,3618,14406855
"2161",41,14429054,1784,14430838,3434,14434272
"2162",41,14471622,1500,14473122,3718,14476840
"2163",41,14486038,1301,14487339,3918,14491257
"2164",41,14499772,1300,14501072,3918,14504990
"2165",41,14513506,1316,14514822,3902,14518724
"2166",41,14527239,1650,14528889,3568,14532457
"2167",41,14534089,1217,14535306,4001,14539307
"2168",41,14583840,3984,14587824,1234,14589058
"2169",41,14590774,2516,14593290,2701,14595991
"2170",41,14597624,1283,14598907,3935,14602842
"2171",41,14683658,1184,14684842,4034,14688876
"2172",41,14724509,1400,14725909,3818,14729727
"2173",41,14731342,2401,14733743,2817,14736560
"2174",41,14759360,1833,14761193,3385,14764578
"2175",41,14787410,1384,14788794,3834,14792628
"2176",41,14794944,1250,14796194,3968,14800162
"2177",41,14830661,1183,14831844,4035,14835879
"2178",41,14844994,801,14845795,4417,14850212
"2179",41,14884778,1600,14886378,3618,14889996
"2180",41,14899862,783,14900645,4435,14905080
"2181",41,14915345,1267,14916612,3951,14920563
"2182",41,14922229,917,14923146,4301,14927447
"2183",41,14929096,1083,14930179,4135,14934314
"2184",42,2358155,1867,2360022,3351,2363373
"2185",42,2365088,1850,2366938,3368,2370306
"2186",42,2371955,2233,2374188,2985,2377173
"2187",42,2399789,2500,2402289,2718,2405007
"2188",42,2414155,1401,2415556,3817,2419373
"2189",42,2471906,1484,2473390,3734,2477124
"2190",42,2478773,1534,2480307,3684,2483991
"2191",42,2507824,1516,2509340,3702,2513042
"2192",42,2536074,1417,2537491,3801,2541292
"2193",42,2670543,933,2671476,4285,2675761
"2194",42,2678126,1434,2679560,3784,2683344
"2195",42,2709077,1767,2710844,3451,2714295
"2196",42,2723727,1067,2724794,4151,2728945
"2197",42,2764311,1284,2765595,3934,2769529
"2198",42,2771178,1617,2772795,3601,2776396
"2199",42,2778178,1350,2779528,3868,2783396
"2200",42,2814828,817,2815645,4401,2820046
"2201",42,2843029,2767,2845796,2451,2848247
"2202",42,2870546,1300,2871846,3918,2875764
"2203",42,2877396,1150,2878546,4068,2882614
"2204",42,2907830,1500,2909330,3718,2913048
"2205",42,2932747,950,2933697,4268,2937965
"2206",42,2939630,3567,2943197,1651,2944848
"2207",42,2946630,1467,2948097,3752,2951849
"2208",42,3015065,933,3015998,4285,3020283
"2209",42,3030532,1067,3031599,4151,3035750
"2210",42,3057916,933,3058849,4285,3063134
"2211",42,3100916,900,3101816,4318,3106134
"2212",42,3107766,934,3108700,4284,3112984
"2213",42,3147284,6217,3153501,1016,3154517
"2214",42,3156134,1283,3157417,3935,3161352
"2215",42,3224318,1384,3225702,3834,3229536
"2216",42,3254469,1317,3255786,3901,3259687
"2217",42,3310003,6233,3316236,1017,3317253
"2218",42,3325970,6017,3331987,1016,3333003
"2219",42,3335787,1517,3337304,3701,3341005
"2220",42,3345337,4283,3349620,1017,3350637
"2221",42,3352520,6184,3358704,1017,3359721
"2222",42,3372387,2267,3374654,2951,3377605
"2223",42,3393271,1817,3395088,3401,3398489
"2224",42,3400138,4100,3404238,1118,3405356
"2225",42,3416571,6350,3422921,1017,3423938
"2226",42,3425838,2967,3428805,2251,3431056
"2227",42,3479022,3584,3482606,1634,3484240
"2228",42,3493039,5050,3498089,1017,3499106
"2229",42,3538773,6084,3544857,1017,3545874
"2230",42,3570040,2451,3572491,2767,3575258
"2231",42,3576907,1734,3578641,3484,3582125
"2232",42,3624891,8284,3633175,1017,3634192
"2233",42,3638341,2051,3640392,3167,3643559
"2234",42,3685525,2767,3688292,2451,3690743
"2235",42,3704759,1817,3706576,3401,3709977
"2236",42,3731060,5216,3736276,1017,3737293
"2237",42,3753227,1867,3755094,3351,3758445
"2238",42,3760077,1100,3761177,4118,3765295
"2239",42,3819078,1150,3820228,4068,3824296
"2240",42,3827244,2251,3829495,2967,3832462
"2241",42,3835011,2200,3837211,3018,3840229
"2242",42,3841878,3083,3844961,2135,3847096
"2243",43,5434620,2151,5436771,3067,5439838
"2244",43,5448370,1101,5449471,4117,5453588
"2245",43,5462137,1001,5463138,4217,5467355
"2246",43,5469004,1017,5470021,4201,5474222
"2247",43,5475871,1350,5477221,3868,5481089
"2248",43,5482738,1117,5483855,4101,5487956
"2249",43,5489588,2050,5491638,3168,5494806
"2250",43,5525255,2100,5527355,3118,5530473
"2251",43,5602473,1500,5603973,3718,5607691
"2252",43,5672624,1134,5673758,4084,5677842
"2253",43,5679474,1967,5681441,3251,5684692
"2254",43,5728242,1017,5729259,4201,5733460
"2255",43,5758292,2667,5760959,2551,5763510
"2256",43,5778876,2200,5781076,3018,5784094
"2257",43,5785743,1050,5786793,4168,5790961
"2258",43,5792609,1334,5793943,3884,5797827
"2259",43,5881794,1450,5883244,3768,5887012
"2260",43,5964079,1850,5965929,3368,5969297
"2261",43,5977812,1501,5979313,3717,5983030
"2262",43,6068564,1217,6069781,4001,6073782
"2263",43,6075414,2267,6077681,2951,6080632
"2264",43,6089148,2116,6091264,3101,6094365
"2265",43,6095998,1166,6097164,4052,6101216
"2266",43,6130932,983,6131915,4235,6136150
"2267",43,6188033,1250,6189283,3967,6193250
"2268",43,6194899,2217,6197116,3001,6200117
"2269",43,6208633,917,6209550,4301,6213851
"2270",43,6222333,1067,6223400,4151,6227551
"2271",43,6229183,1617,6230800,3601,6234401
"2272",43,6236033,1501,6237534,3717,6241251
"2273",43,6242867,1083,6243950,4135,6248085
"2274",43,6257534,1350,6258884,3868,6262752
"2275",43,6320985,1483,6322468,3735,6326203
"2276",43,6341518,1034,6342552,4184,6346736
"2277",43,6362652,1150,6363802,4068,6367870
"2278",43,6410803,733,6411536,4485,6416021
"2279",43,6417636,1250,6418886,3968,6422854
"2280",43,6438220,1033,6439253,4185,6443438
"2281",43,6445270,1334,6446604,3884,6450488
"2282",43,6458987,1233,6460220,3985,6464205
"2283",43,6472687,967,6473654,4251,6477905
"2284",43,6479554,2267,6481821,2951,6484772
"2285",43,6493287,2034,6495321,3184,6498505
"2286",43,6520721,1400,6522121,3818,6525939
"2287",43,6527571,1250,6528821,3968,6532789
"2288",43,6534438,917,6535355,4301,6539656
"2289",43,6541272,1216,6542488,4002,6546490
"2290",43,6554955,967,6555922,4251,6560173
"2291",43,6602956,1717,6604673,3501,6608174
"2292",43,6609806,1134,6610940,4084,6615024
"2293",43,6658590,1200,6659790,4018,6663808
"2294",43,6679174,1167,6680341,4051,6684392
"2295",43,6686024,1083,6687107,4135,6691242
"2296",43,6714424,1117,6715541,4101,6719642
"2297",43,6736825,1583,6738408,3635,6742043
"2298",43,6764242,1200,6765442,4018,6769460
"2299",43,6791709,1517,6793226,3701,6796927
"2300",44,9750724,4633,9755357,1017,9756374
"2301",44,9787491,2367,9789858,2851,9792709
"2302",44,9848159,3417,9851576,1801,9853377
"2303",44,9861842,2517,9864359,2701,9867060
"2304",44,9903776,1667,9905443,3551,9908994
"2305",44,9972111,3900,9976011,1318,9977329
"2306",44,10008495,1333,10009828,3885,10013713
"2307",44,10061946,1483,10063429,3735,10067164
"2308",44,10110680,1933,10112613,3285,10115898
"2309",44,10118030,2150,10120180,3068,10123248
"2310",44,10146997,1184,10148181,4034,10152215
"2311",44,10204231,4384,10208615,1017,10209632
"2312",44,10219048,3584,10222632,1634,10224266
"2313",44,10261049,1417,10262466,3801,10266267
"2314",44,10267899,1683,10269582,3535,10273117
"2315",44,10312400,4133,10316533,1085,10317618
"2316",44,10340384,2750,10343134,2467,10345601
"2317",44,10363134,1833,10364967,3385,10368352
"2318",44,10393118,2067,10395185,3151,10398336
"2319",44,10453719,1150,10454869,4068,10458937
"2320",44,10468069,1434,10469503,3784,10473287
"2321",44,10474936,2067,10477003,3151,10480154
"2322",44,10505036,3184,10508220,2034,10510254
"2323",44,10561987,1300,10563287,3918,10567205
"2324",44,10568837,2134,10570971,3084,10574055
"2325",44,10582954,1517,10584471,3701,10588172
"2326",44,10609471,1884,10611355,3334,10614689
"2327",44,10637772,1750,10639522,3468,10642990
"2328",44,10644622,1883,10646505,3335,10649840
"2329",44,10667939,1533,10669472,3685,10673157
"2330",44,10696306,1350,10697656,3868,10701524
"2331",44,10711273,2834,10714107,2384,10716491
"2332",44,10763157,4050,10767207,1168,10768375
"2333",44,10798891,1100,10799991,4118,10804109
"2334",44,10829608,1234,10830842,3984,10834826
"2335",44,10838925,1600,10840525,3618,10844143
"2336",44,10867309,1667,10868976,3551,10872527
"2337",44,10888993,1050,10890043,4168,10894211
"2338",44,10902893,1850,10904743,3368,10908111
"2339",44,10910243,1250,10911493,3968,10915461
"2340",44,10945560,1200,10946760,4018,10950778
"2341",44,10960477,1034,10961511,4184,10965695
"2342",44,11002878,867,11003745,4351,11008096
"2343",44,11040762,1183,11041945,4035,11045980
"2344",44,11048395,1067,11049462,4151,11053613
"2345",44,11057229,1217,11058446,4001,11062447
"2346",44,11070946,1750,11072696,3468,11076164
"2347",44,11085046,2717,11087763,2501,11090264
"2348",44,11098796,2267,11101063,2951,11104014
"2349",44,11180314,984,11181298,4234,11185532
"2350",44,11193998,1217,11195215,4001,11199216
